Source: Spectrum Viewer

Chart: Pulse Spectrum

Series: 
Wavelength (nm)	S (a.u.)
1179.9	0
1180.29	0
1180.68	0
1181.06	0
1181.45	0
1181.83	0
1182.22	0
1182.6	0
1182.99	0
1183.38	0
1183.76	0
1184.15	0
1184.53	0
1184.92	0
1185.3	0
1185.69	0
1186.07	0
1186.46	0
1186.85	0
1187.23	0
1187.62	0
1188	0
1188.39	0
1188.77	0
1189.16	0
1189.54	0
1189.93	0
1190.31	0
1190.7	0
1191.08	0
1191.47	0
1191.85	0
1192.24	0
1192.62	0
1193.01	0
1193.39	0
1193.78	0
1194.16	0
1194.55	0
1194.93	0
1195.32	0
1195.7	0
1196.09	0
1196.47	0
1196.86	0
1197.24	0
1197.63	0
1198.01	0
1198.4	0
1198.78	0
1199.16	0
1199.55	0
1199.93	0
1200.32	0
1200.7	0
1201.09	0
1201.47	0
1201.86	0
1202.24	0
1202.63	0
1203.01	0
1203.39	0
1203.78	0
1204.16	0
1204.55	0
1204.93	0
1205.32	0
1205.7	0
1206.08	0
1206.47	0
1206.85	0
1207.24	0
1207.62	0
1208	0
1208.39	0
1208.77	0
1209.16	0
1209.54	0
1209.92	0
1210.31	0
1210.69	0
1211.08	0
1211.46	0
1211.84	0
1212.23	0
1212.61	0
1213	0
1213.38	0
1213.76	0
1214.15	0
1214.53	0
1214.91	0
1215.3	0
1215.68	0
1216.06	0
1216.45	0
1216.83	0
1217.22	0
1217.6	0
1217.98	0
1218.37	0
1218.75	0
1219.13	0
1219.52	0
1219.9	0
1220.28	0
1220.67	0
1221.05	0
1221.43	0
1221.82	0
1222.2	0
1222.58	0
1222.97	0
1223.35	0
1223.73	0
1224.11	0
1224.5	0
1224.88	0
1225.26	0
1225.65	0
1226.03	0
1226.41	0
1226.8	0
1227.18	0
1227.56	0
1227.94	0
1228.33	0
1228.71	0
1229.09	0
1229.47	0
1229.86	0
1230.24	0
1230.62	0
1231.01	0
1231.39	0
1231.77	0
1232.15	0
1232.54	0
1232.92	0
1233.3	0
1233.68	0
1234.07	0
1234.45	0
1234.83	0
1235.21	0
1235.6	0
1235.98	0
1236.36	0
1236.74	0
1237.12	0
1237.51	0
1237.89	0
1238.27	0
1238.65	0
1239.04	0
1239.42	0
1239.8	0
1240.18	0
1240.56	0
1240.95	0
1241.33	0
1241.71	0
1242.09	0
1242.47	0
1242.86	0
1243.24	0
1243.62	0
1244	0
1244.38	0
1244.77	0
1245.15	0
1245.53	0
1245.91	0
1246.29	0
1246.67	0
1247.06	0
1247.44	0
1247.82	0
1248.2	0
1248.58	0
1248.96	0
1249.34	0
1249.73	0
1250.11	0
1250.49	0
1250.87	0
1251.25	0
1251.63	0
1252.01	0
1252.4	0
1252.78	0
1253.16	0
1253.54	0
1253.92	0
1254.3	0
1254.68	0
1255.06	0
1255.45	0
1255.83	0
1256.21	0
1256.59	0
1256.97	0
1257.35	0
1257.73	0
1258.11	0
1258.49	0
1258.87	0
1259.26	0
1259.64	0
1260.02	0
1260.4	0
1260.78	0
1261.16	0
1261.54	0
1261.92	0
1262.3	0
1262.68	0
1263.06	0
1263.44	0
1263.82	0
1264.21	0
1264.59	0
1264.97	0
1265.35	0
1265.73	0
1266.11	0
1266.49	0
1266.87	0
1267.25	0
1267.63	0
1268.01	0
1268.39	0
1268.77	0
1269.15	0
1269.53	0
1269.91	0
1270.29	0
1270.67	0
1271.05	0
1271.43	0
1271.81	0
1272.19	0
1272.57	0
1272.95	0
1273.33	0
1273.71	0
1274.09	0
1274.47	0
1274.85	0
1275.23	0
1275.61	0
1275.99	0
1276.37	0
1276.75	0
1277.13	0
1277.51	0
1277.89	0
1278.27	0
1278.65	0
1279.03	0
1279.41	0
1279.79	0
1280.17	0
1280.55	0
1280.93	0
1281.31	0
1281.69	0
1282.07	0
1282.45	0
1282.82	0
1283.2	0
1283.58	0
1283.96	0
1284.34	0
1284.72	0
1285.1	0
1285.48	0
1285.86	0
1286.24	0
1286.62	0
1287	0
1287.38	0
1287.75	0
1288.13	0
1288.51	0
1288.89	0
1289.27	0
1289.65	0
1290.03	0
1290.41	0
1290.79	0
1291.17	0
1291.54	0
1291.92	0
1292.3	0
1292.68	0
1293.06	0
1293.44	0
1293.82	0
1294.2	0
1294.57	0
1294.95	0
1295.33	0
1295.71	0
1296.09	0
1296.47	0
1296.85	0
1297.22	0
1297.6	0
1297.98	0
1298.36	0
1298.74	0
1299.12	0
1299.5	0
1299.87	0
1300.25	0
1300.63	0
1301.01	0
1301.39	0
1301.77	0
1302.14	0
1302.52	0
1302.9	0
1303.28	0
1303.66	0
1304.03	0
1304.41	0
1304.79	0
1305.17	0
1305.55	0
1305.92	0
1306.3	0
1306.68	0
1307.06	0
1307.44	0
1307.81	0
1308.19	0
1308.57	0
1308.95	0
1309.32	0
1309.7	0
1310.08	0
1310.46	0
1310.84	0
1311.21	0
1311.59	0
1311.97	0
1312.35	0
1312.72	0
1313.1	0
1313.48	0
1313.86	0
1314.23	0
1314.61	0
1314.99	0
1315.37	0
1315.74	0
1316.12	0
1316.5	0
1316.87	0
1317.25	0
1317.63	0
1318.01	0
1318.38	0
1318.76	0
1319.14	0
1319.52	0
1319.89	0
1320.27	0
1320.65	0
1321.02	0
1321.4	0
1321.78	0
1322.15	0
1322.53	0
1322.91	0
1323.29	0
1323.66	0
1324.04	0
1324.42	0
1324.79	0
1325.17	0
1325.55	0
1325.92	0
1326.3	0
1326.68	0
1327.05	0
1327.43	0
1327.81	0
1328.18	0
1328.56	0
1328.94	0
1329.31	0
1329.69	0
1330.06	0
1330.44	0
1330.82	0
1331.19	0
1331.57	0
1331.95	0
1332.32	0
1332.7	0
1333.08	0
1333.45	0
1333.83	0
1334.2	0
1334.58	0
1334.96	0
1335.33	0
1335.71	0
1336.08	0
1336.46	0
1336.84	0
1337.21	0
1337.59	0
1337.96	0
1338.34	0
1338.72	0
1339.09	0
1339.47	0
1339.84	0
1340.22	0
1340.6	0
1340.97	0
1341.35	0
1341.72	0
1342.1	0
1342.47	0
1342.85	0
1343.23	0
1343.6	0
1343.98	0
1344.35	0
1344.73	0
1345.1	0
1345.48	0
1345.85	0
1346.23	0
1346.61	0
1346.98	0
1347.36	0
1347.73	0
1348.11	0
1348.48	0
1348.86	0
1349.23	0
1349.61	0
1349.98	0
1350.36	0
1350.73	0
1351.11	0
1351.48	0
1351.86	0
1352.23	0
1352.61	0
1352.98	0
1353.36	0
1353.73	0
1354.11	0
1354.48	0
1354.86	0
1355.23	0
1355.61	0
1355.98	0
1356.36	0
1356.73	0
1357.11	0
1357.48	0
1357.86	0
1358.23	0
1358.61	0
1358.98	0
1359.35	0
1359.73	0
1360.1	0
1360.48	0
1360.85	0
1361.23	0
1361.6	0
1361.98	0
1362.35	0
1362.72	0
1363.1	0
1363.47	0
1363.85	0
1364.22	0
1364.6	0
1364.97	0
1365.34	0
1365.72	0
1366.09	0
1366.47	0
1366.84	0
1367.22	0
1367.59	0
1367.96	0
1368.34	0
1368.71	0
1369.09	0.04
1369.46	-0.76
1369.83	-0.64
1370.21	-0.2
1370.58	-0.2
1370.96	-0.2
1371.33	0.84
1371.7	0.92
1372.08	0.48
1372.45	0.92
1372.82	1.08
1373.2	0.84
1373.57	1
1373.95	1
1374.32	0.68
1374.69	0.48
1375.07	0.48
1375.44	0.84
1375.81	0.84
1376.19	0.84
1376.56	1.08
1376.93	1.28
1377.31	0.56
1377.68	0.88
1378.05	0.8
1378.43	0.84
1378.8	0.8
1379.17	1.04
1379.55	0.96
1379.92	0.92
1380.29	0.68
1380.67	0.52
1381.04	0.28
1381.41	0.04
1381.79	0.04
1382.16	0.04
1382.53	0.2
1382.91	-0.68
1383.28	-0.28
1383.65	-0.28
1384.03	-0.32
1384.4	-0.4
1384.77	0.48
1385.14	0.24
1385.52	0.36
1385.89	0.48
1386.26	0.52
1386.64	0.76
1387.01	0.6
1387.38	0.64
1387.75	0.52
1388.13	0.64
1388.5	0.48
1388.87	0.92
1389.25	1.16
1389.62	1.04
1389.99	0.8
1390.36	0.72
1390.74	0.52
1391.11	0.36
1391.48	0.48
1391.85	0.48
1392.23	0.8
1392.6	0.68
1392.97	0.52
1393.34	1.08
1393.72	1.16
1394.09	0.92
1394.46	1
1394.83	0.92
1395.21	0.8
1395.58	0.92
1395.95	0.84
1396.32	1
1396.69	1
1397.07	0.64
1397.44	0.56
1397.81	0.56
1398.18	0.36
1398.55	0.56
1398.93	0.6
1399.3	0.52
1399.67	0.68
1400.04	0.52
1400.41	0.4
1400.79	0.28
1401.16	0.44
1401.53	0.4
1401.9	0.4
1402.27	0.36
1402.65	0.44
1403.02	0.24
1403.39	0.4
1403.76	0.2
1404.13	0.36
1404.51	0.44
1404.88	0.72
1405.25	0.84
1405.62	1.2
1405.99	1.12
1406.36	0.96
1406.74	1.08
1407.11	0.76
1407.48	0.6
1407.85	-0.2
1408.22	-0.2
1408.59	-0.6
1408.96	-0.56
1409.34	-0.56
1409.71	0.12
1410.08	0.24
1410.45	0.32
1410.82	0.24
1411.19	0.72
1411.56	0.72
1411.93	0.72
1412.31	0.68
1412.68	1
1413.05	0.52
1413.42	0.52
1413.79	0.4
1414.16	0.24
1414.53	-0.04
1414.9	-0.24
1415.27	-0.2
1415.65	-0.2
1416.02	0.12
1416.39	0.32
1416.76	0.56
1417.13	0.8
1417.5	0.92
1417.87	0.72
1418.24	0.48
1418.61	0.96
1418.98	0.68
1419.35	0.6
1419.73	0.84
1420.1	1
1420.47	0.6
1420.84	0.76
1421.21	0.76
1421.58	1.32
1421.95	1.16
1422.32	1.36
1422.69	1.36
1423.06	1.44
1423.43	0.64
1423.8	0.6
1424.17	0.28
1424.54	0.48
1424.91	0.36
1425.28	0.36
1425.65	0.48
1426.02	0.84
1426.39	0.96
1426.76	0.48
1427.14	0.52
1427.51	0.52
1427.88	0.16
1428.25	-0.28
1428.62	0.2
1428.99	0.32
1429.36	0.52
1429.73	0.52
1430.1	0.72
1430.47	0.72
1430.84	0.64
1431.21	0.32
1431.58	0.4
1431.95	0.4
1432.32	0.72
1432.69	0.68
1433.06	0.68
1433.43	0.6
1433.8	0.72
1434.17	0.56
1434.54	1
1434.91	1.12
1435.28	1.2
1435.64	0.84
1436.01	0.08
1436.38	-0.4
1436.75	-0.52
1437.12	-0.4
1437.49	-0.12
1437.86	0.48
1438.23	0.96
1438.6	0.96
1438.97	0.88
1439.34	0.6
1439.71	0.6
1440.08	0.24
1440.45	0.24
1440.82	-0.48
1441.19	-0.28
1441.56	-0.28
1441.93	-0.4
1442.3	-0.36
1442.67	-1.36
1443.03	-1.28
1443.4	-1.2
1443.77	-1.16
1444.14	-1.16
1444.51	0.68
1444.88	0.4
1445.25	0.32
1445.62	0.28
1445.99	0.32
1446.36	0.08
1446.73	0.24
1447.09	0.48
1447.46	0.64
1447.83	0.64
1448.2	0.68
1448.57	0.52
1448.94	0.28
1449.31	0.24
1449.68	0.16
1450.05	0.16
1450.41	0.48
1450.78	0.2
1451.15	0.08
1451.52	0.08
1451.89	0.32
1452.26	0.2
1452.63	0.92
1453	0.92
1453.36	1.16
1453.73	0.88
1454.1	1
1454.47	0.68
1454.84	0.68
1455.21	0.44
1455.57	0.24
1455.94	-0.08
1456.31	-0.2
1456.68	-0.04
1457.05	0.08
1457.42	0.44
1457.78	0.44
1458.15	0.52
1458.52	0.36
1458.89	0.24
1459.26	0.08
1459.63	0.08
1459.99	0.28
1460.36	0.32
1460.73	0.6
1461.1	0.84
1461.47	1
1461.83	0.84
1462.2	1.36
1462.57	1.2
1462.94	0.96
1463.31	0.8
1463.67	0.68
1464.04	-0.08
1464.41	-0.2
1464.78	-0.64
1465.15	-0.2
1465.51	-0.2
1465.88	2.22261e-18
1466.25	0.04
1466.62	0.6
1466.98	0.32
1467.35	0.4
1467.72	0.4
1468.09	0.52
1468.46	0.52
1468.82	0.36
1469.19	0.56
1469.56	0.64
1469.93	0.52
1470.29	0.88
1470.66	0.88
1471.03	1.08
1471.4	1.04
1471.76	1
1472.13	0.52
1472.5	0.72
1472.86	0.52
1473.23	0.56
1473.6	0.6
1473.97	0.72
1474.33	0.52
1474.7	0.24
1475.07	0.32
1475.44	0.28
1475.8	0.12
1476.17	0.28
1476.54	0.28
1476.9	0.16
1477.27	0.16
1477.64	0.44
1478	0.44
1478.37	0.52
1478.74	0.48
1479.11	0.48
1479.47	0.48
1479.84	0.48
1480.21	0.52
1480.57	0.68
1480.94	0.8
1481.31	0.6
1481.67	0.6
1482.04	0.68
1482.41	0.52
1482.77	0.6
1483.14	0.56
1483.51	0.4
1483.87	0.4
1484.24	0.4
1484.61	0.48
1484.97	0.48
1485.34	0.48
1485.71	-0.52
1486.07	-0.24
1486.44	-0.52
1486.81	-0.36
1487.17	-0.36
1487.54	0.44
1487.9	0.16
1488.27	0.16
1488.64	-0.2
1489	-0.16
1489.37	-0.16
1489.74	-0.04
1490.1	-0.04
1490.47	0.44
1490.83	0.4
1491.2	0.4
1491.57	0.44
1491.93	0.6
1492.3	0.32
1492.66	0.32
1493.03	0.48
1493.4	0.32
1493.76	0.28
1494.13	0.32
1494.49	0.32
1494.86	0.28
1495.23	0.32
1495.59	0.28
1495.96	-1.04
1496.32	-0.68
1496.69	-0.8
1497.06	-0.84
1497.42	-1.72
1497.79	-0.12
1498.15	-0.44
1498.52	-0.44
1498.88	-0.04
1499.25	0.76
1499.62	0.2
1499.98	0.32
1500.35	0.72
1500.71	0.48
1501.08	0.68
1501.44	0.96
1501.81	0.96
1502.17	0.84
1502.54	0.8
1502.9	0.6
1503.27	0.6
1503.64	0.68
1504	0.68
1504.37	0.84
1504.73	0.84
1505.1	0.88
1505.46	0.64
1505.83	0.36
1506.19	0.28
1506.56	0.32
1506.92	0.28
1507.29	0.6
1507.65	0.6
1508.02	0.4
1508.38	0.64
1508.75	0.76
1509.11	0.84
1509.48	1.04
1509.84	1.04
1510.21	0.96
1510.57	0.96
1510.94	0.56
1511.3	0.72
1511.67	0.76
1512.03	1.12
1512.4	1.72
1512.76	1.84
1513.13	0.56
1513.49	0.32
1513.85	0.04
1514.22	-0.2
1514.58	-0.12
1514.95	0.88
1515.31	1.16
1515.68	1.08
1516.04	0.84
1516.41	0.8
1516.77	0.72
1517.14	0.64
1517.5	0.76
1517.86	0.68
1518.23	0.52
1518.59	0.52
1518.96	0.84
1519.32	0.52
1519.69	0.64
1520.05	0.64
1520.41	0.88
1520.78	0.56
1521.14	0.92
1521.51	0.84
1521.87	1.6
1522.24	1.4
1522.6	1.48
1522.96	1.12
1523.33	0.88
1523.69	0.28
1524.06	0.24
1524.42	0.44
1524.78	0.84
1525.15	1.52
1525.51	1.76
1525.88	1.92
1526.24	1.8
1526.6	1.4
1526.97	0.84
1527.33	0.48
1527.69	0.48
1528.06	0.6
1528.42	0.72
1528.79	0.6
1529.15	-0.24
1529.51	-0.32
1529.88	-0.12
1530.24	0.36
1530.6	0.52
1530.97	1.32
1531.33	1.4
1531.69	1.08
1532.06	0.84
1532.42	0.68
1532.78	0.68
1533.15	0.64
1533.51	0.92
1533.87	0.72
1534.24	0.72
1534.6	0.76
1534.96	0.88
1535.33	0.8
1535.69	0.96
1536.05	1.24
1536.42	1.8
1536.78	1.6
1537.14	1.24
1537.51	1.12
1537.87	1.2
1538.23	0.64
1538.6	0.64
1538.96	0.64
1539.32	0.56
1539.68	0.52
1540.05	0.72
1540.41	0.76
1540.77	1.04
1541.14	1.28
1541.5	0.96
1541.86	0.84
1542.23	1
1542.59	0.72
1542.95	0.36
1543.31	0.4
1543.68	0.28
1544.04	0.16
1544.4	0.28
1544.76	0.28
1545.13	0.24
1545.49	0.24
1545.85	0.56
1546.21	0.44
1546.58	0.88
1546.94	0.88
1547.3	0.88
1547.66	0.72
1548.03	0.88
1548.39	0.44
1548.75	0.6
1549.11	1.04
1549.48	1
1549.84	1
1550.2	1.16
1550.56	1.2
1550.93	0.76
1551.29	0.72
1551.65	0.56
1552.01	0.44
1552.37	0.36
1552.74	0.36
1553.1	0.2
1553.46	0.4
1553.82	0.36
1554.18	0.24
1554.55	0.24
1554.91	0.8
1555.27	0.84
1555.63	1.2
1555.99	1.36
1556.36	1.4
1556.72	-0.8
1557.08	-1.04
1557.44	-1.16
1557.8	-1.2
1558.17	-1.12
1558.53	0.56
1558.89	0.96
1559.25	0.88
1559.61	0.76
1559.97	0.68
1560.34	0.84
1560.7	0.44
1561.06	0.88
1561.42	1.08
1561.78	1.24
1562.14	0.64
1562.5	0.72
1562.87	0.32
1563.23	0.2
1563.59	-0.4
1563.95	0.08
1564.31	0.32
1564.67	0.12
1565.03	0.04
1565.4	0.56
1565.76	0.44
1566.12	0.28
1566.48	0.36
1566.84	0.4
1567.2	0.28
1567.56	0.24
1567.92	0.44
1568.29	0.36
1568.65	0.36
1569.01	0.36
1569.37	0.2
1569.73	-0.16
1570.09	0.12
1570.45	0.52
1570.81	0.56
1571.17	0.8
1571.53	1.16
1571.89	0.92
1572.26	0.68
1572.62	0.84
1572.98	0.8
1573.34	0.44
1573.7	0.56
1574.06	0.44
1574.42	0.28
1574.78	0.08
1575.14	0.16
1575.5	0.2
1575.86	-0.6
1576.22	-0.56
1576.58	-0.2
1576.94	-0.2
1577.3	-0.04
1577.67	0.76
1578.03	0.68
1578.39	0.64
1578.75	0.68
1579.11	0.36
1579.47	0.44
1579.83	0.76
1580.19	0.64
1580.55	0.64
1580.91	0.6
1581.27	0.56
1581.63	0.32
1581.99	0.64
1582.35	0.8
1582.71	0.84
1583.07	0.88
1583.43	0.8
1583.79	0.72
1584.15	0.64
1584.51	0.64
1584.87	0.56
1585.23	0.6
1585.59	0.76
1585.95	0.68
1586.31	0.92
1586.67	1.16
1587.03	1.24
1587.39	0.84
1587.75	0.96
1588.11	0.76
1588.47	0.6
1588.83	0.64
1589.19	0.64
1589.55	0.4
1589.91	0.36
1590.27	0.48
1590.63	0.32
1590.99	0.32
1591.35	0.48
1591.71	0.56
1592.07	0.44
1592.42	0.76
1592.78	0.76
1593.14	0.76
1593.5	0.64
1593.86	0.68
1594.22	0.64
1594.58	0.72
1594.94	0.84
1595.3	0.92
1595.66	0.72
1596.02	0.64
1596.38	0.72
1596.74	0.56
1597.1	0.48
1597.46	0.48
1597.81	0.48
1598.17	0.6
1598.53	0.88
1598.89	0.92
1599.25	0.96
1599.61	0.76
1599.97	0.72
1600.33	0.48
1600.69	0.44
1601.05	0.84
1601.4	1
1601.76	0.72
1602.12	0.72
1602.48	0.92
1602.84	0.48
1603.2	0.4
1603.56	0.52
1603.92	0.36
1604.28	0.16
1604.63	0.16
1604.99	0.48
1605.35	0.76
1605.71	0.76
1606.07	0.8
1606.43	0.8
1606.79	0.44
1607.14	0.08
1607.5	0.08
1607.86	0.52
1608.22	0.6
1608.58	0.6
1608.94	0.84
1609.29	0.96
1609.65	0.28
1610.01	0.72
1610.37	0.68
1610.73	0.52
1611.09	0.84
1611.44	1.36
1611.8	1.28
1612.16	1.32
1612.52	1.48
1612.88	1.12
1613.24	0.88
1613.59	0.64
1613.95	0.6
1614.31	0.44
1614.67	0.6
1615.03	0.6
1615.38	0.64
1615.74	0.68
1616.1	0.84
1616.46	1
1616.82	1.08
1617.17	1.28
1617.53	1.24
1617.89	1
1618.25	0.92
1618.6	0.76
1618.96	0.64
1619.32	0.64
1619.68	0.96
1620.04	0.88
1620.39	0.68
1620.75	0.64
1621.11	0.68
1621.47	0.84
1621.82	0.76
1622.18	1.16
1622.54	0.96
1622.9	0.92
1623.25	-0.56
1623.61	-0.64
1623.97	-0.76
1624.33	2.22261e-18
1624.68	0.04
1625.04	1.04
1625.4	1
1625.75	0.68
1626.11	0.32
1626.47	0.28
1626.83	0.28
1627.18	0.68
1627.54	0.92
1627.9	0.68
1628.26	0.72
1628.61	0.8
1628.97	0.76
1629.33	1.08
1629.68	0.84
1630.04	1.12
1630.4	0.64
1630.75	0.44
1631.11	0.24
1631.47	0.2
1631.83	0.2
1632.18	0.88
1632.54	0.88
1632.9	1.08
1633.25	1.2
1633.61	1
1633.97	1.08
1634.32	1.04
1634.68	0.72
1635.04	0.72
1635.39	0.6
1635.75	0.24
1636.11	0.36
1636.46	0.36
1636.82	0.28
1637.18	0.36
1637.53	0.56
1637.89	0.32
1638.25	0.52
1638.6	0.88
1638.96	1.68
1639.31	1.48
1639.67	1.44
1640.03	1.44
1640.38	1.4
1640.74	0.6
1641.1	0.68
1641.45	0.8
1641.81	0.84
1642.16	0.72
1642.52	0.8
1642.88	0.72
1643.23	0.56
1643.59	0.32
1643.95	0.56
1644.3	0.68
1644.66	0.68
1645.01	0.76
1645.37	0.84
1645.73	0.6
1646.08	0.4
1646.44	0.76
1646.79	0.36
1647.15	0.28
1647.51	0.2
1647.86	0.12
1648.22	-0.24
1648.57	-0.6
1648.93	-0.44
1649.28	-0.32
1649.64	0.28
1650	0.36
1650.35	1.12
1650.71	1.08
1651.06	1.32
1651.42	1.16
1651.77	0.92
1652.13	1.04
1652.48	1.44
1652.84	0.96
1653.2	0.68
1653.55	1.32
1653.91	1.36
1654.26	0.96
1654.62	1.08
1654.97	0.92
1655.33	0.44
1655.68	0.32
1656.04	0.2
1656.39	0.12
1656.75	0.44
1657.1	0.56
1657.46	0.48
1657.81	0.48
1658.17	0.64
1658.52	0.56
1658.88	0.96
1659.23	0.96
1659.59	1
1659.94	1
1660.3	0.92
1660.65	0.72
1661.01	1.36
1661.36	1.6
1661.72	1.76
1662.07	1.84
1662.43	1.52
1662.78	1.2
1663.14	1.28
1663.49	1.04
1663.85	0.96
1664.2	0.96
1664.56	0.84
1664.91	-1
1665.27	-1.04
1665.62	-0.8
1665.98	-0.36
1666.33	-0.2
1666.69	1.96
1667.04	2.04
1667.39	2.16
1667.75	2.32
1668.1	2
1668.46	1.92
1668.81	1.88
1669.17	1.52
1669.52	0.92
1669.88	0.92
1670.23	0.96
1670.58	0.96
1670.94	1.12
1671.29	1.28
1671.65	1.92
1672	1.36
1672.36	1.52
1672.71	1.4
1673.06	1.4
1673.42	1.04
1673.77	1.32
1674.13	1.52
1674.48	1.92
1674.83	1.92
1675.19	1.92
1675.54	2
1675.9	2.4
1676.25	2.32
1676.6	3.2
1676.96	3.32
1677.31	3.68
1677.67	3
1678.02	3
1678.37	2.72
1678.73	3.48
1679.08	3.12
1679.43	3.2
1679.79	3.2
1680.14	3.2
1680.5	2.44
1680.85	2.88
1681.2	3.36
1681.56	3.44
1681.91	3.72
1682.26	3.96
1682.62	4.32
1682.97	4.52
1683.32	4.64
1683.68	4.12
1684.03	4.4
1684.38	4.6
1684.74	4.04
1685.09	4.8
1685.44	5.56
1685.8	6.4
1686.15	6.32
1686.5	7.28
1686.86	8.24
1687.21	8.76
1687.56	9.44
1687.92	9.44
1688.27	8.88
1688.62	8.88
1688.98	8.96
1689.33	7.04
1689.68	8.2
1690.03	9.04
1690.39	9.56
1690.74	9.76
1691.09	11.64
1691.45	10.96
1691.8	11.36
1692.15	10.88
1692.5	11.76
1692.86	11.44
1693.21	11.36
1693.56	11.52
1693.92	12.48
1694.27	11.56
1694.62	13.08
1694.97	14.16
1695.33	14.36
1695.68	13
1696.03	13.64
1696.38	13.68
1696.74	16.4
1697.09	15.4
1697.44	16.8
1697.79	17.84
1698.15	17.56
1698.5	14.92
1698.85	17.08
1699.2	16.12
1699.56	15.24
1699.91	15.2
1700.26	16.28
1700.61	16.56
1700.97	19.48
1701.32	20.84
1701.67	21.88
1702.02	20.72
1702.37	21.36
1702.73	19.76
1703.08	20.48
1703.43	21.12
1703.78	23.68
1704.13	23.48
1704.49	25.56
1704.84	24.64
1705.19	24.8
1705.54	23.92
1705.89	23.8
1706.25	23.32
1706.6	23.28
1706.95	22.16
1707.3	23.76
1707.65	25.12
1708.01	25.36
1708.36	27.76
1708.71	29.36
1709.06	29.08
1709.41	30.44
1709.76	30.88
1710.12	31.04
1710.47	32.44
1710.82	33.76
1711.17	33.68
1711.52	35.76
1711.87	38.04
1712.23	36.64
1712.58	37.24
1712.93	39
1713.28	37.76
1713.63	37.44
1713.98	39.48
1714.33	40.04
1714.69	39.16
1715.04	41.2
1715.39	41.92
1715.74	43.32
1716.09	45.32
1716.44	46.88
1716.79	47.92
1717.14	48
1717.5	49.08
1717.85	50.32
1718.2	52.08
1718.55	53.2
1718.9	56.52
1719.25	59.24
1719.6	59.4
1719.95	60.44
1720.3	60.8
1720.65	60.08
1721.01	60.36
1721.36	60.6
1721.71	61.24
1722.06	62.44
1722.41	64.12
1722.76	65.64
1723.11	68.88
1723.46	71.36
1723.81	75.2
1724.16	76.84
1724.51	78.68
1724.86	78.32
1725.21	80.28
1725.56	82.36
1725.92	84.64
1726.27	86.2
1726.62	88.32
1726.97	89.56
1727.32	88.68
1727.67	90.6
1728.02	91.92
1728.37	95.4
1728.72	97.8
1729.07	101.6
1729.42	104.36
1729.77	105.84
1730.12	106.72
1730.47	109.32
1730.82	111.08
1731.17	112.88
1731.52	116.2
1731.87	119
1732.22	119.92
1732.57	122.08
1732.92	123.24
1733.27	125.12
1733.62	127.04
1733.97	129.04
1734.32	131.48
1734.67	135.12
1735.02	136.44
1735.37	138.44
1735.72	140.68
1736.07	143.12
1736.42	144.44
1736.77	145.92
1737.12	148.96
1737.47	150.24
1737.82	150.52
1738.17	152.16
1738.52	153.08
1738.87	152.08
1739.22	153.4
1739.57	154.64
1739.92	155
1740.27	155.64
1740.62	157
1740.97	157.2
1741.32	156.56
1741.67	155.88
1742.02	157.56
1742.37	158.08
1742.72	159.2
1743.06	157.36
1743.41	157.84
1743.76	155.08
1744.11	152.72
1744.46	152.2
1744.81	151.44
1745.16	149.04
1745.51	149.44
1745.86	149.64
1746.21	147.48
1746.56	147.2
1746.91	146.72
1747.26	146.6
1747.6	147.12
1747.95	145.44
1748.3	143.56
1748.65	140.48
1749	136.44
1749.35	131.2
1749.7	130.12
1750.05	128.6
1750.4	129.68
1750.75	129.88
1751.09	129.96
1751.44	127.52
1751.79	128.56
1752.14	122.72
1752.49	121.16
1752.84	120.52
1753.19	115.84
1753.54	112.96
1753.88	113.72
1754.23	107.84
1754.58	107.32
1754.93	105.52
1755.28	101.64
1755.63	102.28
1755.98	101.08
1756.32	93.52
1756.67	95.16
1757.02	90.76
1757.37	86.64
1757.72	85.8
1758.07	82.52
1758.42	82.28
1758.76	82.92
1759.11	76.2
1759.46	77.48
1759.81	77.4
1760.16	69.88
1760.5	68.2
1760.85	68.64
1761.2	63.52
1761.55	61.64
1761.9	58.32
1762.25	59.36
1762.59	57.76
1762.94	53.64
1763.29	54.76
1763.64	54.64
1763.99	48.16
1764.33	43.96
1764.68	42.16
1765.03	39.08
1765.38	38.68
1765.73	36.12
1766.07	37.8
1766.42	39.76
1766.77	37.56
1767.12	37.28
1767.46	39.16
1767.81	38.52
1768.16	37.24
1768.51	35.04
1768.85	34.36
1769.2	35.24
1769.55	34.8
1769.9	35.84
1770.25	41.88
1770.59	46.44
1770.94	47.96
1771.29	49.8
1771.64	49.88
1771.98	48.72
1772.33	48.48
1772.68	49.32
1773.02	50.32
1773.37	56.44
1773.72	58.72
1774.07	59.4
1774.41	66.88
1774.76	70.64
1775.11	71.48
1775.46	75.12
1775.8	75.76
1776.15	78.12
1776.5	85.84
1776.84	87.88
1777.19	94.76
1777.54	105.28
1777.89	110.68
1778.23	118.16
1778.58	128.52
1778.93	133.56
1779.27	139.16
1779.62	140
1779.97	141.88
1780.31	147
1780.66	153.16
1781.01	161.76
1781.35	176.6
1781.7	185.84
1782.05	195.04
1782.39	207.64
1782.74	215.12
1783.09	224.64
1783.43	236.52
1783.78	243.8
1784.13	252.56
1784.47	254.12
1784.82	248.88
1785.17	253.84
1785.51	260.8
1785.86	276.68
1786.21	307.84
1786.55	332.28
1786.9	352.76
1787.25	372.08
1787.59	372.36
1787.94	369.44
1788.29	368.44
1788.63	367.24
1788.98	372.48
1789.32	372.16
1789.67	368.4
1790.02	370.28
1790.36	394.16
1790.71	441.48
1791.06	481.28
1791.4	520.24
1791.75	572.28
1792.09	599.76
1792.44	612.64
1792.79	620.96
1793.13	641.08
1793.48	651.04
1793.82	636.32
1794.17	617.68
1794.52	622.44
1794.86	596.96
1795.21	574.12
1795.55	545.64
1795.9	508.76
1796.24	588.84
1796.59	687.4
1796.94	759.76
1797.28	848.48
1797.63	902.64
1797.97	854.24
1798.32	805.72
1798.66	801.8
1799.01	814.84
1799.36	820.48
1799.7	847
1800.05	879.24
1800.39	843.84
1800.74	884.52
1801.08	1006.12
1801.43	1051.68
1801.77	1061.32
1802.12	1109.88
1802.46	1106.96
1802.81	1053.92
1803.15	1013.36
1803.5	1007.2
1803.85	973.88
1804.19	919.44
1804.54	938.28
1804.88	957.44
1805.23	939.24
1805.57	1031.44
1805.92	1145.8
1806.26	1162.64
1806.61	1160.92
1806.95	1247.32
1807.3	1341.28
1807.64	1377.12
1807.99	1393.2
1808.33	1421.56
1808.68	1353.96
1809.02	1313.6
1809.37	1359.96
1809.71	1415.8
1810.06	1472.8
1810.4	1517.56
1810.75	1428.32
1811.09	1417.64
1811.43	1523
1811.78	1645.64
1812.12	1808.12
1812.47	1950.52
1812.81	1930
1813.16	1861.28
1813.5	1784.24
1813.85	1693.4
1814.19	1660.92
1814.54	1619.76
1814.88	1528.28
1815.23	1445.44
1815.57	1340.16
1815.91	1169.32
1816.26	1147.56
1816.6	1291.28
1816.95	1378.64
1817.29	1501.4
1817.64	1712.52
1817.98	1858.56
1818.32	1919
1818.67	2011.08
1819.01	2070.68
1819.36	2086.36
1819.7	2008.48
1820.05	1886.32
1820.39	1869.84
1820.73	1852.32
1821.08	1808.8
1821.42	1820.44
1821.77	1796.12
1822.11	1629.16
1822.45	1544.16
1822.8	1556.92
1823.14	1453.96
1823.49	1417
1823.83	1655
1824.17	1860
1824.52	1948.88
1824.86	2124.84
1825.2	2196.2
1825.55	2047.44
1825.89	1859.64
1826.24	1704.8
1826.58	1723.48
1826.92	1822.6
1827.27	1869.28
1827.61	1969.48
1827.95	2079
1828.3	1969.52
1828.64	1820.32
1828.98	1717.92
1829.33	1534.44
1829.67	1556.36
1830.02	1696.24
1830.36	1772.68
1830.7	1946
1831.05	2181.64
1831.39	2162.64
1831.73	2070.88
1832.08	2083.28
1832.42	1967.76
1832.76	1855.6
1833.1	1820.32
1833.45	1746.84
1833.79	1644.92
1834.13	1629.52
1834.48	1629.32
1834.82	1614.56
1835.16	1652.24
1835.51	1663.4
1835.85	1636.24
1836.19	1609.48
1836.54	1513.56
1836.88	1401.08
1837.22	1288.72
1837.56	1187.16
1837.91	1145.12
1838.25	1248.88
1838.59	1407.2
1838.94	1522.32
1839.28	1613.68
1839.62	1597.08
1839.96	1535.16
1840.31	1399.32
1840.65	1285.92
1840.99	1189.52
1841.34	1316.96
1841.68	1435.44
1842.02	1540.64
1842.36	1678.68
1842.71	1749.52
1843.05	1555.96
1843.39	1431.16
1843.73	1482.52
1844.08	1528.4
1844.42	1657
1844.76	1858.76
1845.1	1895.88
1845.45	1763.08
1845.79	1694.72
1846.13	1643.32
1846.47	1558.28
1846.81	1492.64
1847.16	1453.48
1847.5	1446.48
1847.84	1488.84
1848.18	1543.24
1848.53	1592.68
1848.87	1660.36
1849.21	1644.96
1849.55	1542.44
1849.89	1467.6
1850.24	1419.56
1850.58	1357.6
1850.92	1316.16
1851.26	1273.88
1851.6	1238.92
1851.95	1227.8
1852.29	1214.4
1852.63	1186.2
1852.97	1167.32
1853.31	1115.32
1853.66	1048.2
1854	986.12
1854.34	934.92
1854.68	966.52
1855.02	1016.2
1855.36	1043.16
1855.71	1065.48
1856.05	1074.16
1856.39	1003.8
1856.73	912.44
1857.07	868.08
1857.41	850.52
1857.76	835.12
1858.1	826.28
1858.44	808.52
1858.78	786.6
1859.12	745.4
1859.46	711.32
1859.8	653.44
1860.15	607.6
1860.49	598
1860.83	646.72
1861.17	687.44
1861.51	704.2
1861.85	728.36
1862.19	690.16
1862.53	623.48
1862.88	588.36
1863.22	579
1863.56	571.08
1863.9	579.24
1864.24	587.96
1864.58	560.88
1864.92	541.84
1865.26	533.24
1865.6	515.28
1865.94	471
1866.29	441.04
1866.63	409.28
1866.97	375.48
1867.31	348.92
1867.65	333.44
1867.99	329.52
1868.33	315.88
1868.67	295.28
1869.01	282.88
1869.35	305.32
1869.69	338.52
1870.03	371.88
1870.37	410.04
1870.72	446.44
1871.06	422.24
1871.4	366.24
1871.74	321.08
1872.08	276.12
1872.42	267.04
1872.76	288.6
1873.1	302.8
1873.44	302.64
1873.78	297.36
1874.12	253.2
1874.46	214.28
1874.8	221.36
1875.14	247.64
1875.48	261.52
1875.82	277.4
1876.16	281.28
1876.5	266.96
1876.84	240.32
1877.18	225.44
1877.52	209.52
1877.86	182.72
1878.2	150.16
1878.54	128.48
1878.88	119.52
1879.22	109.4
1879.56	107.36
1879.9	105.08
1880.24	101.92
1880.58	104.04
1880.92	114.24
1881.26	116.64
1881.6	113.92
1881.94	111.52
1882.28	102.48
1882.62	102.6
1882.96	118.64
1883.3	131.92
1883.64	134.56
1883.98	135.52
1884.32	122.8
1884.66	96.28
1885	77.92
1885.34	73.68
1885.68	73.08
1886.02	69.72
1886.36	67.88
1886.7	64.28
1887.04	60.32
1887.38	53.6
1887.72	51.12
1888.06	48.44
1888.39	51.4
1888.73	58.08
1889.07	82.28
1889.41	99.76
1889.75	108.64
1890.09	127.88
1890.43	142.04
1890.77	123.6
1891.11	106.04
1891.45	95.36
1891.79	71.16
1892.13	50.24
1892.47	45.28
1892.8	45.92
1893.14	52.6
1893.48	60.08
1893.82	71.64
1894.16	74.24
1894.5	75
1894.84	75.64
1895.18	74.52
1895.52	69.84
1895.86	74.04
1896.19	82.44
1896.53	87.52
1896.87	96.88
1897.21	100.72
1897.55	106.56
1897.89	112.12
1898.23	128.36
1898.57	127.8
1898.9	130.92
1899.24	131.96
1899.58	130.08
1899.92	121
1900.26	123.8
1900.6	128.88
1900.94	135.36
1901.27	143.2
1901.61	148
1901.95	155.8
1902.29	164.2
1902.63	171.68
1902.97	183.4
1903.3	191.12
1903.64	199.92
1903.98	200.16
1904.32	199.84
1904.66	193.44
1905	196.16
1905.33	192.52
1905.67	196.8
1906.01	199.24
1906.35	207.52
1906.69	207.92
1907.02	210.24
1907.36	208.96
1907.7	213.8
1908.04	212.2
1908.38	220.6
1908.71	225.88
1909.05	235.76
1909.39	236.72
1909.73	241.08
1910.07	239.48
1910.4	246.4
1910.74	246.32
1911.08	254.8
1911.42	257.96
1911.76	261.64
1912.09	260.72
1912.43	267.08
1912.77	268.36
1913.11	274.6
1913.44	274.76
1913.78	277.56
1914.12	281.64
1914.46	286.92
1914.79	288.68
1915.13	293.72
1915.47	292.04
1915.81	289.6
1916.14	291.32
1916.48	294.56
1916.82	298.2
1917.16	308.28
1917.49	314.64
1917.83	317.04
1918.17	323.2
1918.5	328.36
1918.84	329.68
1919.18	331.6
1919.52	336.04
1919.85	334.24
1920.19	336.36
1920.53	341.96
1920.87	341.68
1921.2	340.36
1921.54	343.08
1921.88	342.4
1922.21	339.72
1922.55	343.76
1922.89	343.68
1923.22	340.72
1923.56	343.68
1923.9	344.44
1924.23	342.8
1924.57	344
1924.91	349.16
1925.25	344.6
1925.58	348.6
1925.92	351.56
1926.26	352.2
1926.59	345.96
1926.93	353.4
1927.27	348.8
1927.6	349.24
1927.94	348.6
1928.28	354.64
1928.61	345.48
1928.95	345
1929.29	343.56
1929.62	344.64
1929.96	340.8
1930.29	348.08
1930.63	347.72
1930.97	343.88
1931.3	346.04
1931.64	346.76
1931.98	344.32
1932.31	343.32
1932.65	344.44
1932.99	335.96
1933.32	336.2
1933.66	334.16
1933.99	332.4
1934.33	329.4
1934.67	328.32
1935	324.56
1935.34	320.08
1935.67	319.64
1936.01	315.44
1936.35	317.2
1936.68	316.84
1937.02	315.64
1937.35	316.44
1937.69	320.04
1938.03	316.08
1938.36	313.04
1938.7	315.76
1939.03	310.36
1939.37	306.56
1939.7	307.72
1940.04	305.4
1940.38	298.76
1940.71	298.6
1941.05	297.08
1941.38	293.2
1941.72	295.08
1942.05	294.48
1942.39	291.76
1942.73	290
1943.06	284.8
1943.4	277.72
1943.73	273.44
1944.07	270.48
1944.4	265.04
1944.74	264.48
1945.07	264.8
1945.41	262.6
1945.74	260.24
1946.08	262.08
1946.42	260.84
1946.75	255.72
1947.09	254.64
1947.42	252.48
1947.76	245.64
1948.09	243.72
1948.43	241.24
1948.76	237.76
1949.1	228.6
1949.43	232.48
1949.77	225.68
1950.1	222.2
1950.44	218.64
1950.77	223.84
1951.11	215.6
1951.44	215.56
1951.78	214.56
1952.11	214.44
1952.45	205.92
1952.78	204.6
1953.12	202.32
1953.45	197.6
1953.79	192.4
1954.12	195.12
1954.46	189.04
1954.79	184.2
1955.12	183
1955.46	180.64
1955.79	172.44
1956.13	168.8
1956.46	167.88
1956.8	162.92
1957.13	157.96
1957.47	157.2
1957.8	158.28
1958.14	151.12
1958.47	148.28
1958.8	146.68
1959.14	144.2
1959.47	138.08
1959.81	136.6
1960.14	131.88
1960.48	129.76
1960.81	124.84
1961.14	124
1961.48	120.4
1961.81	114.68
1962.15	108.04
1962.48	106.48
1962.82	99.32
1963.15	96.44
1963.48	97.68
1963.82	95.56
1964.15	90.56
1964.49	89.04
1964.82	87.6
1965.15	86.04
1965.49	83.84
1965.82	81.8
1966.16	82.32
1966.49	78.36
1966.82	77.28
1967.16	76.28
1967.49	73.64
1967.83	67.12
1968.16	64.2
1968.49	61.04
1968.83	56.92
1969.16	53.8
1969.49	52.24
1969.83	51.08
1970.16	46.32
1970.49	43
1970.83	43.24
1971.16	42.36
1971.5	39.28
1971.83	37.48
1972.16	37.16
1972.5	34
1972.83	31.36
1973.16	31.08
1973.5	31.92
1973.83	31.68
1974.16	31.44
1974.5	32.28
1974.83	31.04
1975.16	26.44
1975.5	23
1975.83	19.96
1976.16	16.92
1976.49	14.52
1976.83	13.6
1977.16	12.52
1977.49	12.24
1977.83	10.48
1978.16	10.24
1978.49	10.72
1978.83	9.76
1979.16	7.8
1979.49	7.12
1979.83	5.96
1980.16	5.24
1980.49	5.84
1980.82	6.76
1981.16	7.92
1981.49	7.24
1981.82	5.88
1982.15	6.4
1982.49	6.44
1982.82	5.32
1983.15	6.64
1983.49	8.12
1983.82	6.32
1984.15	5.96
1984.48	5.2
1984.82	5.84
1985.15	5.24
1985.48	5.28
1985.81	5.36
1986.15	5.76
1986.48	4.8
1986.81	5.28
1987.14	5.48
1987.48	5.56
1987.81	6.2
1988.14	5.88
1988.47	4.4
1988.81	4.4
1989.14	4.4
1989.47	3.76
1989.8	3.36
1990.13	4.12
1990.47	3.88
1990.8	3.2
1991.13	3.96
1991.46	4.4
1991.79	4.16
1992.13	3.72
1992.46	3.8
1992.79	5.4
1993.12	6.04
1993.45	6.84
1993.79	7.68
1994.12	7.36
1994.45	5.56
1994.78	4.56
1995.11	4.72
1995.45	5.4
1995.78	6.36
1996.11	7.4
1996.44	8.6
1996.77	8.52
1997.1	8.48
1997.44	8.36
1997.77	7
1998.1	6.44
1998.43	5.84
1998.76	4.68
1999.09	5.32
1999.43	5.32
1999.76	5.8
2000.09	7.92
2000.42	10.48
2000.75	11.68
2001.08	13.8
2001.41	13.48
2001.75	12.72
2002.08	13.72
2002.41	14.08
2002.74	14.28
2003.07	15.72
2003.4	18.44
2003.73	18.44
2004.06	20.24
2004.4	21.04
2004.73	22.2
2005.06	21.04
2005.39	22.12
2005.72	21.48
2006.05	21.88
2006.38	22.76
2006.71	23.84
2007.04	22.76
2007.37	22.64
2007.71	22.08
2008.04	22.12
2008.37	22.4
2008.7	23.12
2009.03	23.96
2009.36	25.2
2009.69	24.56
2010.02	23.96
2010.35	23.08
2010.68	23.8
2011.01	24.76
2011.34	24.92
2011.67	24.4
2012.01	25.92
2012.34	24.84
2012.67	23.8
2013	25
2013.33	25.44
2013.66	24.64
2013.99	23.88
2014.32	24.36
2014.65	23.16
2014.98	23.72
2015.31	24.2
2015.64	25.28
2015.97	24.36
2016.3	24.28
2016.63	24.28
2016.96	24.56
2017.29	22.56
2017.62	22.2
2017.95	22.08
2018.28	21.04
2018.61	20.56
2018.94	22.24
2019.27	23.64
2019.6	22.48
2019.93	21.24
2020.26	20.72
2020.59	19.84
2020.92	17.52
2021.25	18.04
2021.58	18
2021.91	17.16
2022.24	15.36
2022.57	14.44
2022.9	12.68
2023.23	12.28
2023.56	11.88
2023.89	12.48
2024.22	13.2
2024.55	14.16
2024.88	14.56
2025.21	14.32
2025.54	13.8
2025.87	12.84
2026.2	12.08
2026.53	11.52
2026.86	10.32
2027.19	10.16
2027.52	10.24
2027.85	9.96
2028.18	9.12
2028.51	8.72
2028.84	7.36
2029.16	6.28
2029.49	6.12
2029.82	5.92
2030.15	5.4
2030.48	5.4
2030.81	5.2
2031.14	3.44
2031.47	2.64
2031.8	3.24
2032.13	3.04
2032.46	2.32
2032.79	3.08
2033.12	3.04
2033.44	2.36
2033.77	2.08
2034.1	2.44
2034.43	1.72
2034.76	1.68
2035.09	2.44
2035.42	3.2
2035.75	2.76
2036.08	2.84
2036.41	2.68
2036.73	2.12
2037.06	1.28
2037.39	2.24
2037.72	2.64
2038.05	2.52
2038.38	2.32
2038.71	2.68
2039.04	1.16
2039.36	0.56
2039.69	0.76
2040.02	0.28
2040.35	0.12
2040.68	1.04
2041.01	1.36
2041.34	1.92
2041.66	2.56
2041.99	2.88
2042.32	3
2042.65	2.8
2042.98	2.92
2043.31	3.4
2043.63	3.16
2043.96	2.92
2044.29	3.52
2044.62	2.64
2044.95	2.04
2045.28	1.88
2045.6	1.72
2045.93	1.12
2046.26	1.52
2046.59	1.36
2046.92	1.16
2047.24	1.04
2047.57	0.8
2047.9	1
2048.23	1.72
2048.56	2.12
2048.88	2.36
2049.21	2.88
2049.54	2.32
2049.87	2.16
2050.2	1.76
2050.52	2.12
2050.85	1.88
2051.18	2.44
2051.51	2.08
2051.83	2.16
2052.16	1.56
2052.49	1.6
2052.82	1.12
2053.15	0.72
2053.47	0.8
2053.8	1.28
2054.13	1.28
2054.46	1.68
2054.78	1.72
2055.11	1.68
2055.44	1.36
2055.77	1.16
2056.09	0.8
2056.42	0.92
2056.75	1.2
2057.08	1.96
2057.4	2
2057.73	2
2058.06	2.28
2058.38	2.28
2058.71	1.36
2059.04	1.36
2059.37	1.4
2059.69	1.04
2060.02	0.76
2060.35	1.24
2060.67	1.4
2061	1.24
2061.33	1.32
2061.66	1.52
2061.98	1.48
2062.31	1.4
2062.64	1.32
2062.96	1.68
2063.29	1.48
2063.62	1.28
2063.94	1.16
2064.27	1.44
2064.6	0.8
2064.92	0.96
2065.25	0.76
2065.58	0.68
2065.91	0.68
2066.23	1.16
2066.56	1.08
2066.89	1.76
2067.21	3
2067.54	2.76
2067.87	2.44
2068.19	2.2
2068.52	1.44
2068.84	0.4
2069.17	0.56
2069.5	1.32
2069.82	1.64
2070.15	1.76
2070.48	2.16
2070.8	2.32
2071.13	2.12
2071.46	2.48
2071.78	2.72
2072.11	2.32
2072.43	2.04
2072.76	1.76
2073.09	1.4
2073.41	1.04
2073.74	1.12
2074.07	1.4
2074.39	1.6
2074.72	1.4
2075.04	1.52
2075.37	1.16
2075.7	1.24
2076.02	0.72
2076.35	1.24
2076.67	1.28
2077	1.32
2077.33	1
2077.65	1.08
2077.98	0.52
2078.3	1.04
2078.63	1.44
2078.95	1.52
2079.28	2.52
2079.61	1.84
2079.93	1.8
2080.26	1.36
2080.58	1.52
2080.91	0.96
2081.23	1.56
2081.56	0.92
2081.89	1.12
2082.21	0.92
2082.54	0.88
2082.86	0.88
2083.19	1.08
2083.51	1.48
2083.84	1.44
2084.16	1.24
2084.49	1.64
2084.81	2.08
2085.14	1.48
2085.46	1.56
2085.79	1.52
2086.12	1.4
2086.44	1.12
2086.77	1.16
2087.09	1.2
2087.42	1.08
2087.74	0.8
2088.07	0.84
2088.39	0.92
2088.72	1.08
2089.04	1.32
2089.37	1.8
2089.69	1.64
2090.02	1.52
2090.34	0.68
2090.67	0.8
2090.99	-1.64
2091.32	-1.72
2091.64	-1.52
2091.97	-0.96
2092.29	-1.36
2092.62	0.68
2092.94	0.76
2093.26	0.56
2093.59	0.4
2093.91	-0.76
2094.24	-0.6
2094.56	-0.76
2094.89	-0.72
2095.21	-0.68
2095.54	0.4
2095.86	0.28
2096.19	0.32
2096.51	0.64
2096.84	0.6
2097.16	0.64
2097.48	0.84
2097.81	0.72
2098.13	1.12
2098.46	1
2098.78	1.12
2099.11	0.8
2099.43	1.2
2099.75	0.44
2100.08	1.2
2100.4	2
2100.73	2.08
2101.05	1.68
2101.38	2
2101.7	1.52
2102.02	0.84
2102.35	0.88
2102.67	1.24
2103	0.92
2103.32	0.76
2103.64	0.6
2103.97	0.88
2104.29	0.76
2104.62	0.76
2104.94	1.32
2105.26	0.6
2105.59	0.28
2105.91	0.44
2106.23	0.68
2106.56	0.48
2106.88	1.24
2107.21	1.16
2107.53	1.04
2107.85	1.08
2108.18	0.72
2108.5	0.84
2108.82	0.84
2109.15	1.12
2109.47	1
2109.79	1.4
2110.12	1.12
2110.44	1.56
2110.76	1.2
2111.09	1.04
2111.41	0.88
2111.73	0.96
2112.06	0.6
2112.38	1.32
2112.7	0.76
2113.03	1.2
2113.35	1.64
2113.67	1.8
2114	1.6
2114.32	2.36
2114.64	1.68
2114.97	1.56
2115.29	1.6
2115.61	0.88
2115.94	1.04
2116.26	1.56
2116.58	1.36
2116.91	0.28
2117.23	0.88
2117.55	0.56
2117.87	0.12
2118.2	0.2
2118.52	1.44
2118.84	1.28
2119.17	1.56
2119.49	1.56
2119.81	1.52
2120.13	1.08
2120.46	1.52
2120.78	0.48
2121.1	0.4
2121.42	0.16
2121.75	0.2
2122.07	-0.68
2122.39	1.2
2122.72	1.48
2123.04	1.48
2123.36	1.8
2123.68	1.84
2124.01	0.76
2124.33	0.8
2124.65	0.92
2124.97	0.68
2125.29	0.84
2125.62	0.88
2125.94	0.76
2126.26	0.64
2126.58	1
2126.91	-0.16
2127.23	-0.16
2127.55	-0.24
2127.87	0.16
2128.2	-0.08
2128.52	0.96
2128.84	1.04
2129.16	1.16
2129.48	0.76
2129.81	0.76
2130.13	0.72
2130.45	1.08
2130.77	0.84
2131.09	0.84
2131.42	0.88
2131.74	0.92
2132.06	0.36
2132.38	0.44
2132.7	0.44
2133.02	0.24
2133.35	0.16
2133.67	0.16
2133.99	0.08
2134.31	-0.52
2134.63	-0.16
2134.96	-0.16
2135.28	-0.12
2135.6	0.04
2135.92	1.16
2136.24	0.72
2136.56	0.72
2136.88	0.72
2137.21	0.6
2137.53	0.32
2137.85	0.8
2138.17	0.36
2138.49	0.8
2138.81	0.96
2139.13	0.84
2139.46	0.72
2139.78	1.16
2140.1	0.96
2140.42	1.44
2140.74	1.48
2141.06	1.16
2141.38	1.64
2141.7	1.48
2142.03	0.88
2142.35	0.92
2142.67	1.16
2142.99	0.84
2143.31	0.96
2143.63	1.04
2143.95	0.84
2144.27	0.88
2144.59	1.16
2144.91	0.72
2145.24	0.56
2145.56	0.92
2145.88	0.88
2146.2	0.64
2146.52	0.84
2146.84	1.44
2147.16	1.36
2147.48	1.36
2147.8	1.52
2148.12	1.68
2148.44	1.16
2148.76	1.24
2149.08	0.96
2149.41	0.84
2149.73	0.68
2150.05	0.84
2150.37	0.48
2150.69	0.6
2151.01	0.64
2151.33	0.68
2151.65	0.48
2151.97	0.48
2152.29	0.44
2152.61	-0.2
2152.93	-0.24
2153.25	-0.16
2153.57	0.04
2153.89	0.12
2154.21	0.52
2154.53	0.52
2154.85	0.52
2155.17	0.44
2155.49	0.08
2155.81	0.08
2156.13	0.24
2156.45	0.24
2156.77	0.12
2157.09	0.68
2157.41	0.88
2157.73	1.08
2158.05	1.24
2158.37	1.64
2158.69	1.44
2159.01	1.28
2159.33	0.92
2159.65	1.08
2159.97	0.88
2160.29	1.08
2160.61	1.08
2160.93	1.08
2161.25	0.68
2161.57	0.76
2161.89	1
2162.21	0.92
2162.53	1.24
2162.85	0.64
2163.17	0.4
2163.49	-0.16
2163.81	0.32
2164.13	8.21554e-17
2164.45	5.77338e-17
2164.77	0.24
2165.08	0.56
2165.4	0.76
2165.72	0.76
2166.04	1.44
2166.36	1.96
2166.68	1.72
2167	1.08
2167.32	1.28
2167.64	1.48
2167.96	0.76
2168.28	1
2168.6	0.96
2168.92	0.88
2169.24	1.04
2169.55	1.24
2169.87	0.88
2170.19	1.2
2170.51	1.44
2170.83	1.04
2171.15	1.36
2171.47	1.6
2171.79	1.72
2172.11	1.68
2172.43	1.76
2172.74	1.56
2173.06	1.48
2173.38	1.6
2173.7	1.4
2174.02	1.64
2174.34	1.36
2174.66	1.64
2174.98	1.16
2175.29	1.48
2175.61	1.4
2175.93	1.52
2176.25	1.32
2176.57	1.32
2176.89	1.12
2177.21	1.12
2177.52	0.92
2177.84	0.84
2178.16	0.88
2178.48	0.8
2178.8	0.68
2179.12	0.68
2179.43	0.84
2179.75	-0.04
2180.07	-0.04
2180.39	-0.12
2180.71	-0.16
2181.03	-0.48
2181.34	0.28
2181.66	1
2181.98	0.92
2182.3	1.04
2182.62	1.16
2182.93	0.96
2183.25	0.12
2183.57	0.16
2183.89	0.12
2184.21	0.08
2184.52	0.36
2184.84	0.4
2185.16	0.32
2185.48	0.28
2185.8	0.2
2186.11	0.16
2186.43	0.2
2186.75	0.2
2187.07	-0.16
2187.39	-0.84
2187.7	-0.64
2188.02	-1.36
2188.34	-1.28
2188.66	-0.84
2188.97	-0.16
2189.29	-0.4
2189.61	0.28
2189.93	0.28
2190.24	0.36
2190.56	0.48
2190.88	0.88
2191.2	0.96
2191.51	1.24
2191.83	1.2
2192.15	1.24
2192.47	1
2192.78	1.16
2193.1	1.16
2193.42	1
2193.74	0.84
2194.05	0.92
2194.37	0.6
2194.69	0.52
2195	0.36
2195.32	0.36
2195.64	0.24
2195.96	0.32
2196.27	0.04
2196.59	-0.28
2196.91	-0.2
2197.22	-0.16
2197.54	-0.2
2197.86	-0.08
2198.18	0.4
2198.49	0.96
2198.81	1
2199.13	0.96
2199.44	0.84
2199.76	0.84
2200.08	0.28
2200.39	0.08
2200.71	0.36
2201.03	0.52
2201.34	0.72
2201.66	0.64
2201.98	0.64
2202.29	0.52
2202.61	0.36
2202.93	0.2
2203.24	0.2
2203.56	0.28
2203.88	0.12
2204.19	0.12
2204.51	0.16
2204.83	0.32
2205.14	0.36
2205.46	0.84
2205.78	0.96
2206.09	0.92
2206.41	0.56
2206.72	0.28
2207.04	0.4
2207.36	-0.04
2207.67	-0.08
2207.99	0.12
2208.31	0.28
2208.62	-0.28
2208.94	0.16
2209.25	0.32
2209.57	0.32
2209.89	0.76
2210.2	0.72
2210.52	0.72
2210.83	0.88
2211.15	1.08
2211.47	1.04
2211.78	1.12
2212.1	0.64
2212.41	0.4
2212.73	0.52
2213.05	0.12
2213.36	0.08
2213.68	0.44
2213.99	0.36
2214.31	0.04
2214.62	0.08
2214.94	0.48
2215.26	0.48
2215.57	0.52
2215.89	0.52
2216.2	1.04
2216.52	0.88
2216.83	0.92
2217.15	1
2217.46	1
2217.78	0.44
2218.1	0.24
2218.41	0.4
2218.73	0.28
2219.04	0.44
2219.36	0.44
2219.67	0.36
2219.99	0.24
2220.3	0.28
2220.62	0.12
2220.93	0.28
2221.25	0.44
2221.56	0.4
2221.88	0.56
2222.19	1.08
2222.51	1.68
2222.82	0.24
2223.14	0.24
2223.45	0.2
2223.77	0.08
2224.08	-0.68
2224.4	0.96
2224.71	1.6
2225.03	1.68
2225.34	1.96
2225.66	0.68
2225.97	0.48
2226.29	-0.04
2226.6	-0.12
2226.92	-0.6
2227.23	0.72
2227.55	0.68
2227.86	0.56
2228.18	0.84
2228.49	0.68
2228.81	0.76
2229.12	0.84
2229.44	1.32
2229.75	0.96
2230.07	1.08
2230.38	1
2230.69	0.92
2231.01	0.64
2231.32	0.6
2231.64	0.48
2231.95	0.48
2232.27	0.4
2232.58	0.24
2232.9	0.4
2233.21	0.36
2233.52	0.48
2233.84	0.56
2234.15	0.52
2234.47	0.6
2234.78	0.6
2235.1	0.44
2235.41	0.52
2235.72	0.52
2236.04	0.32
2236.35	0.44
2236.67	-0.04
2236.98	0.16
2237.29	0.36
2237.61	0.28
2237.92	0.32
2238.24	0.96
2238.55	0.6
2238.86	0.36
2239.18	0.48
2239.49	-0.48
2239.8	-0.64
2240.12	-0.68
2240.43	-0.68
2240.75	-0.8
2241.06	0.4
2241.37	0.4
2241.69	0.48
2242	0.48
2242.31	0.52
2242.63	0.12
2242.94	0.12
2243.26	-0.52
2243.57	-0.48
2243.88	-0.2
2244.2	0.12
2244.51	0.2
2244.82	0.8
2245.14	1.28
2245.45	1.12
2245.76	0.88
2246.08	1.16
2246.39	1.12
2246.7	0.6
2247.02	0.44
2247.33	0.44
2247.64	0.16
2247.96	0.16
2248.27	0.16
2248.58	-0.84
2248.9	-0.88
2249.21	-0.96
2249.52	-0.44
2249.83	-0.36
2250.15	0.92
2250.46	0.96
2250.77	1.04
2251.09	0.52
2251.4	0.56
2251.71	0.6
2252.03	0.8
2252.34	0.72
2252.65	0.88
2252.96	0.92
2253.28	0.76
2253.59	0.52
2253.9	0.52
2254.21	0.4
2254.53	0.6
2254.84	0.04
2255.15	0.56
2255.47	0.56
2255.78	0.52
2256.09	0.44
2256.4	1.08
2256.72	0.52
2257.03	0.56
2257.34	0.76
2257.65	0.48
2257.97	0.24
2258.28	0.32
2258.59	0.52
2258.9	0.36
2259.22	0.36
2259.53	0.52
2259.84	0.48
2260.15	0.32
2260.46	0.28
2260.78	0.28
2261.09	0.12
2261.4	0.36
2261.71	0.56
2262.03	0.56
2262.34	0.56
2262.65	0.72
2262.96	0.44
2263.27	0.32
2263.59	0.64
2263.9	0.64
2264.21	0.48
2264.52	1
2264.83	0.84
2265.15	0.56
2265.46	0.88
2265.77	1.28
2266.08	0.76
2266.39	0.76
2266.7	0.8
2267.02	0.72
2267.33	0.04
2267.64	0.24
2267.95	0.6
2268.26	0.52
2268.57	0.36
2268.89	0.68
2269.2	0.76
2269.51	0.4
2269.82	0.6
2270.13	0.56
2270.44	0.88
2270.76	0.32
2271.07	0.4
2271.38	-0.28
2271.69	-0.28
2272	-0.64
2272.31	-0.44
2272.62	-1.08
2272.93	-0.52
2273.25	-0.56
2273.56	-0.56
2273.87	-0.08
2274.18	0.48
2274.49	0.44
2274.8	0.44
2275.11	0.56
2275.42	0.16
2275.74	0.16
2276.05	0.48
2276.36	0.6
2276.67	1.16
2276.98	1.36
2277.29	1.36
2277.6	1.2
2277.91	1.28
2278.22	0.56
2278.53	0.44
2278.85	0.84
2279.16	0.24
2279.47	0.04
2279.78	0.24
2280.09	0.16
2280.4	-0.16
2280.71	0.48
2281.02	0.48
2281.33	0.32
2281.64	0.32
2281.95	0.24
2282.26	0.12
2282.57	0.6
2282.88	0.68
2283.19	0.92
2283.5	1
2283.82	0.88
2284.13	0.44
2284.44	0.76
2284.75	0.2
2285.06	0.12
2285.37	0.24
2285.68	0.2
2285.99	-0.16
2286.3	0.16
2286.61	0.16
2286.92	0.2
2287.23	0.28
2287.54	0.44
2287.85	0.44
2288.16	1.04
2288.47	0.88
2288.78	0.8
2289.09	0.8
2289.4	0.88
2289.71	0.44
2290.02	0.44
2290.33	0.72
2290.64	0.52
2290.95	0.24
2291.26	0.36
2291.57	0.36
2291.88	-0.32
2292.19	-0.32
2292.5	-0.12
2292.81	-0.4
2293.12	-0.4
2293.43	0
2293.74	0
2294.05	0
2294.36	0
2294.67	0
2294.98	0
2295.29	0
2295.6	0
2295.91	0
2296.21	0
2296.52	0
2296.83	0
2297.14	0
2297.45	0
2297.76	0
2298.07	0
2298.38	0
2298.69	0
2299	0
2299.31	0
2299.62	0
2299.93	0
2300.24	0
2300.55	0
2300.85	0
2301.16	0
2301.47	0
2301.78	0
2302.09	0
2302.4	0
2302.71	0
2303.02	0
2303.33	0
2303.64	0
2303.94	0
2304.25	0
2304.56	0
2304.87	0
2305.18	0
2305.49	0
2305.8	0
2306.11	0
2306.42	0
2306.72	0
2307.03	0
2307.34	0
2307.65	0
2307.96	0
2308.27	0
2308.58	0
2308.88	0
2309.19	0
2309.5	0
2309.81	0
2310.12	0
2310.43	0
2310.74	0
2311.04	0
2311.35	0
2311.66	0
2311.97	0
2312.28	0
2312.59	0
2312.89	0
2313.2	0
2313.51	0
2313.82	0
2314.13	0
2314.43	0
2314.74	0
2315.05	0
2315.36	0
2315.67	0
2315.97	0
2316.28	0
2316.59	0
2316.9	0
2317.21	0
2317.51	0
2317.82	0
2318.13	0
2318.44	0
2318.75	0
2319.05	0
2319.36	0
2319.67	0
2319.98	0
2320.28	0
2320.59	0
2320.9	0
2321.21	0
2321.51	0
2321.82	0
2322.13	0
2322.44	0
2322.74	0
2323.05	0
2323.36	0
2323.67	0
2323.97	0
2324.28	0
2324.59	0
2324.9	0
2325.2	0
2325.51	0
2325.82	0
2326.13	0
2326.43	0
2326.74	0
2327.05	0
2327.35	0
2327.66	0
2327.97	0
2328.27	0
2328.58	0
2328.89	0
2329.2	0
2329.5	0
2329.81	0
2330.12	0
2330.42	0
2330.73	0
2331.04	0
2331.34	0
2331.65	0
2331.96	0
2332.26	0
2332.57	0
2332.88	0
2333.18	0
2333.49	0
2333.8	0
2334.1	0
2334.41	0
2334.72	0
2335.02	0
2335.33	0
2335.64	0
2335.94	0
2336.25	0
2336.56	0
2336.86	0
2337.17	0
2337.48	0
2337.78	0
2338.09	0
2338.39	0
2338.7	0
2339.01	0
2339.31	0
2339.62	0
2339.93	0
2340.23	0
2340.54	0
2340.84	0
2341.15	0
2341.46	0
2341.76	0
2342.07	0
2342.37	0
2342.68	0
2342.99	0
2343.29	0
2343.6	0
2343.9	0
2344.21	0
2344.51	0
2344.82	0
2345.13	0
2345.43	0
2345.74	0
2346.04	0
2346.35	0
2346.65	0
2346.96	0
2347.27	0
2347.57	0
2347.88	0
2348.18	0
2348.49	0
2348.79	0
2349.1	0
2349.4	0
2349.71	0
2350.01	0
2350.32	0
2350.63	0
2350.93	0
2351.24	0
2351.54	0
2351.85	0
2352.15	0
2352.46	0
2352.76	0
2353.07	0
2353.37	0
2353.68	0
2353.98	0
2354.29	0
2354.59	0
2354.9	0
2355.2	0
2355.51	0
2355.81	0
2356.12	0
2356.42	0
2356.73	0
2357.03	0
2357.34	0
2357.64	0
2357.95	0
2358.25	0
2358.55	0
2358.86	0
2359.16	0
2359.47	0
2359.77	0
2360.08	0
2360.38	0
2360.69	0
2360.99	0
2361.3	0
2361.6	0
2361.9	0
2362.21	0
2362.51	0
2362.82	0
2363.12	0
2363.43	0
2363.73	0
2364.04	0
2364.34	0
2364.64	0
2364.95	0
2365.25	0
2365.56	0
2365.86	0
2366.16	0
2366.47	0
2366.77	0
2367.08	0
2367.38	0
2367.68	0
2367.99	0
2368.29	0
2368.6	0
2368.9	0
2369.2	0
2369.51	0
2369.81	0
2370.12	0
2370.42	0
2370.72	0
2371.03	0
2371.33	0
2371.63	0
2371.94	0
2372.24	0
2372.55	0
2372.85	0
2373.15	0
2373.46	0
2373.76	0
2374.06	0
2374.37	0
2374.67	0
2374.97	0
2375.28	0
2375.58	0
2375.88	0
2376.19	0
2376.49	0
2376.79	0
2377.1	0
2377.4	0
2377.7	0
2378.01	0
2378.31	0
2378.61	0
2378.92	0
2379.22	0
2379.52	0
2379.82	0
2380.13	0
2380.43	0
2380.73	0
2381.04	0
2381.34	0
2381.64	0
2381.95	0
2382.25	0
2382.55	0
2382.85	0
2383.16	0
2383.46	0
2383.76	0
2384.06	0
2384.37	0
2384.67	0
2384.97	0
2385.28	0
2385.58	0
2385.88	0
2386.18	0
2386.49	0
2386.79	0
2387.09	0
2387.39	0
2387.69	0
2388	0
2388.3	0
2388.6	0
2388.9	0
2389.21	0
2389.51	0
2389.81	0
2390.11	0
2390.42	0
2390.72	0
2391.02	0
2391.32	0
2391.62	0
2391.93	0
2392.23	0
2392.53	0
2392.83	0
2393.13	0
2393.44	0
2393.74	0
2394.04	0
2394.34	0
2394.64	0
2394.95	0
2395.25	0
2395.55	0
2395.85	0
2396.15	0
2396.45	0
2396.76	0
2397.06	0
2397.36	0
2397.66	0
2397.96	0
2398.26	0
2398.57	0
2398.87	0
2399.17	0
2399.47	0
2399.77	0
2400.07	0
2400.37	0
2400.68	0
2400.98	0
2401.28	0
2401.58	0
2401.88	0
2402.18	0
2402.48	0
2402.79	0
2403.09	0
2403.39	0
2403.69	0
2403.99	0
2404.29	0
2404.59	0
2404.89	0
2405.19	0
2405.5	0
2405.8	0
2406.1	0
2406.4	0
2406.7	0
2407	0
2407.3	0
2407.6	0
2407.9	0
2408.2	0
2408.5	0
2408.8	0
2409.11	0
2409.41	0
2409.71	0
2410.01	0
2410.31	0
2410.61	0
2410.91	0
2411.21	0
2411.51	0
2411.81	0
2412.11	0
2412.41	0
2412.71	0
2413.01	0
2413.31	0
2413.61	0
2413.91	0
2414.21	0
2414.51	0
2414.81	0
2415.12	0
2415.42	0
2415.72	0
2416.02	0
2416.32	0
2416.62	0
2416.92	0
2417.22	0
2417.52	0
2417.82	0
2418.12	0
2418.42	0
2418.72	0
2419.02	0
2419.32	0
2419.62	0
2419.92	0
2420.22	0
2420.52	0
2420.82	0
2421.12	0
2421.42	0
2421.71	0
2422.01	0
2422.31	0
2422.61	0
2422.91	0
2423.21	0
2423.51	0
2423.81	0
2424.11	0
2424.41	0
2424.71	0
2425.01	0
2425.31	0
2425.61	0
2425.91	0
2426.21	0
2426.51	0
2426.81	0
2427.11	0
2427.41	0
2427.7	0
2428	0
2428.3	0
2428.6	0
2428.9	0
2429.2	0
2429.5	0
2429.8	0
2430.1	0
2430.4	0
2430.7	0
2430.99	0
2431.29	0
2431.59	0
2431.89	0
2432.19	0
2432.49	0
2432.79	0
2433.09	0
2433.39	0
2433.68	0
2433.98	0
2434.28	0
2434.58	0
2434.88	0
2435.18	0
2435.48	0
2435.78	0
2436.07	0
2436.37	0
2436.67	0
2436.97	0
2437.27	0
2437.57	0
2437.86	0
2438.16	0
2438.46	0
2438.76	0
2439.06	0
2439.36	0
2439.66	0
2439.95	0
2440.25	0
2440.55	0
2440.85	0
2441.15	0
2441.44	0
2441.74	0
2442.04	0
2442.34	0
2442.64	0
2442.93	0
2443.23	0
2443.53	0
2443.83	0
2444.13	0
2444.42	0
2444.72	0
2445.02	0
2445.32	0
2445.62	0
2445.91	0
2446.21	0
2446.51	0
2446.81	0
2447.1	0
2447.4	0
2447.7	0
2448	0
2448.3	0
2448.59	0
2448.89	0
2449.19	0
2449.49	0
2449.78	0
2450.08	0
2450.38	0
2450.68	0
2450.97	0
2451.27	0
2451.57	0
2451.87	0
2452.16	0
2452.46	0
2452.76	0
2453.05	0
2453.35	0
2453.65	0
2453.95	0
2454.24	0
2454.54	0
2454.84	0
2455.13	0
2455.43	0
2455.73	0
2456.03	0
2456.32	0
2456.62	0
2456.92	0
2457.21	0
2457.51	0
2457.81	0
2458.1	0
2458.4	0
2458.7	0
2458.99	0
2459.29	0
2459.59	0
2459.88	0
2460.18	0
2460.48	0
2460.77	0
2461.07	0
2461.37	0
2461.66	0
2461.96	0
2462.26	0
2462.55	0
2462.85	0
2463.15	0
2463.44	0
2463.74	0
2464.04	0
2464.33	0
2464.63	0
2464.92	0
2465.22	0
2465.52	0
2465.81	0
2466.11	0
2466.41	0
2466.7	0
2467	0
2467.29	0
2467.59	0
2467.89	0
2468.18	0
2468.48	0
2468.77	0
2469.07	0
2469.37	0
2469.66	0
2469.96	0
2470.25	0
2470.55	0
2470.84	0
2471.14	0
2471.44	0
2471.73	0
2472.03	0
2472.32	0
2472.62	0
2472.91	0
2473.21	0
2473.51	0
2473.8	0
2474.1	0
2474.39	0
2474.69	0
2474.98	0
2475.28	0
2475.57	0
2475.87	0
2476.17	0
2476.46	0
2476.76	0
2477.05	0
2477.35	0
2477.64	0
2477.94	0
2478.23	0
2478.53	0
2478.82	0
2479.12	0
2479.41	0
2479.71	0
2480	0
2480.3	0
2480.59	0
2480.89	0
2481.18	0
2481.48	0
2481.77	0
2482.07	0
2482.36	0
2482.66	0
2482.95	0
2483.25	0
2483.54	0
2483.84	0
2484.13	0
2484.43	0
2484.72	0
2485.02	0
2485.31	0
2485.6	0
2485.9	0
2486.19	0
2486.49	0
2486.78	0
2487.08	0
2487.37	0
2487.67	0
2487.96	0
2488.26	0
2488.55	0
2488.84	0
2489.14	0
2489.43	0
2489.73	0
2490.02	0
2490.32	0
2490.61	0
2490.9	0
2491.2	0
2491.49	0
2491.79	0
2492.08	0
2492.37	0
2492.67	0
2492.96	0
2493.26	0
2493.55	0
2493.84	0
2494.14	0
2494.43	0
2494.73	0
2495.02	0
2495.31	0
2495.61	0
2495.9	0
2496.2	0
2496.49	0
2496.78	0
2497.08	0
2497.37	0
2497.66	0
2497.96	0
2498.25	0
2498.54	0
2498.84	0
2499.13	0
2499.43	0
2499.72	0
2500.01	0
2500.31	0
2500.6	0
2500.89	0
2501.19	0
2501.48	0
2501.77	0
2502.07	0
2502.36	0
2502.65	0
2502.95	0
2503.24	0
2503.53	0
2503.82	0
2504.12	0
2504.41	0
2504.7	0
2505	0
2505.29	0
2505.58	0
2505.88	0
2506.17	0
2506.46	0
2506.76	0
2507.05	0
2507.34	0
2507.63	0
2507.93	0
2508.22	0
2508.51	0
2508.8	0
2509.1	0
2509.39	0
2509.68	0
2509.98	0
2510.27	0
2510.56	0
2510.85	0
2511.15	0
2511.44	0
2511.73	0
2512.02	0
2512.32	0
2512.61	0
2512.9	0
2513.19	0
2513.49	0
2513.78	0
2514.07	0
2514.36	0
2514.65	0
2514.95	0
2515.24	0
2515.53	0
2515.82	0
2516.12	0
2516.41	0
2516.7	0
2516.99	0
2517.28	0
2517.58	0
2517.87	0
2518.16	0
2518.45	0
2518.74	0
2519.04	0
2519.33	0
2519.62	0
2519.91	0
2520.2	0
2520.5	0
2520.79	0
2521.08	0
2521.37	0
2521.66	0
2521.95	0
2522.25	0
2522.54	0
2522.83	0
2523.12	0
2523.41	0
2523.7	0
2523.99	0
2524.29	0
2524.58	0
2524.87	0
2525.16	0
2525.45	0
2525.74	0
2526.03	0
2526.33	0
2526.62	0
2526.91	0
2527.2	0
2527.49	0
2527.78	0
2528.07	0
2528.36	0
2528.66	0
2528.95	0
2529.24	0
2529.53	0
2529.82	0
2530.11	0
2530.4	0
2530.69	0
2530.98	0
2531.27	0
2531.57	0
2531.86	0
2532.15	0
2532.44	0
2532.73	0
2533.02	0
2533.31	0
2533.6	0
2533.89	0
2534.18	0
2534.47	0
2534.76	0
2535.05	0
2535.35	0
2535.64	0
2535.93	0
2536.22	0
2536.51	0
2536.8	0
2537.09	0
2537.38	0
2537.67	0
2537.96	0
2538.25	0
2538.54	0
2538.83	0
2539.12	0
2539.41	0
2539.7	0
2539.99	0
2540.28	0
2540.57	0
2540.86	0
2541.15	0
2541.44	0
2541.73	0
2542.02	0
2542.31	0
2542.6	0
2542.89	0
2543.18	0
2543.47	0
2543.76	0
2544.05	0
2544.34	0
2544.63	0
2544.92	0
2545.21	0
2545.5	0
2545.79	0
2546.08	0
2546.37	0
2546.66	0
2546.95	0
2547.24	0
2547.53	0
2547.82	0
2548.11	0
2548.4	0
2548.69	0
2548.98	0
2549.27	0
2549.55	0
2549.84	0
2550.13	0
2550.42	0
2550.71	0
2551	0
2551.29	0
2551.58	0
2551.87	0
2552.16	0
2552.45	0
2552.74	0
2553.03	0
2553.31	0
2553.6	0
2553.89	0
2554.18	0
2554.47	0
2554.76	0
2555.05	0
2555.34	0
2555.63	0
2555.92	0
2556.2	0
2556.49	0
2556.78	0
2557.07	0
2557.36	0
2557.65	0
2557.94	0
2558.23	0
2558.51	0
2558.8	0
2559.09	0
2559.38	0
2559.67	0
2559.96	0
2560.25	0
2560.53	0
2560.82	0
2561.11	0
2561.4	0
2561.69	0
2561.98	0
2562.27	0
2562.55	0
2562.84	0
2563.13	0
2563.42	0
2563.71	0
2564	0
2564.28	0
2564.57	0
2564.86	0
2565.15	0
2565.44	0
2565.72	0
2566.01	0
2566.3	0
2566.59	0
2566.88	0
2567.16	0
2567.45	0
2567.74	0
2568.03	0
2568.32	0
2568.6	0
2568.89	0
2569.18	0
2569.47	0
2569.75	0

