Source: Spectrum Viewer

Chart: Pulse Spectrum

Series: 
Wavelength (nm)	S (a.u.)
1179.9	0
1180.29	0
1180.68	0
1181.06	0
1181.45	0
1181.83	0
1182.22	0
1182.6	0
1182.99	0
1183.38	0
1183.76	0
1184.15	0
1184.53	0
1184.92	0
1185.3	0
1185.69	0
1186.07	0
1186.46	0
1186.85	0
1187.23	0
1187.62	0
1188	0
1188.39	0
1188.77	0
1189.16	0
1189.54	0
1189.93	0
1190.31	0
1190.7	0
1191.08	0
1191.47	0
1191.85	0
1192.24	0
1192.62	0
1193.01	0
1193.39	0
1193.78	0
1194.16	0
1194.55	0
1194.93	0
1195.32	0
1195.7	0
1196.09	0
1196.47	0
1196.86	0
1197.24	0
1197.63	0
1198.01	0
1198.4	0
1198.78	0
1199.16	0
1199.55	0
1199.93	0
1200.32	0
1200.7	0
1201.09	0
1201.47	0
1201.86	0
1202.24	0
1202.63	0
1203.01	0
1203.39	0
1203.78	0
1204.16	0
1204.55	0
1204.93	0
1205.32	0
1205.7	0
1206.08	0
1206.47	0
1206.85	0
1207.24	0
1207.62	0
1208	0
1208.39	0
1208.77	0
1209.16	0
1209.54	0
1209.92	0
1210.31	0
1210.69	0
1211.08	0
1211.46	0
1211.84	0
1212.23	0
1212.61	0
1213	0
1213.38	0
1213.76	0
1214.15	0
1214.53	0
1214.91	0
1215.3	0
1215.68	0
1216.06	0
1216.45	0
1216.83	0
1217.22	0
1217.6	0
1217.98	0
1218.37	0
1218.75	0
1219.13	0
1219.52	0
1219.9	0
1220.28	0
1220.67	0
1221.05	0
1221.43	0
1221.82	0
1222.2	0
1222.58	0
1222.97	0
1223.35	0
1223.73	0
1224.11	0
1224.5	0
1224.88	0
1225.26	0
1225.65	0
1226.03	0
1226.41	0
1226.8	0
1227.18	0
1227.56	0
1227.94	0
1228.33	0
1228.71	0
1229.09	0
1229.47	0
1229.86	0
1230.24	0
1230.62	0
1231.01	0
1231.39	0
1231.77	0
1232.15	0
1232.54	0
1232.92	0
1233.3	0
1233.68	0
1234.07	0
1234.45	0
1234.83	0
1235.21	0
1235.6	0
1235.98	0
1236.36	0
1236.74	0
1237.12	0
1237.51	0
1237.89	0
1238.27	0
1238.65	0
1239.04	0
1239.42	0
1239.8	0
1240.18	0
1240.56	0
1240.95	0
1241.33	0
1241.71	0
1242.09	0
1242.47	0
1242.86	0
1243.24	0
1243.62	0
1244	0
1244.38	0
1244.77	0
1245.15	0
1245.53	0
1245.91	0
1246.29	0
1246.67	0
1247.06	0
1247.44	0
1247.82	0
1248.2	0
1248.58	0
1248.96	0
1249.34	0
1249.73	0
1250.11	0
1250.49	0
1250.87	0
1251.25	0
1251.63	0
1252.01	0
1252.4	0
1252.78	0
1253.16	0
1253.54	0
1253.92	0
1254.3	0
1254.68	0
1255.06	0
1255.45	0
1255.83	0
1256.21	0
1256.59	0
1256.97	0
1257.35	0
1257.73	0
1258.11	0
1258.49	0
1258.87	0
1259.26	0
1259.64	0
1260.02	0
1260.4	0
1260.78	0
1261.16	0
1261.54	0
1261.92	0
1262.3	0
1262.68	0
1263.06	0
1263.44	0
1263.82	0
1264.21	0
1264.59	0
1264.97	0
1265.35	0
1265.73	0
1266.11	0
1266.49	0
1266.87	0
1267.25	0
1267.63	0
1268.01	0
1268.39	0
1268.77	0
1269.15	0
1269.53	0
1269.91	0
1270.29	0
1270.67	0
1271.05	0
1271.43	0
1271.81	0
1272.19	0
1272.57	0
1272.95	0
1273.33	0
1273.71	0
1274.09	0
1274.47	0
1274.85	0
1275.23	0
1275.61	0
1275.99	0
1276.37	0
1276.75	0
1277.13	0
1277.51	0
1277.89	0
1278.27	0
1278.65	0
1279.03	0
1279.41	0
1279.79	0
1280.17	0
1280.55	0
1280.93	0
1281.31	0
1281.69	0
1282.07	0
1282.45	0
1282.82	0
1283.2	0
1283.58	0
1283.96	0
1284.34	0
1284.72	0
1285.1	0
1285.48	0
1285.86	0
1286.24	0
1286.62	0
1287	0
1287.38	0
1287.75	0
1288.13	0
1288.51	0
1288.89	0
1289.27	0
1289.65	0
1290.03	0
1290.41	0
1290.79	0
1291.17	0
1291.54	0
1291.92	0
1292.3	0
1292.68	0
1293.06	0
1293.44	0
1293.82	0
1294.2	0
1294.57	0
1294.95	0
1295.33	0
1295.71	0
1296.09	0
1296.47	0
1296.85	0
1297.22	0
1297.6	0
1297.98	0
1298.36	0
1298.74	0
1299.12	0
1299.5	0
1299.87	0
1300.25	0
1300.63	0
1301.01	0
1301.39	0
1301.77	0
1302.14	0
1302.52	0
1302.9	0
1303.28	0
1303.66	0
1304.03	0
1304.41	0
1304.79	0
1305.17	0
1305.55	0
1305.92	0
1306.3	0
1306.68	0
1307.06	0
1307.44	0
1307.81	0
1308.19	0
1308.57	0
1308.95	0
1309.32	0
1309.7	0
1310.08	0
1310.46	0
1310.84	0
1311.21	0
1311.59	0
1311.97	0
1312.35	0
1312.72	0
1313.1	0
1313.48	0
1313.86	0
1314.23	0
1314.61	0
1314.99	0
1315.37	0
1315.74	0
1316.12	0
1316.5	0
1316.87	0
1317.25	0
1317.63	0
1318.01	0
1318.38	0
1318.76	0
1319.14	0
1319.52	0
1319.89	0
1320.27	0
1320.65	0
1321.02	0
1321.4	0
1321.78	0
1322.15	0
1322.53	0
1322.91	0
1323.29	0
1323.66	0
1324.04	0
1324.42	0
1324.79	0
1325.17	0
1325.55	0
1325.92	0
1326.3	0
1326.68	0
1327.05	0
1327.43	0
1327.81	0
1328.18	0
1328.56	0
1328.94	0
1329.31	0
1329.69	0
1330.06	0
1330.44	0
1330.82	0
1331.19	0
1331.57	0
1331.95	0
1332.32	0
1332.7	0
1333.08	0
1333.45	0
1333.83	0
1334.2	0
1334.58	0
1334.96	0
1335.33	0
1335.71	0
1336.08	0
1336.46	0
1336.84	0
1337.21	0
1337.59	0
1337.96	0
1338.34	0
1338.72	0
1339.09	0
1339.47	0
1339.84	0
1340.22	0
1340.6	0
1340.97	0
1341.35	0
1341.72	0
1342.1	0
1342.47	0
1342.85	0
1343.23	0
1343.6	0
1343.98	0
1344.35	0
1344.73	0
1345.1	0
1345.48	0
1345.85	0
1346.23	0
1346.61	0
1346.98	0
1347.36	0
1347.73	0
1348.11	0
1348.48	0
1348.86	0
1349.23	0
1349.61	0
1349.98	0
1350.36	0
1350.73	0
1351.11	0
1351.48	0
1351.86	0
1352.23	0
1352.61	0
1352.98	0
1353.36	0
1353.73	0
1354.11	0
1354.48	0
1354.86	0
1355.23	0
1355.61	0
1355.98	0
1356.36	0
1356.73	0
1357.11	0
1357.48	0
1357.86	0
1358.23	0
1358.61	0
1358.98	0
1359.35	0
1359.73	0
1360.1	0
1360.48	0
1360.85	0
1361.23	0
1361.6	0
1361.98	0
1362.35	0
1362.72	0
1363.1	0
1363.47	0
1363.85	0
1364.22	0
1364.6	0
1364.97	0
1365.34	0
1365.72	0
1366.09	0
1366.47	0
1366.84	0
1367.22	0
1367.59	0
1367.96	0
1368.34	0
1368.71	0
1369.09	0.2
1369.46	-0.36
1369.83	0.16
1370.21	0.56
1370.58	0.68
1370.96	0.64
1371.33	1.24
1371.7	0.72
1372.08	0.32
1372.45	0.6
1372.82	0.52
1373.2	0.88
1373.57	0.88
1373.95	1.04
1374.32	0.76
1374.69	0.68
1375.07	0.44
1375.44	0.68
1375.81	0.52
1376.19	0.6
1376.56	0.88
1376.93	0.72
1377.31	0.48
1377.68	1
1378.05	0.8
1378.43	0.52
1378.8	0.8
1379.17	0.84
1379.55	0.56
1379.92	1
1380.29	1.32
1380.67	1.32
1381.04	1.32
1381.41	1.28
1381.79	1.04
1382.16	0.92
1382.53	0.96
1382.91	0.32
1383.28	0.16
1383.65	-0.04
1384.03	0.16
1384.4	-0.16
1384.77	0.68
1385.14	0.72
1385.52	0.88
1385.89	0.68
1386.26	1.16
1386.64	0.92
1387.01	1.12
1387.38	0.96
1387.75	0.92
1388.13	0.6
1388.5	0.64
1388.87	0.72
1389.25	0.88
1389.62	0.68
1389.99	0.88
1390.36	1.48
1390.74	1.2
1391.11	1.12
1391.48	1.2
1391.85	0.84
1392.23	0.2
1392.6	0.2
1392.97	0.12
1393.34	0.08
1393.72	0.24
1394.09	0.32
1394.46	0.28
1394.83	0.48
1395.21	0.48
1395.58	0.32
1395.95	0.24
1396.32	0.28
1396.69	0.28
1397.07	0.28
1397.44	0.4
1397.81	0.4
1398.18	0.44
1398.55	0.24
1398.93	0.24
1399.3	0.44
1399.67	0.52
1400.04	0.52
1400.41	0.56
1400.79	0.56
1401.16	0.24
1401.53	0.32
1401.9	0.2
1402.27	0.36
1402.65	0.56
1403.02	0.72
1403.39	0.56
1403.76	0.32
1404.13	0.16
1404.51	-0.04
1404.88	-0.04
1405.25	3.83028e-17
1405.62	0.28
1405.99	0.68
1406.36	0.76
1406.74	0.88
1407.11	0.84
1407.48	0.8
1407.85	-0.84
1408.22	-0.72
1408.59	-1
1408.96	-0.6
1409.34	-0.6
1409.71	0.8
1410.08	0.76
1410.45	0.96
1410.82	0.92
1411.19	0.92
1411.56	0.76
1411.93	1.2
1412.31	1
1412.68	0.92
1413.05	1.24
1413.42	1.76
1413.79	1.56
1414.16	1.72
1414.53	1.6
1414.9	1.08
1415.27	0.56
1415.65	0.32
1416.02	0.28
1416.39	0.2
1416.76	0.48
1417.13	0.48
1417.5	0.52
1417.87	0.4
1418.24	0.44
1418.61	0.44
1418.98	0.44
1419.35	0.68
1419.73	0.68
1420.1	1.36
1420.47	1.28
1420.84	1.76
1421.21	1.64
1421.58	1.8
1421.95	1.04
1422.32	1.12
1422.69	0.6
1423.06	0.32
1423.43	0.28
1423.8	0.32
1424.17	0.64
1424.54	0.68
1424.91	0.84
1425.28	0.8
1425.65	0.72
1426.02	0.72
1426.39	0.76
1426.76	-0.04
1427.14	-0.04
1427.51	0.08
1427.88	-0.24
1428.25	-0.28
1428.62	0.36
1428.99	0.28
1429.36	0.16
1429.73	0.16
1430.1	0.16
1430.47	0.16
1430.84	0.16
1431.21	0.6
1431.58	0.52
1431.95	0.68
1432.32	0.44
1432.69	0.8
1433.06	0.36
1433.43	0.44
1433.8	0.36
1434.17	0.76
1434.54	0.52
1434.91	0.72
1435.28	0.92
1435.64	0.92
1436.01	0.2
1436.38	0.12
1436.75	-6.21722e-17
1437.12	-0.28
1437.49	-0.04
1437.86	0.56
1438.23	0.6
1438.6	0.56
1438.97	0.56
1439.34	0.36
1439.71	0.28
1440.08	0.32
1440.45	0.68
1440.82	0.16
1441.19	-2.88398e-17
1441.56	-2.88398e-17
1441.93	-0.08
1442.3	-0.16
1442.67	-1
1443.03	-0.52
1443.4	-0.16
1443.77	0.04
1444.14	-0.28
1444.51	1.16
1444.88	0.76
1445.25	0.6
1445.62	0.36
1445.99	0.44
1446.36	0.56
1446.73	0.6
1447.09	0.4
1447.46	0.52
1447.83	0.44
1448.2	0.6
1448.57	0.32
1448.94	0.4
1449.31	0.32
1449.68	0.52
1450.05	0.16
1450.41	0.32
1450.78	-0.04
1451.15	-0.04
1451.52	0.12
1451.89	0.28
1452.26	0.28
1452.63	0.64
1453	0.84
1453.36	0.52
1453.73	0.52
1454.1	0.52
1454.47	0.56
1454.84	0.4
1455.21	0.36
1455.57	-0.2
1455.94	-0.12
1456.31	-0.16
1456.68	-0.24
1457.05	-0.16
1457.42	0.24
1457.78	0.4
1458.15	0.32
1458.52	0.32
1458.89	0.44
1459.26	0.44
1459.63	1.2
1459.99	1.2
1460.36	1.24
1460.73	1.24
1461.1	1.52
1461.47	0.52
1461.83	0.52
1462.2	0.8
1462.57	0.68
1462.94	0.92
1463.31	1.12
1463.67	1.2
1464.04	0.68
1464.41	0.84
1464.78	-0.28
1465.15	-0.4
1465.51	-0.48
1465.88	-0.24
1466.25	-0.32
1466.62	0.32
1466.98	0.52
1467.35	0.8
1467.72	0.92
1468.09	0.76
1468.46	0.92
1468.82	0.72
1469.19	0.44
1469.56	0.36
1469.93	0.36
1470.29	0.32
1470.66	0.28
1471.03	0.36
1471.4	0.36
1471.76	0.36
1472.13	0.36
1472.5	0.36
1472.86	1
1473.23	0.92
1473.6	0.92
1473.97	0.76
1474.33	1.04
1474.7	0.64
1475.07	0.64
1475.44	0.64
1475.8	0.64
1476.17	0.32
1476.54	0.28
1476.9	0.28
1477.27	0.32
1477.64	0.56
1478	0.56
1478.37	0.32
1478.74	0.36
1479.11	0.6
1479.47	0.44
1479.84	0.44
1480.21	0.4
1480.57	0.56
1480.94	0.64
1481.31	0.8
1481.67	0.88
1482.04	0.88
1482.41	0.96
1482.77	0.64
1483.14	0.56
1483.51	0.48
1483.87	1.52
1484.24	1.72
1484.61	1.88
1484.97	1.76
1485.34	1.96
1485.71	-0.08
1486.07	-0.2
1486.44	-0.4
1486.81	0.08
1487.17	3.44166e-17
1487.54	1.12
1487.9	0.76
1488.27	0.92
1488.64	0.32
1489	0.36
1489.37	0.36
1489.74	0.4
1490.1	0.44
1490.47	0.52
1490.83	0.36
1491.2	0.32
1491.57	0.28
1491.93	0.16
1492.3	0.16
1492.66	0.6
1493.03	0.76
1493.4	1.24
1493.76	1.4
1494.13	1.44
1494.49	1
1494.86	0.88
1495.23	0.44
1495.59	0.6
1495.96	-0.76
1496.32	-0.08
1496.69	-0.16
1497.06	0.08
1497.42	-1.04
1497.79	0.28
1498.15	-0.36
1498.52	-0.32
1498.88	-0.6
1499.25	0.24
1499.62	-0.12
1499.98	0.12
1500.35	0.08
1500.71	0.48
1501.08	0.36
1501.44	0.72
1501.81	0.8
1502.17	1
1502.54	0.96
1502.9	1.28
1503.27	1.44
1503.64	1.2
1504	1.04
1504.37	0.96
1504.73	0.64
1505.1	0.48
1505.46	0.52
1505.83	0.44
1506.19	0.24
1506.56	0.36
1506.92	0.36
1507.29	0.24
1507.65	0.44
1508.02	0.76
1508.38	0.64
1508.75	0.84
1509.11	1.28
1509.48	1.36
1509.84	0.96
1510.21	0.96
1510.57	1
1510.94	0.52
1511.3	0.28
1511.67	0.6
1512.03	0.88
1512.4	0.92
1512.76	0.96
1513.13	0.28
1513.49	-0.24
1513.85	-0.52
1514.22	-0.8
1514.58	-0.64
1514.95	0.12
1515.31	0.68
1515.68	0.68
1516.04	0.72
1516.41	0.92
1516.77	0.8
1517.14	0.6
1517.5	0.64
1517.86	0.6
1518.23	0.72
1518.59	0.88
1518.96	0.88
1519.32	0.88
1519.69	1.12
1520.05	0.8
1520.41	0.64
1520.78	0.88
1521.14	0.96
1521.51	0.84
1521.87	0.92
1522.24	1.16
1522.6	0.88
1522.96	1.08
1523.33	1.08
1523.69	0.8
1524.06	0.8
1524.42	0.72
1524.78	0.72
1525.15	0.76
1525.51	0.76
1525.88	0.72
1526.24	0.68
1526.6	0.36
1526.97	0.28
1527.33	0.44
1527.69	0.48
1528.06	0.48
1528.42	0.48
1528.79	0.72
1529.15	-0.24
1529.51	-0.36
1529.88	-0.36
1530.24	-0.04
1530.6	-0.36
1530.97	0.44
1531.33	0.32
1531.69	0.52
1532.06	0.4
1532.42	0.64
1532.78	0.64
1533.15	1.08
1533.51	0.96
1533.87	1.12
1534.24	0.88
1534.6	1.08
1534.96	0.64
1535.33	0.64
1535.69	0.28
1536.05	0.68
1536.42	1.04
1536.78	1.04
1537.14	1.04
1537.51	1.12
1537.87	0.92
1538.23	0.6
1538.6	0.64
1538.96	0.68
1539.32	0.6
1539.68	0.6
1540.05	0.72
1540.41	0.84
1540.77	0.72
1541.14	0.72
1541.5	1
1541.86	0.64
1542.23	0.48
1542.59	0.48
1542.95	0.52
1543.31	0.04
1543.68	0.04
1544.04	0.2
1544.4	0.2
1544.76	0.32
1545.13	0.52
1545.49	0.52
1545.85	0.36
1546.21	0.36
1546.58	0.48
1546.94	0.28
1547.3	0.4
1547.66	0.44
1548.03	0.44
1548.39	0.2
1548.75	0.44
1549.11	0.4
1549.48	0.44
1549.84	0.64
1550.2	0.68
1550.56	0.48
1550.93	0.48
1551.29	0.92
1551.65	0.88
1552.01	0.8
1552.37	1.04
1552.74	1.08
1553.1	0.68
1553.46	0.76
1553.82	0.76
1554.18	0.6
1554.55	0.48
1554.91	0.88
1555.27	0.68
1555.63	0.68
1555.99	0.84
1556.36	0.84
1556.72	-1.16
1557.08	-1.16
1557.44	-0.8
1557.8	-1.08
1558.17	-1.04
1558.53	0.44
1558.89	0.4
1559.25	0.24
1559.61	0.76
1559.97	0.72
1560.34	0.84
1560.7	1.08
1561.06	0.88
1561.42	0.64
1561.78	0.64
1562.14	0.16
1562.5	0.36
1562.87	0.52
1563.23	0.6
1563.59	0.28
1563.95	0.72
1564.31	0.28
1564.67	0.52
1565.03	0.2
1565.4	0.84
1565.76	1
1566.12	1.44
1566.48	1.04
1566.84	1.64
1567.2	1.84
1567.56	1.4
1567.92	1.12
1568.29	1.12
1568.65	0.48
1569.01	-0.04
1569.37	1.33221e-17
1569.73	-0.16
1570.09	-0.12
1570.45	-0.12
1570.81	-0.12
1571.17	0.2
1571.53	0.68
1571.89	0.8
1572.26	0.84
1572.62	0.84
1572.98	0.68
1573.34	0.24
1573.7	0.08
1574.06	0.04
1574.42	0.04
1574.78	-0.16
1575.14	-0.2
1575.5	-0.08
1575.86	-0.64
1576.22	-0.56
1576.58	-0.16
1576.94	-0.16
1577.3	-0.2
1577.67	0.36
1578.03	0.4
1578.39	0.32
1578.75	0.52
1579.11	0.64
1579.47	0.8
1579.83	0.8
1580.19	0.96
1580.55	0.88
1580.91	0.84
1581.27	0.68
1581.63	0.92
1581.99	0.64
1582.35	0.68
1582.71	0.96
1583.07	1.24
1583.43	0.88
1583.79	1.48
1584.15	1.32
1584.51	0.88
1584.87	1.12
1585.23	1.12
1585.59	0.52
1585.95	0.56
1586.31	0.6
1586.67	0.32
1587.03	0.32
1587.39	0.64
1587.75	0.76
1588.11	0.8
1588.47	0.76
1588.83	1.28
1589.19	1.48
1589.55	1.4
1589.91	1.48
1590.27	1.48
1590.63	1.2
1590.99	0.88
1591.35	0.8
1591.71	1.16
1592.07	1.16
1592.42	1.12
1592.78	0.92
1593.14	1.16
1593.5	0.72
1593.86	0.8
1594.22	0.6
1594.58	0.64
1594.94	0.68
1595.3	0.6
1595.66	0.6
1596.02	0.72
1596.38	0.68
1596.74	0.52
1597.1	0.64
1597.46	1.08
1597.81	1.04
1598.17	1.28
1598.53	1.4
1598.89	1.28
1599.25	0.6
1599.61	0.84
1599.97	0.76
1600.33	0.52
1600.69	0.52
1601.05	0.48
1601.4	0.4
1601.76	0.16
1602.12	0.36
1602.48	0.48
1602.84	0.52
1603.2	0.52
1603.56	0.84
1603.92	0.64
1604.28	0.8
1604.63	0.76
1604.99	0.56
1605.35	0.76
1605.71	0.96
1606.07	0.72
1606.43	0.88
1606.79	1.04
1607.14	0.6
1607.5	0.4
1607.86	0.36
1608.22	0.28
1608.58	0.16
1608.94	0.36
1609.29	0.36
1609.65	0.16
1610.01	0.16
1610.37	0.76
1610.73	0.76
1611.09	0.76
1611.44	1.12
1611.8	1.04
1612.16	0.36
1612.52	0.16
1612.88	0.24
1613.24	0.24
1613.59	0.64
1613.95	0.92
1614.31	1.12
1614.67	1.08
1615.03	1.44
1615.38	1.28
1615.74	1.28
1616.1	1.08
1616.46	1.28
1616.82	0.76
1617.17	0.52
1617.53	0.64
1617.89	1.12
1618.25	1
1618.6	1.52
1618.96	1.96
1619.32	1.92
1619.68	1.44
1620.04	1.48
1620.39	1.12
1620.75	1.28
1621.11	1
1621.47	1
1621.82	0.92
1622.18	0.84
1622.54	0.44
1622.9	0.64
1623.25	-0.12
1623.61	-0.12
1623.97	-0.2
1624.33	-0.24
1624.68	-0.16
1625.04	0.64
1625.4	0.56
1625.75	-0.04
1626.11	-0.2
1626.47	-0.16
1626.83	-0.2
1627.18	-0.04
1627.54	0.76
1627.9	1.04
1628.26	0.8
1628.61	0.88
1628.97	0.72
1629.33	0.52
1629.68	0.44
1630.04	0.4
1630.4	-0.12
1630.75	-0.12
1631.11	-0.12
1631.47	-0.52
1631.83	-0.64
1632.18	-0.2
1632.54	0.16
1632.9	0.6
1633.25	1.12
1633.61	1.24
1633.97	1.76
1634.32	1.4
1634.68	0.96
1635.04	0.68
1635.39	0.56
1635.75	0.08
1636.11	0.08
1636.46	0.24
1636.82	0.24
1637.18	0.44
1637.53	0.4
1637.89	0.6
1638.25	0.44
1638.6	0.6
1638.96	0.48
1639.31	0.48
1639.67	0.28
1640.03	0.28
1640.38	0.44
1640.74	0.6
1641.1	0.84
1641.45	1.16
1641.81	1.32
1642.16	0.96
1642.52	0.72
1642.88	0.52
1643.23	-0.28
1643.59	-0.24
1643.95	0.24
1644.3	0.4
1644.66	0.36
1645.01	0.84
1645.37	0.68
1645.73	0.8
1646.08	0.64
1646.44	1.04
1646.79	0.52
1647.15	0.52
1647.51	0.04
1647.86	0.4
1648.22	0.28
1648.57	0.52
1648.93	1.08
1649.28	1.12
1649.64	1.36
1650	1.48
1650.35	1.88
1650.71	1.4
1651.06	1.32
1651.42	0.8
1651.77	0.32
1652.13	0.28
1652.48	0.6
1652.84	0.6
1653.2	0.76
1653.55	0.88
1653.91	1.04
1654.26	0.72
1654.62	1.08
1654.97	1
1655.33	0.96
1655.68	0.84
1656.04	1.08
1656.39	0.72
1656.75	0.56
1657.1	1.12
1657.46	1.2
1657.81	1.24
1658.17	1.16
1658.52	1.92
1658.88	2.04
1659.23	2.32
1659.59	2.52
1659.94	3.32
1660.3	2.96
1660.65	3
1661.01	3.12
1661.36	3.36
1661.72	4.08
1662.07	5.08
1662.43	5.12
1662.78	5.36
1663.14	5.88
1663.49	6.08
1663.85	5.56
1664.2	4.8
1664.56	4.32
1664.91	2.28
1665.27	1.32
1665.62	0.72
1665.98	1.92
1666.33	2.68
1666.69	3.48
1667.04	4.08
1667.39	4.36
1667.75	3.44
1668.1	2.72
1668.46	3.4
1668.81	2.64
1669.17	3.24
1669.52	4
1669.88	4.12
1670.23	4.52
1670.58	4.44
1670.94	3.76
1671.29	3.36
1671.65	3.48
1672	3.32
1672.36	3.2
1672.71	2.84
1673.06	2.92
1673.42	2.8
1673.77	1.96
1674.13	2.24
1674.48	2.6
1674.83	3
1675.19	3.52
1675.54	4.12
1675.9	3.84
1676.25	4.32
1676.6	3.52
1676.96	3.2
1677.31	3.24
1677.67	3.2
1678.02	2.88
1678.37	3.28
1678.73	3.52
1679.08	3.48
1679.43	3.76
1679.79	3.4
1680.14	3.48
1680.5	2.2
1680.85	2.36
1681.2	1.88
1681.56	2.4
1681.91	1.92
1682.26	2.56
1682.62	2
1682.97	2.68
1683.32	1.88
1683.68	1.64
1684.03	1.88
1684.38	1.92
1684.74	1.36
1685.09	1.52
1685.44	1.4
1685.8	1.4
1686.15	2.08
1686.5	1.88
1686.86	2.08
1687.21	2.32
1687.56	2.44
1687.92	1.96
1688.27	2
1688.62	1.72
1688.98	2.24
1689.33	2
1689.68	1.8
1690.03	2
1690.39	2.28
1690.74	1.92
1691.09	1.52
1691.45	0.92
1691.8	0.76
1692.15	0.72
1692.5	0.68
1692.86	0.92
1693.21	1.12
1693.56	0.96
1693.92	0.76
1694.27	0.56
1694.62	0.44
1694.97	0.64
1695.33	0.68
1695.68	0.8
1696.03	0.72
1696.38	0.88
1696.74	0.64
1697.09	0.64
1697.44	0.72
1697.79	1.12
1698.15	0.8
1698.5	0.8
1698.85	1.2
1699.2	0.76
1699.56	1.2
1699.91	1.52
1700.26	1.76
1700.61	1.76
1700.97	2.72
1701.32	2.08
1701.67	2
1702.02	1.84
1702.37	1.84
1702.73	1.44
1703.08	1.36
1703.43	1.12
1703.78	1.36
1704.13	1.36
1704.49	1.28
1704.84	1.36
1705.19	2
1705.54	2.16
1705.89	1.8
1706.25	1.8
1706.6	1.6
1706.95	1
1707.3	0.88
1707.65	1.16
1708.01	1.2
1708.36	2.76
1708.71	2.84
1709.06	2.64
1709.41	2.68
1709.76	2.8
1710.12	1.8
1710.47	2.2
1710.82	2.6
1711.17	2.4
1711.52	2.24
1711.87	2.36
1712.23	2.56
1712.58	3.04
1712.93	3.72
1713.28	4.48
1713.63	4.76
1713.98	5.36
1714.33	4.96
1714.69	4.08
1715.04	3.6
1715.39	2.88
1715.74	3.04
1716.09	3.28
1716.44	4
1716.79	4.2
1717.14	4.76
1717.5	4.04
1717.85	4.48
1718.2	4.44
1718.55	4.56
1718.9	4.6
1719.25	4.52
1719.6	3.84
1719.95	4.04
1720.3	3.56
1720.65	3.28
1721.01	3.28
1721.36	4.04
1721.71	4.6
1722.06	4.56
1722.41	7.04
1722.76	8.52
1723.11	8.2
1723.46	9.64
1723.81	10.84
1724.16	9.32
1724.51	8.84
1724.86	10.4
1725.21	10.44
1725.56	9.52
1725.92	10.6
1726.27	11.56
1726.62	10.56
1726.97	9.44
1727.32	11.08
1727.67	11.24
1728.02	11.44
1728.37	12.92
1728.72	14.4
1729.07	15.28
1729.42	15.28
1729.77	16.28
1730.12	16.48
1730.47	15.88
1730.82	16.2
1731.17	16.32
1731.52	17
1731.87	17.08
1732.22	18.36
1732.57	18.6
1732.92	18.92
1733.27	18.6
1733.62	19.48
1733.97	17.88
1734.32	18
1734.67	18.6
1735.02	18
1735.37	17.96
1735.72	19.04
1736.07	19.52
1736.42	19.84
1736.77	20.08
1737.12	18.72
1737.47	19.84
1737.82	19.64
1738.17	20.68
1738.52	21.92
1738.87	22.56
1739.22	22.56
1739.57	24.16
1739.92	24.24
1740.27	24.24
1740.62	24.12
1740.97	24.68
1741.32	23.92
1741.67	23.12
1742.02	22.92
1742.37	25.92
1742.72	25.04
1743.06	23.8
1743.41	22.36
1743.76	20.72
1744.11	18.8
1744.46	17.84
1744.81	17.68
1745.16	19.28
1745.51	19.88
1745.86	18.8
1746.21	20.52
1746.56	22.04
1746.91	21.68
1747.26	21.32
1747.6	21.44
1747.95	21.72
1748.3	20.24
1748.65	19.4
1749	20.8
1749.35	21.68
1749.7	20.2
1750.05	20.04
1750.4	21
1750.75	21.16
1751.09	20.6
1751.44	23.32
1751.79	24.08
1752.14	25.6
1752.49	24.8
1752.84	23.48
1753.19	26.28
1753.54	27.24
1753.88	23.24
1754.23	26.12
1754.58	29.64
1754.93	26.16
1755.28	28.84
1755.63	33.56
1755.98	34.16
1756.32	34.96
1756.67	34.04
1757.02	35.8
1757.37	38.08
1757.72	36.16
1758.07	38.84
1758.42	44.92
1758.76	45.28
1759.11	47.6
1759.46	49.28
1759.81	51.4
1760.16	52.2
1760.5	49.88
1760.85	52.08
1761.2	57.52
1761.55	59.28
1761.9	62.8
1762.25	66.92
1762.59	72.16
1762.94	77.52
1763.29	78.96
1763.64	84.32
1763.99	92.04
1764.33	89.88
1764.68	94.84
1765.03	99.36
1765.38	103.6
1765.73	108.68
1766.07	114
1766.42	122.64
1766.77	131.24
1767.12	131.44
1767.46	139.84
1767.81	148.56
1768.16	146.48
1768.51	150.44
1768.85	158.28
1769.2	162.64
1769.55	167.92
1769.9	174.08
1770.25	184.08
1770.59	193.04
1770.94	198.28
1771.29	206.2
1771.64	218
1771.98	220.76
1772.33	224.8
1772.68	237.84
1773.02	245.4
1773.37	252.4
1773.72	269.88
1774.07	281.96
1774.41	287.24
1774.76	300.32
1775.11	301.76
1775.46	300.8
1775.8	305.6
1776.15	307.16
1776.5	314.28
1776.84	333.76
1777.19	342.56
1777.54	364.8
1777.89	387.48
1778.23	396.24
1778.58	410.72
1778.93	427.44
1779.27	429.4
1779.62	436.12
1779.97	444.68
1780.31	442.64
1780.66	447.72
1781.01	454.92
1781.35	466.72
1781.7	483
1782.05	496.32
1782.39	513.08
1782.74	528.52
1783.09	537.12
1783.43	562.76
1783.78	579
1784.13	595.56
1784.47	605.6
1784.82	600
1785.17	585.76
1785.51	596.48
1785.86	599.76
1786.21	634.04
1786.55	668.32
1786.9	705.36
1787.25	730.72
1787.59	754.64
1787.94	744.64
1788.29	751.16
1788.63	749.36
1788.98	754.48
1789.32	758.32
1789.67	753.56
1790.02	722.68
1790.36	736.96
1790.71	764.08
1791.06	784.8
1791.4	837.44
1791.75	908.24
1792.09	955.24
1792.44	995.4
1792.79	1026.84
1793.13	1059
1793.48	1108.48
1793.82	1103.12
1794.17	1084.04
1794.52	1108.8
1794.86	1067.12
1795.21	1027.52
1795.55	1000.88
1795.9	904.24
1796.24	852.68
1796.59	943.84
1796.94	1014.36
1797.28	1107.8
1797.63	1236.72
1797.97	1280.68
1798.32	1238.8
1798.66	1208.68
1799.01	1198.16
1799.36	1199.56
1799.7	1200.68
1800.05	1233.52
1800.39	1216.92
1800.74	1187.64
1801.08	1271.28
1801.43	1356.36
1801.77	1375.28
1802.12	1410.04
1802.46	1461.36
1802.81	1445.6
1803.15	1409
1803.5	1396.2
1803.85	1393.36
1804.19	1316.72
1804.54	1267.92
1804.88	1285.4
1805.23	1241.8
1805.57	1237.2
1805.92	1349.6
1806.26	1411.44
1806.61	1390.04
1806.95	1417.16
1807.3	1522.16
1807.64	1611.88
1807.99	1638.36
1808.33	1691.04
1808.68	1691.72
1809.02	1613.44
1809.37	1601.72
1809.71	1648.84
1810.06	1689.44
1810.4	1747.56
1810.75	1716.08
1811.09	1629.48
1811.43	1677.92
1811.78	1776.16
1812.12	1928.08
1812.47	2119.08
1812.81	2206.36
1813.16	2184.08
1813.5	2150.36
1813.85	2070.72
1814.19	2031.68
1814.54	2016.72
1814.88	1937.2
1815.23	1840.44
1815.57	1739.88
1815.91	1546.44
1816.26	1377.24
1816.6	1417.44
1816.95	1485
1817.29	1524.12
1817.64	1691.96
1817.98	1896.84
1818.32	2014.32
1818.67	2104.68
1819.01	2223.92
1819.36	2300.96
1819.7	2276.44
1820.05	2164.08
1820.39	2140.2
1820.73	2119.64
1821.08	2077.28
1821.42	2091.68
1821.77	2096.96
1822.11	1926.84
1822.45	1815.48
1822.8	1794.4
1823.14	1650.84
1823.49	1559.28
1823.83	1751.68
1824.17	1933.6
1824.52	2028.88
1824.86	2213.8
1825.2	2321.96
1825.55	2217.04
1825.89	2051.08
1826.24	1875.36
1826.58	1872
1826.92	1922.52
1827.27	1948.16
1827.61	2054.48
1827.95	2176.52
1828.3	2098.44
1828.64	1983.88
1828.98	1887.12
1829.33	1674.8
1829.67	1649.32
1830.02	1736.8
1830.36	1771.52
1830.7	1922.12
1831.05	2169.88
1831.39	2201.64
1831.73	2159.6
1832.08	2199.2
1832.42	2106.48
1832.76	2011.76
1833.1	1971.88
1833.45	1898.08
1833.79	1799.36
1834.13	1754.72
1834.48	1733.96
1834.82	1706.96
1835.16	1739.56
1835.51	1760.96
1835.85	1760.12
1836.19	1745.28
1836.54	1658.68
1836.88	1551.44
1837.22	1419.84
1837.56	1288.6
1837.91	1187.96
1838.25	1233.76
1838.59	1347.56
1838.94	1460.16
1839.28	1559.52
1839.62	1571.48
1839.96	1536.24
1840.31	1416.28
1840.65	1291.04
1840.99	1173.08
1841.34	1270.84
1841.68	1358.32
1842.02	1442.48
1842.36	1589.16
1842.71	1670.52
1843.05	1494.32
1843.39	1386.52
1843.73	1407.92
1844.08	1412.36
1844.42	1535.8
1844.76	1745.16
1845.1	1794.8
1845.45	1704.08
1845.79	1665.04
1846.13	1603.8
1846.47	1532.12
1846.81	1464.68
1847.16	1403.4
1847.5	1386.72
1847.84	1436.84
1848.18	1469.4
1848.53	1537.36
1848.87	1636.6
1849.21	1630.16
1849.55	1543.32
1849.89	1479.2
1850.24	1426.48
1850.58	1364.32
1850.92	1325.04
1851.26	1280.24
1851.6	1248.04
1851.95	1225.92
1852.29	1200.2
1852.63	1175.2
1852.97	1148.4
1853.31	1097.76
1853.66	1035.92
1854	968.4
1854.34	903.2
1854.68	924.04
1855.02	961.28
1855.36	980.48
1855.71	1011.08
1856.05	1036.44
1856.39	991.68
1856.73	922.04
1857.07	877.04
1857.41	856.36
1857.76	839.2
1858.1	823.96
1858.44	806.2
1858.78	798.96
1859.12	762.84
1859.46	725.96
1859.8	664.08
1860.15	607.44
1860.49	571.48
1860.83	604.04
1861.17	636.04
1861.51	649.16
1861.85	681.8
1862.19	661.08
1862.53	603.4
1862.88	572.36
1863.22	566.32
1863.56	551.88
1863.9	549.96
1864.24	558.96
1864.58	535.16
1864.92	517.12
1865.26	506.48
1865.6	500.04
1865.94	467.84
1866.29	439.04
1866.63	410.6
1866.97	379.08
1867.31	350.6
1867.65	316.96
1867.99	304.68
1868.33	291.52
1868.67	266.72
1869.01	243.36
1869.35	241.16
1869.69	261.88
1870.03	282.84
1870.37	311.68
1870.72	355.8
1871.06	370.44
1871.4	333.8
1871.74	296.6
1872.08	261.64
1872.42	228.36
1872.76	227.96
1873.1	240.52
1873.44	243.64
1873.78	242.08
1874.12	227
1874.46	189.96
1874.8	166.8
1875.14	176.08
1875.48	186.72
1875.82	194.52
1876.16	202.48
1876.5	204.4
1876.84	195.84
1877.18	187.48
1877.52	180.28
1877.86	168.64
1878.2	149.56
1878.54	123.2
1878.88	109.8
1879.22	96.16
1879.56	87.96
1879.9	77.2
1880.24	70.56
1880.58	61.36
1880.92	59.72
1881.26	60.48
1881.6	61
1881.94	57.64
1882.28	50.96
1882.62	45.88
1882.96	47
1883.3	57
1883.64	63.52
1883.98	68.4
1884.32	69.72
1884.66	60.88
1885	45.76
1885.34	34.52
1885.68	30.16
1886.02	25.48
1886.36	24.16
1886.7	21.24
1887.04	20.52
1887.38	17.48
1887.72	15.68
1888.06	12
1888.39	10.84
1888.73	10.76
1889.07	21
1889.41	30.2
1889.75	30.68
1890.09	39.56
1890.43	50.64
1890.77	46.32
1891.11	37.08
1891.45	35.76
1891.79	27.68
1892.13	18.32
1892.47	13.24
1892.8	12.2
1893.14	11.84
1893.48	13.84
1893.82	16.44
1894.16	16.64
1894.5	17.24
1894.84	19
1895.18	17.4
1895.52	13.68
1895.86	15.8
1896.19	18.12
1896.53	20.36
1896.87	25.08
1897.21	28.92
1897.55	30.04
1897.89	33.68
1898.23	41.48
1898.57	41.04
1898.9	40.28
1899.24	42.8
1899.58	41.76
1899.92	38.12
1900.26	39.16
1900.6	42.88
1900.94	43.84
1901.27	48.04
1901.61	50.24
1901.95	52.28
1902.29	55.04
1902.63	57.2
1902.97	58.12
1903.3	60.76
1903.64	64.88
1903.98	64.04
1904.32	63.8
1904.66	64.16
1905	65.96
1905.33	66.48
1905.67	73.48
1906.01	78.76
1906.35	83.72
1906.69	81.96
1907.02	82.96
1907.36	80.12
1907.7	81.56
1908.04	82.16
1908.38	86.8
1908.71	88.28
1909.05	93.56
1909.39	94.04
1909.73	93.52
1910.07	92
1910.4	93.84
1910.74	92.32
1911.08	94.92
1911.42	98.76
1911.76	103
1912.09	104.64
1912.43	109.24
1912.77	112.52
1913.11	115.4
1913.44	118
1913.78	121.4
1914.12	122.36
1914.46	124.68
1914.79	126.4
1915.13	126.8
1915.47	127.28
1915.81	127.76
1916.14	127.36
1916.48	127.84
1916.82	129.72
1917.16	132.36
1917.49	134.6
1917.83	135.88
1918.17	138.24
1918.5	140.2
1918.84	141.92
1919.18	144.48
1919.52	145.68
1919.85	143.84
1920.19	144.8
1920.53	147.72
1920.87	145.6
1921.2	147.24
1921.54	150.92
1921.88	150.88
1922.21	149.24
1922.55	152.92
1922.89	153.16
1923.22	151.28
1923.56	153.32
1923.9	152.8
1924.23	151.24
1924.57	150.48
1924.91	153.88
1925.25	151.64
1925.58	154.4
1925.92	154.96
1926.26	156
1926.59	153.48
1926.93	158.6
1927.27	155.96
1927.6	156.32
1927.94	153.92
1928.28	155.64
1928.61	149.88
1928.95	152.68
1929.29	152.24
1929.62	155.32
1929.96	154.52
1930.29	158.12
1930.63	156.36
1930.97	154.56
1931.3	155
1931.64	152.88
1931.98	150.2
1932.31	148.36
1932.65	149
1932.99	143.44
1933.32	143.6
1933.66	144.16
1933.99	142.04
1934.33	141
1934.67	142.44
1935	139.72
1935.34	136.36
1935.67	138.16
1936.01	135.24
1936.35	134.28
1936.68	136.04
1937.02	135.96
1937.35	133.44
1937.69	135.08
1938.03	133.72
1938.36	130.16
1938.7	132.4
1939.03	131.12
1939.37	130.2
1939.7	130
1940.04	132.28
1940.38	128.88
1940.71	130.72
1941.05	130.04
1941.38	128.88
1941.72	129
1942.05	129.52
1942.39	126.16
1942.73	124.96
1943.06	126.44
1943.4	121.92
1943.73	120.08
1944.07	121.04
1944.4	120
1944.74	116.16
1945.07	117.88
1945.41	116.88
1945.74	114.08
1946.08	113.88
1946.42	113.88
1946.75	110.88
1947.09	109.92
1947.42	111.52
1947.76	108.92
1948.09	107.04
1948.43	108.48
1948.76	108.6
1949.1	104.92
1949.43	106.92
1949.77	107.16
1950.1	104.8
1950.44	103.12
1950.77	104.2
1951.11	100.52
1951.44	100.72
1951.78	102.16
1952.11	101.56
1952.45	99.76
1952.78	100.72
1953.12	101.4
1953.45	97.92
1953.79	95.4
1954.12	96.68
1954.46	95
1954.79	91.24
1955.12	91.32
1955.46	93.4
1955.79	91.4
1956.13	89.04
1956.46	90.92
1956.8	88.8
1957.13	86.52
1957.47	86.4
1957.8	88.64
1958.14	85.8
1958.47	86.52
1958.8	87.76
1959.14	87.68
1959.47	85.84
1959.81	86.6
1960.14	87.72
1960.48	87.08
1960.81	84.72
1961.14	86.16
1961.48	84
1961.81	81.32
1962.15	77.84
1962.48	80.4
1962.82	77
1963.15	76.48
1963.48	76.36
1963.82	79.52
1964.15	74.76
1964.49	74.8
1964.82	74.84
1965.15	73.8
1965.49	69.96
1965.82	69.76
1966.16	69.12
1966.49	68.28
1966.82	67.88
1967.16	69.64
1967.49	70.16
1967.83	68.8
1968.16	68.8
1968.49	70.16
1968.83	69.6
1969.16	67.96
1969.49	68.76
1969.83	69.12
1970.16	65.4
1970.49	62
1970.83	62.12
1971.16	61.16
1971.5	57.68
1971.83	58.04
1972.16	59.48
1972.5	58.4
1972.83	57.52
1973.16	57.6
1973.5	57.44
1973.83	55.84
1974.16	55.88
1974.5	54.8
1974.83	54.16
1975.16	53.16
1975.5	52.2
1975.83	50.56
1976.16	49.56
1976.49	49.92
1976.83	49.28
1977.16	51.2
1977.49	50.08
1977.83	49.8
1978.16	48.68
1978.49	49.6
1978.83	45.44
1979.16	45.76
1979.49	45.64
1979.83	43.56
1980.16	41.2
1980.49	40.76
1980.82	40.84
1981.16	38.16
1981.49	39.2
1981.82	37.76
1982.15	36.8
1982.49	34.64
1982.82	35.16
1983.15	32.92
1983.49	31.92
1983.82	30.24
1984.15	28.92
1984.48	27.44
1984.82	25.96
1985.15	25.56
1985.48	25.12
1985.81	24.96
1986.15	24.04
1986.48	23.4
1986.81	23.2
1987.14	23.68
1987.48	22.92
1987.81	22.2
1988.14	21.92
1988.47	19.84
1988.81	17.96
1989.14	17.04
1989.47	16
1989.8	15
1990.13	15.32
1990.47	14.12
1990.8	12.52
1991.13	12.08
1991.46	11.32
1991.79	9.08
1992.13	8.04
1992.46	8.44
1992.79	6.96
1993.12	5.32
1993.45	5.76
1993.79	6
1994.12	4.56
1994.45	4.52
1994.78	6.08
1995.11	5.44
1995.45	4.76
1995.78	4.24
1996.11	3.84
1996.44	2.4
1996.77	1.92
1997.1	2.4
1997.44	2.36
1997.77	2.92
1998.1	2.6
1998.43	2.64
1998.76	1.84
1999.09	1.72
1999.43	-0.04
1999.76	-0.12
2000.09	-0.32
2000.42	0.12
2000.75	-1.16
2001.08	0.2
2001.41	0.2
2001.75	0.28
2002.08	-0.04
2002.41	1.36
2002.74	1
2003.07	1.04
2003.4	0.68
2003.73	0.56
2004.06	0.88
2004.4	0.96
2004.73	0.96
2005.06	0.8
2005.39	1.2
2005.72	0.8
2006.05	0.84
2006.38	1
2006.71	1.16
2007.04	0.96
2007.37	1.28
2007.71	1.24
2008.04	1.4
2008.37	1.76
2008.7	1.84
2009.03	1.44
2009.36	1.52
2009.69	1.64
2010.02	1.32
2010.35	1.28
2010.68	1.28
2011.01	1.2
2011.34	1.16
2011.67	1.28
2012.01	1.12
2012.34	1.12
2012.67	1
2013	0.72
2013.33	1.24
2013.66	1.6
2013.99	2.16
2014.32	2.44
2014.65	2.56
2014.98	2.96
2015.31	3.12
2015.64	3.24
2015.97	3.52
2016.3	4.4
2016.63	4.16
2016.96	4.84
2017.29	4.48
2017.62	4.56
2017.95	4.8
2018.28	5.6
2018.61	5.2
2018.94	6.2
2019.27	6.72
2019.6	6.8
2019.93	6.48
2020.26	7.04
2020.59	7.2
2020.92	8.48
2021.25	8.44
2021.58	8
2021.91	8.2
2022.24	8.48
2022.57	9.52
2022.9	10.44
2023.23	11.64
2023.56	11.76
2023.89	10.92
2024.22	9.88
2024.55	9.76
2024.88	9.52
2025.21	9.56
2025.54	11.16
2025.87	11.8
2026.2	11.28
2026.53	11.28
2026.86	11.04
2027.19	9.96
2027.52	8.72
2027.85	9.4
2028.18	9.92
2028.51	11.4
2028.84	11.84
2029.16	11
2029.49	10.12
2029.82	9.12
2030.15	8.04
2030.48	7.36
2030.81	9.6
2031.14	9.52
2031.47	9.12
2031.8	8.76
2032.13	9.08
2032.46	8.08
2032.79	7.64
2033.12	7.6
2033.44	8
2033.77	7.72
2034.1	6.8
2034.43	7.64
2034.76	8.28
2035.09	7.88
2035.42	8.72
2035.75	8.32
2036.08	7.56
2036.41	7.56
2036.73	7.84
2037.06	7.2
2037.39	7.92
2037.72	8.16
2038.05	8.76
2038.38	7.96
2038.71	7.96
2039.04	6.28
2039.36	6.76
2039.69	5.72
2040.02	5.04
2040.35	4.2
2040.68	5.68
2041.01	4.2
2041.34	4.36
2041.66	5.24
2041.99	5.36
2042.32	4.72
2042.65	4.56
2042.98	3.92
2043.31	3.44
2043.63	3.16
2043.96	3
2044.29	3.04
2044.62	3.88
2044.95	3.88
2045.28	3.76
2045.6	3.84
2045.93	4.2
2046.26	2.84
2046.59	2.04
2046.92	2.28
2047.24	2.36
2047.57	2.2
2047.9	2.32
2048.23	3.24
2048.56	2.92
2048.88	3.12
2049.21	2.6
2049.54	2.6
2049.87	2.36
2050.2	2.16
2050.52	1.16
2050.85	1.6
2051.18	2
2051.51	1.44
2051.83	2.08
2052.16	2.28
2052.49	2.36
2052.82	1.76
2053.15	1.68
2053.47	1.2
2053.8	1.08
2054.13	0.64
2054.46	1.32
2054.78	1.44
2055.11	1.64
2055.44	1.68
2055.77	2.28
2056.09	1.68
2056.42	1.92
2056.75	1.96
2057.08	2.04
2057.4	2.2
2057.73	2.4
2058.06	2.28
2058.38	1.92
2058.71	2.68
2059.04	2.16
2059.37	1.92
2059.69	1.64
2060.02	1.68
2060.35	1.04
2060.67	0.88
2061	0.96
2061.33	1.08
2061.66	2.08
2061.98	2.36
2062.31	2.52
2062.64	2.92
2062.96	3
2063.29	2.28
2063.62	1.84
2063.94	1.48
2064.27	1.32
2064.6	0.68
2064.92	0.36
2065.25	0.28
2065.58	0.44
2065.91	0.04
2066.23	0.8
2066.56	1.04
2066.89	1.16
2067.21	1.32
2067.54	1.32
2067.87	1.2
2068.19	1.16
2068.52	1.4
2068.84	1.24
2069.17	1.92
2069.5	2.16
2069.82	1.92
2070.15	1.48
2070.48	1.56
2070.8	1
2071.13	1.08
2071.46	1
2071.78	1.24
2072.11	1.2
2072.43	1.52
2072.76	1.2
2073.09	1.2
2073.41	0.96
2073.74	0.76
2074.07	1.36
2074.39	1.24
2074.72	1.68
2075.04	2.08
2075.37	2.08
2075.7	1.28
2076.02	1.36
2076.35	1.24
2076.67	1.04
2077	1.8
2077.33	1.8
2077.65	1.84
2077.98	1.64
2078.3	1.72
2078.63	1.2
2078.95	1.2
2079.28	1.08
2079.61	0.84
2079.93	0.88
2080.26	1.2
2080.58	1.12
2080.91	1.4
2081.23	2.2
2081.56	2.84
2081.89	2.8
2082.21	2.64
2082.54	2.28
2082.86	1.6
2083.19	0.68
2083.51	0.64
2083.84	0.76
2084.16	1.08
2084.49	1.08
2084.81	1.8
2085.14	1.32
2085.46	1.64
2085.79	1.4
2086.12	2.08
2086.44	1.4
2086.77	2.24
2087.09	2
2087.42	2.4
2087.74	2.2
2088.07	2.04
2088.39	1.64
2088.72	2.12
2089.04	2.08
2089.37	2.12
2089.69	2.44
2090.02	2.36
2090.34	1.68
2090.67	1.28
2090.99	-1.28
2091.32	-1.6
2091.64	-1.8
2091.97	-1.36
2092.29	-0.96
2092.62	1.08
2092.94	1.64
2093.26	1.96
2093.59	1.76
2093.91	0.44
2094.24	0.76
2094.56	0.6
2094.89	0.72
2095.21	0.76
2095.54	1.84
2095.86	1.84
2096.19	1.68
2096.51	1.12
2096.84	1.32
2097.16	1.6
2097.48	1.52
2097.81	1.44
2098.13	1.6
2098.46	1.28
2098.78	1.52
2099.11	1.6
2099.43	1.68
2099.75	1.68
2100.08	1.6
2100.4	1.2
2100.73	0.92
2101.05	0.88
2101.38	1.2
2101.7	1.2
2102.02	0.96
2102.35	1
2102.67	1.32
2103	0.8
2103.32	1.44
2103.64	2
2103.97	2.24
2104.29	1.84
2104.62	2.08
2104.94	1.6
2105.26	0.56
2105.59	0.24
2105.91	0.24
2106.23	0.12
2106.56	0.2
2106.88	0.6
2107.21	1.16
2107.53	1.4
2107.85	1.6
2108.18	1.92
2108.5	2.12
2108.82	1.56
2109.15	1.88
2109.47	1.56
2109.79	1.12
2110.12	1.16
2110.44	1.64
2110.76	0.92
2111.09	0.96
2111.41	0.96
2111.73	0.96
2112.06	0.56
2112.38	0.64
2112.7	0.08
2113.03	-0.12
2113.35	-0.36
2113.67	-0.44
2114	-0.52
2114.32	0
2114.64	0.12
2114.97	0.12
2115.29	0.64
2115.61	0.84
2115.94	1
2116.26	1
2116.58	1.32
2116.91	0.2
2117.23	0.44
2117.55	0.28
2117.87	0.28
2118.2	0.32
2118.52	0.92
2118.84	0.56
2119.17	0.8
2119.49	0.88
2119.81	0.76
2120.13	1.12
2120.46	1.24
2120.78	0.32
2121.1	0.12
2121.42	0.04
2121.75	-0.12
2122.07	-0.12
2122.39	0.84
2122.72	0.84
2123.04	0.92
2123.36	0.72
2123.68	0.6
2124.01	0.52
2124.33	1.52
2124.65	1.28
2124.97	1.68
2125.29	1.6
2125.62	1.64
2125.94	0.92
2126.26	1
2126.58	1.16
2126.91	0.28
2127.23	0.2
2127.55	0.08
2127.87	0.04
2128.2	-0.28
2128.52	1
2128.84	0.92
2129.16	0.92
2129.48	1.12
2129.81	0.88
2130.13	0.84
2130.45	1.36
2130.77	1.32
2131.09	1.16
2131.42	1.28
2131.74	0.92
2132.06	0.72
2132.38	0.6
2132.7	0.68
2133.02	0.64
2133.35	0.64
2133.67	0.84
2133.99	0.88
2134.31	0.36
2134.63	0.8
2134.96	0.8
2135.28	0.28
2135.6	0.36
2135.92	0.88
2136.24	0.36
2136.56	0.4
2136.88	0.32
2137.21	0.48
2137.53	0.52
2137.85	0.52
2138.17	-0.04
2138.49	-0.04
2138.81	-0.24
2139.13	-0.24
2139.46	0.08
2139.78	0.68
2140.1	0.92
2140.42	0.92
2140.74	0.84
2141.06	0.52
2141.38	0.44
2141.7	0.36
2142.03	0.72
2142.35	0.68
2142.67	0.88
2142.99	0.96
2143.31	1.68
2143.63	1.36
2143.95	1.36
2144.27	1.68
2144.59	1.6
2144.91	0.52
2145.24	0.68
2145.56	0.68
2145.88	0.24
2146.2	0.36
2146.52	0.64
2146.84	0.48
2147.16	0.6
2147.48	0.52
2147.8	0.68
2148.12	1.12
2148.44	1.64
2148.76	1.72
2149.08	1.92
2149.41	1.88
2149.73	1.52
2150.05	0.96
2150.37	0.84
2150.69	0.76
2151.01	1.16
2151.33	1.28
2151.65	1.44
2151.97	1.56
2152.29	1.44
2152.61	0.56
2152.93	0.32
2153.25	0.16
2153.57	0.08
2153.89	0.16
2154.21	0.04
2154.53	0.04
2154.85	0.04
2155.17	0.12
2155.49	0.12
2155.81	0.48
2156.13	0.84
2156.45	0.88
2156.77	0.92
2157.09	0.84
2157.41	0.84
2157.73	0.44
2158.05	0.36
2158.37	0.04
2158.69	0.16
2159.01	0.56
2159.33	0.56
2159.65	0.52
2159.97	0.84
2160.29	0.76
2160.61	0.48
2160.93	0.64
2161.25	0.64
2161.57	0.48
2161.89	0.44
2162.21	0.32
2162.53	0.52
2162.85	0.04
2163.17	0.44
2163.49	0.72
2163.81	1
2164.13	0.88
2164.45	1.04
2164.77	0.64
2165.08	0.48
2165.4	0.2
2165.72	0.24
2166.04	1.16
2166.36	1.12
2166.68	1.04
2167	1.16
2167.32	0.88
2167.64	0.56
2167.96	1.04
2168.28	1.08
2168.6	0.96
2168.92	1.2
2169.24	1
2169.55	0.44
2169.87	0.68
2170.19	0.92
2170.51	0.72
2170.83	0.64
2171.15	0.6
2171.47	0.28
2171.79	0.36
2172.11	0.68
2172.43	1
2172.74	1
2173.06	1.08
2173.38	1.08
2173.7	0.72
2174.02	0.56
2174.34	0.64
2174.66	0.64
2174.98	0.52
2175.29	0.88
2175.61	0.76
2175.93	0.72
2176.25	1.12
2176.57	0.92
2176.89	0.76
2177.21	0.8
2177.52	0.76
2177.84	0.4
2178.16	0.4
2178.48	0.4
2178.8	0.32
2179.12	0.32
2179.43	0.4
2179.75	-0.28
2180.07	-0.48
2180.39	-0.48
2180.71	-0.4
2181.03	-0.12
2181.34	0.56
2181.66	0.72
2181.98	0.88
2182.3	0.96
2182.62	0.8
2182.93	0.48
2183.25	0.52
2183.57	0.52
2183.89	1.28
2184.21	1.4
2184.52	1.72
2184.84	2.04
2185.16	2.08
2185.48	1.44
2185.8	1.32
2186.11	1.32
2186.43	1.08
2186.75	0.92
2187.07	0.32
2187.39	-0.64
2187.7	-0.44
2188.02	-1.32
2188.34	-1.2
2188.66	-0.76
2188.97	-0.08
2189.29	-0.28
2189.61	0.64
2189.93	0.56
2190.24	0.56
2190.56	0.52
2190.88	0.64
2191.2	0.72
2191.51	0.64
2191.83	0.52
2192.15	0.76
2192.47	1.12
2192.78	0.88
2193.1	0.96
2193.42	0.96
2193.74	0.84
2194.05	0.36
2194.37	0.32
2194.69	0.36
2195	0.32
2195.32	0.2
2195.64	0.44
2195.96	0.56
2196.27	0.76
2196.59	0.2
2196.91	0.32
2197.22	0.2
2197.54	3.13639e-17
2197.86	-0.32
2198.18	0.4
2198.49	0.28
2198.81	0.56
2199.13	0.64
2199.44	0.64
2199.76	0.88
2200.08	0.88
2200.39	0.52
2200.71	0.4
2201.03	0.44
2201.34	0.16
2201.66	0.16
2201.98	0.12
2202.29	0.56
2202.61	0.52
2202.93	0.48
2203.24	0.6
2203.56	0.68
2203.88	0.24
2204.19	0.24
2204.51	0.48
2204.83	0.72
2205.14	0.84
2205.46	0.84
2205.78	1.04
2206.09	0.84
2206.41	0.28
2206.72	0.04
2207.04	0.32
2207.36	0.16
2207.67	0.12
2207.99	0.32
2208.31	0.64
2208.62	0.84
2208.94	1.04
2209.25	1.16
2209.57	1.16
2209.89	0.92
2210.2	0.76
2210.52	0.8
2210.83	0.64
2211.15	0.64
2211.47	0.68
2211.78	0.36
2212.1	0.04
2212.41	0.32
2212.73	0.56
2213.05	0.68
2213.36	0.76
2213.68	0.84
2213.99	0.84
2214.31	0.72
2214.62	0.52
2214.94	0.44
2215.26	0.4
2215.57	0.2
2215.89	0.08
2216.2	0.12
2216.52	0.12
2216.83	0.48
2217.15	0.4
2217.46	0.4
2217.78	0.48
2218.1	0.4
2218.41	0.24
2218.73	0.4
2219.04	0.8
2219.36	0.72
2219.67	0.88
2219.99	0.68
2220.3	0.56
2220.62	0.8
2220.93	0.76
2221.25	0.96
2221.56	0.96
2221.88	0.96
2222.19	0.4
2222.51	0.44
2222.82	-1.24
2223.14	-1.08
2223.45	-0.92
2223.77	-1
2224.08	-0.96
2224.4	0.6
2224.71	0.6
2225.03	0.8
2225.34	0.96
2225.66	-0.28
2225.97	-0.44
2226.29	-0.44
2226.6	-0.44
2226.92	-0.44
2227.23	0.72
2227.55	0.96
2227.86	0.8
2228.18	0.68
2228.49	0.6
2228.81	1
2229.12	0.88
2229.44	1.08
2229.75	1.04
2230.07	0.96
2230.38	0.8
2230.69	0.76
2231.01	0.64
2231.32	0.52
2231.64	0.56
2231.95	0.32
2232.27	0.48
2232.58	0.6
2232.9	1.04
2233.21	1
2233.52	1
2233.84	0.92
2234.15	0.72
2234.47	0.36
2234.78	0.52
2235.1	0.68
2235.41	0.52
2235.72	0.72
2236.04	0.56
2236.35	1.24
2236.67	0.84
2236.98	0.84
2237.29	0.64
2237.61	0.6
2237.92	-0.2
2238.24	0.04
2238.55	0.36
2238.86	0.36
2239.18	0.4
2239.49	-0.44
2239.8	-0.44
2240.12	-0.76
2240.43	-0.76
2240.75	-0.8
2241.06	0.24
2241.37	0.44
2241.69	0.44
2242	0.44
2242.31	0.44
2242.63	0.28
2242.94	0.08
2243.26	-0.4
2243.57	-0.24
2243.88	-0.12
2244.2	-0.16
2244.51	-0.16
2244.82	0.32
2245.14	0.16
2245.45	0.24
2245.76	0.2
2246.08	0.52
2246.39	0.56
2246.7	0.76
2247.02	0.56
2247.33	1.08
2247.64	0.96
2247.96	0.96
2248.27	0.76
2248.58	-0.24
2248.9	-0.76
2249.21	-0.8
2249.52	-0.68
2249.83	-0.68
2250.15	0.44
2250.46	0.6
2250.77	0.44
2251.09	0.28
2251.4	0.28
2251.71	0.24
2252.03	0.08
2252.34	0.08
2252.65	0.08
2252.96	0.28
2253.28	0.2
2253.59	0.2
2253.9	0.72
2254.21	0.76
2254.53	0.72
2254.84	0.72
2255.15	0.88
2255.47	0.52
2255.78	0.64
2256.09	0.48
2256.4	0.6
2256.72	0.44
2257.03	0.36
2257.34	0.2
2257.65	0.36
2257.97	0.4
2258.28	0.4
2258.59	0.6
2258.9	1.04
2259.22	0.88
2259.53	0.76
2259.84	0.76
2260.15	0.48
2260.46	0.04
2260.78	0.24
2261.09	0.44
2261.4	0.48
2261.71	0.48
2262.03	0.48
2262.34	0.28
2262.65	0.04
2262.96	0.04
2263.27	0.56
2263.59	0.56
2263.9	0.6
2264.21	0.84
2264.52	1.08
2264.83	0.72
2265.15	0.72
2265.46	0.72
2265.77	0.88
2266.08	0.6
2266.39	0.44
2266.7	0.68
2267.02	0.96
2267.33	0.16
2267.64	0.16
2267.95	0.16
2268.26	-0.08
2268.57	-0.4
2268.89	0.04
2269.2	0.08
2269.51	0.08
2269.82	0.28
2270.13	0.36
2270.44	0.32
2270.76	-0.12
2271.07	-0.12
2271.38	-0.72
2271.69	-0.72
2272	-0.72
2272.31	-0.28
2272.62	-1.08
2272.93	-0.6
2273.25	-0.6
2273.56	-0.56
2273.87	-0.56
2274.18	0.44
2274.49	0.36
2274.8	0.4
2275.11	0.36
2275.42	1
2275.74	0.8
2276.05	0.84
2276.36	0.92
2276.67	0.92
2276.98	0.36
2277.29	0.64
2277.6	0.6
2277.91	0.48
2278.22	0.2
2278.53	0.36
2278.85	0.08
2279.16	-0.88
2279.47	-0.96
2279.78	-0.36
2280.09	-0.56
2280.4	-0.44
2280.71	0.72
2281.02	0.84
2281.33	0.52
2281.64	0.56
2281.95	0.48
2282.26	0.28
2282.57	0.16
2282.88	0.2
2283.19	0.2
2283.5	0.2
2283.82	0.2
2284.13	0.24
2284.44	0.52
2284.75	-0.2
2285.06	-0.24
2285.37	-0.24
2285.68	-0.28
2285.99	-0.44
2286.3	0.4
2286.61	0.68
2286.92	0.76
2287.23	0.92
2287.54	0.76
2287.85	0.68
2288.16	0.52
2288.47	0.52
2288.78	0.52
2289.09	0.64
2289.4	0.48
2289.71	0.48
2290.02	0.4
2290.33	0.52
2290.64	0.4
2290.95	0.2
2291.26	0.28
2291.57	0.48
2291.88	-0.16
2292.19	-1.33221e-17
2292.5	0.2
2292.81	-1.33221e-17
2293.12	-0.2
2293.43	0.16
2293.74	0
2294.05	0
2294.36	0
2294.67	0
2294.98	0
2295.29	0
2295.6	0
2295.91	0
2296.21	0
2296.52	0
2296.83	0
2297.14	0
2297.45	0
2297.76	0
2298.07	0
2298.38	0
2298.69	0
2299	0
2299.31	0
2299.62	0
2299.93	0
2300.24	0
2300.55	0
2300.85	0
2301.16	0
2301.47	0
2301.78	0
2302.09	0
2302.4	0
2302.71	0
2303.02	0
2303.33	0
2303.64	0
2303.94	0
2304.25	0
2304.56	0
2304.87	0
2305.18	0
2305.49	0
2305.8	0
2306.11	0
2306.42	0
2306.72	0
2307.03	0
2307.34	0
2307.65	0
2307.96	0
2308.27	0
2308.58	0
2308.88	0
2309.19	0
2309.5	0
2309.81	0
2310.12	0
2310.43	0
2310.74	0
2311.04	0
2311.35	0
2311.66	0
2311.97	0
2312.28	0
2312.59	0
2312.89	0
2313.2	0
2313.51	0
2313.82	0
2314.13	0
2314.43	0
2314.74	0
2315.05	0
2315.36	0
2315.67	0
2315.97	0
2316.28	0
2316.59	0
2316.9	0
2317.21	0
2317.51	0
2317.82	0
2318.13	0
2318.44	0
2318.75	0
2319.05	0
2319.36	0
2319.67	0
2319.98	0
2320.28	0
2320.59	0
2320.9	0
2321.21	0
2321.51	0
2321.82	0
2322.13	0
2322.44	0
2322.74	0
2323.05	0
2323.36	0
2323.67	0
2323.97	0
2324.28	0
2324.59	0
2324.9	0
2325.2	0
2325.51	0
2325.82	0
2326.13	0
2326.43	0
2326.74	0
2327.05	0
2327.35	0
2327.66	0
2327.97	0
2328.27	0
2328.58	0
2328.89	0
2329.2	0
2329.5	0
2329.81	0
2330.12	0
2330.42	0
2330.73	0
2331.04	0
2331.34	0
2331.65	0
2331.96	0
2332.26	0
2332.57	0
2332.88	0
2333.18	0
2333.49	0
2333.8	0
2334.1	0
2334.41	0
2334.72	0
2335.02	0
2335.33	0
2335.64	0
2335.94	0
2336.25	0
2336.56	0
2336.86	0
2337.17	0
2337.48	0
2337.78	0
2338.09	0
2338.39	0
2338.7	0
2339.01	0
2339.31	0
2339.62	0
2339.93	0
2340.23	0
2340.54	0
2340.84	0
2341.15	0
2341.46	0
2341.76	0
2342.07	0
2342.37	0
2342.68	0
2342.99	0
2343.29	0
2343.6	0
2343.9	0
2344.21	0
2344.51	0
2344.82	0
2345.13	0
2345.43	0
2345.74	0
2346.04	0
2346.35	0
2346.65	0
2346.96	0
2347.27	0
2347.57	0
2347.88	0
2348.18	0
2348.49	0
2348.79	0
2349.1	0
2349.4	0
2349.71	0
2350.01	0
2350.32	0
2350.63	0
2350.93	0
2351.24	0
2351.54	0
2351.85	0
2352.15	0
2352.46	0
2352.76	0
2353.07	0
2353.37	0
2353.68	0
2353.98	0
2354.29	0
2354.59	0
2354.9	0
2355.2	0
2355.51	0
2355.81	0
2356.12	0
2356.42	0
2356.73	0
2357.03	0
2357.34	0
2357.64	0
2357.95	0
2358.25	0
2358.55	0
2358.86	0
2359.16	0
2359.47	0
2359.77	0
2360.08	0
2360.38	0
2360.69	0
2360.99	0
2361.3	0
2361.6	0
2361.9	0
2362.21	0
2362.51	0
2362.82	0
2363.12	0
2363.43	0
2363.73	0
2364.04	0
2364.34	0
2364.64	0
2364.95	0
2365.25	0
2365.56	0
2365.86	0
2366.16	0
2366.47	0
2366.77	0
2367.08	0
2367.38	0
2367.68	0
2367.99	0
2368.29	0
2368.6	0
2368.9	0
2369.2	0
2369.51	0
2369.81	0
2370.12	0
2370.42	0
2370.72	0
2371.03	0
2371.33	0
2371.63	0
2371.94	0
2372.24	0
2372.55	0
2372.85	0
2373.15	0
2373.46	0
2373.76	0
2374.06	0
2374.37	0
2374.67	0
2374.97	0
2375.28	0
2375.58	0
2375.88	0
2376.19	0
2376.49	0
2376.79	0
2377.1	0
2377.4	0
2377.7	0
2378.01	0
2378.31	0
2378.61	0
2378.92	0
2379.22	0
2379.52	0
2379.82	0
2380.13	0
2380.43	0
2380.73	0
2381.04	0
2381.34	0
2381.64	0
2381.95	0
2382.25	0
2382.55	0
2382.85	0
2383.16	0
2383.46	0
2383.76	0
2384.06	0
2384.37	0
2384.67	0
2384.97	0
2385.28	0
2385.58	0
2385.88	0
2386.18	0
2386.49	0
2386.79	0
2387.09	0
2387.39	0
2387.69	0
2388	0
2388.3	0
2388.6	0
2388.9	0
2389.21	0
2389.51	0
2389.81	0
2390.11	0
2390.42	0
2390.72	0
2391.02	0
2391.32	0
2391.62	0
2391.93	0
2392.23	0
2392.53	0
2392.83	0
2393.13	0
2393.44	0
2393.74	0
2394.04	0
2394.34	0
2394.64	0
2394.95	0
2395.25	0
2395.55	0
2395.85	0
2396.15	0
2396.45	0
2396.76	0
2397.06	0
2397.36	0
2397.66	0
2397.96	0
2398.26	0
2398.57	0
2398.87	0
2399.17	0
2399.47	0
2399.77	0
2400.07	0
2400.37	0
2400.68	0
2400.98	0
2401.28	0
2401.58	0
2401.88	0
2402.18	0
2402.48	0
2402.79	0
2403.09	0
2403.39	0
2403.69	0
2403.99	0
2404.29	0
2404.59	0
2404.89	0
2405.19	0
2405.5	0
2405.8	0
2406.1	0
2406.4	0
2406.7	0
2407	0
2407.3	0
2407.6	0
2407.9	0
2408.2	0
2408.5	0
2408.8	0
2409.11	0
2409.41	0
2409.71	0
2410.01	0
2410.31	0
2410.61	0
2410.91	0
2411.21	0
2411.51	0
2411.81	0
2412.11	0
2412.41	0
2412.71	0
2413.01	0
2413.31	0
2413.61	0
2413.91	0
2414.21	0
2414.51	0
2414.81	0
2415.12	0
2415.42	0
2415.72	0
2416.02	0
2416.32	0
2416.62	0
2416.92	0
2417.22	0
2417.52	0
2417.82	0
2418.12	0
2418.42	0
2418.72	0
2419.02	0
2419.32	0
2419.62	0
2419.92	0
2420.22	0
2420.52	0
2420.82	0
2421.12	0
2421.42	0
2421.71	0
2422.01	0
2422.31	0
2422.61	0
2422.91	0
2423.21	0
2423.51	0
2423.81	0
2424.11	0
2424.41	0
2424.71	0
2425.01	0
2425.31	0
2425.61	0
2425.91	0
2426.21	0
2426.51	0
2426.81	0
2427.11	0
2427.41	0
2427.7	0
2428	0
2428.3	0
2428.6	0
2428.9	0
2429.2	0
2429.5	0
2429.8	0
2430.1	0
2430.4	0
2430.7	0
2430.99	0
2431.29	0
2431.59	0
2431.89	0
2432.19	0
2432.49	0
2432.79	0
2433.09	0
2433.39	0
2433.68	0
2433.98	0
2434.28	0
2434.58	0
2434.88	0
2435.18	0
2435.48	0
2435.78	0
2436.07	0
2436.37	0
2436.67	0
2436.97	0
2437.27	0
2437.57	0
2437.86	0
2438.16	0
2438.46	0
2438.76	0
2439.06	0
2439.36	0
2439.66	0
2439.95	0
2440.25	0
2440.55	0
2440.85	0
2441.15	0
2441.44	0
2441.74	0
2442.04	0
2442.34	0
2442.64	0
2442.93	0
2443.23	0
2443.53	0
2443.83	0
2444.13	0
2444.42	0
2444.72	0
2445.02	0
2445.32	0
2445.62	0
2445.91	0
2446.21	0
2446.51	0
2446.81	0
2447.1	0
2447.4	0
2447.7	0
2448	0
2448.3	0
2448.59	0
2448.89	0
2449.19	0
2449.49	0
2449.78	0
2450.08	0
2450.38	0
2450.68	0
2450.97	0
2451.27	0
2451.57	0
2451.87	0
2452.16	0
2452.46	0
2452.76	0
2453.05	0
2453.35	0
2453.65	0
2453.95	0
2454.24	0
2454.54	0
2454.84	0
2455.13	0
2455.43	0
2455.73	0
2456.03	0
2456.32	0
2456.62	0
2456.92	0
2457.21	0
2457.51	0
2457.81	0
2458.1	0
2458.4	0
2458.7	0
2458.99	0
2459.29	0
2459.59	0
2459.88	0
2460.18	0
2460.48	0
2460.77	0
2461.07	0
2461.37	0
2461.66	0
2461.96	0
2462.26	0
2462.55	0
2462.85	0
2463.15	0
2463.44	0
2463.74	0
2464.04	0
2464.33	0
2464.63	0
2464.92	0
2465.22	0
2465.52	0
2465.81	0
2466.11	0
2466.41	0
2466.7	0
2467	0
2467.29	0
2467.59	0
2467.89	0
2468.18	0
2468.48	0
2468.77	0
2469.07	0
2469.37	0
2469.66	0
2469.96	0
2470.25	0
2470.55	0
2470.84	0
2471.14	0
2471.44	0
2471.73	0
2472.03	0
2472.32	0
2472.62	0
2472.91	0
2473.21	0
2473.51	0
2473.8	0
2474.1	0
2474.39	0
2474.69	0
2474.98	0
2475.28	0
2475.57	0
2475.87	0
2476.17	0
2476.46	0
2476.76	0
2477.05	0
2477.35	0
2477.64	0
2477.94	0
2478.23	0
2478.53	0
2478.82	0
2479.12	0
2479.41	0
2479.71	0
2480	0
2480.3	0
2480.59	0
2480.89	0
2481.18	0
2481.48	0
2481.77	0
2482.07	0
2482.36	0
2482.66	0
2482.95	0
2483.25	0
2483.54	0
2483.84	0
2484.13	0
2484.43	0
2484.72	0
2485.02	0
2485.31	0
2485.6	0
2485.9	0
2486.19	0
2486.49	0
2486.78	0
2487.08	0
2487.37	0
2487.67	0
2487.96	0
2488.26	0
2488.55	0
2488.84	0
2489.14	0
2489.43	0
2489.73	0
2490.02	0
2490.32	0
2490.61	0
2490.9	0
2491.2	0
2491.49	0
2491.79	0
2492.08	0
2492.37	0
2492.67	0
2492.96	0
2493.26	0
2493.55	0
2493.84	0
2494.14	0
2494.43	0
2494.73	0
2495.02	0
2495.31	0
2495.61	0
2495.9	0
2496.2	0
2496.49	0
2496.78	0
2497.08	0
2497.37	0
2497.66	0
2497.96	0
2498.25	0
2498.54	0
2498.84	0
2499.13	0
2499.43	0
2499.72	0
2500.01	0
2500.31	0
2500.6	0
2500.89	0
2501.19	0
2501.48	0
2501.77	0
2502.07	0
2502.36	0
2502.65	0
2502.95	0
2503.24	0
2503.53	0
2503.82	0
2504.12	0
2504.41	0
2504.7	0
2505	0
2505.29	0
2505.58	0
2505.88	0
2506.17	0
2506.46	0
2506.76	0
2507.05	0
2507.34	0
2507.63	0
2507.93	0
2508.22	0
2508.51	0
2508.8	0
2509.1	0
2509.39	0
2509.68	0
2509.98	0
2510.27	0
2510.56	0
2510.85	0
2511.15	0
2511.44	0
2511.73	0
2512.02	0
2512.32	0
2512.61	0
2512.9	0
2513.19	0
2513.49	0
2513.78	0
2514.07	0
2514.36	0
2514.65	0
2514.95	0
2515.24	0
2515.53	0
2515.82	0
2516.12	0
2516.41	0
2516.7	0
2516.99	0
2517.28	0
2517.58	0
2517.87	0
2518.16	0
2518.45	0
2518.74	0
2519.04	0
2519.33	0
2519.62	0
2519.91	0
2520.2	0
2520.5	0
2520.79	0
2521.08	0
2521.37	0
2521.66	0
2521.95	0
2522.25	0
2522.54	0
2522.83	0
2523.12	0
2523.41	0
2523.7	0
2523.99	0
2524.29	0
2524.58	0
2524.87	0
2525.16	0
2525.45	0
2525.74	0
2526.03	0
2526.33	0
2526.62	0
2526.91	0
2527.2	0
2527.49	0
2527.78	0
2528.07	0
2528.36	0
2528.66	0
2528.95	0
2529.24	0
2529.53	0
2529.82	0
2530.11	0
2530.4	0
2530.69	0
2530.98	0
2531.27	0
2531.57	0
2531.86	0
2532.15	0
2532.44	0
2532.73	0
2533.02	0
2533.31	0
2533.6	0
2533.89	0
2534.18	0
2534.47	0
2534.76	0
2535.05	0
2535.35	0
2535.64	0
2535.93	0
2536.22	0
2536.51	0
2536.8	0
2537.09	0
2537.38	0
2537.67	0
2537.96	0
2538.25	0
2538.54	0
2538.83	0
2539.12	0
2539.41	0
2539.7	0
2539.99	0
2540.28	0
2540.57	0
2540.86	0
2541.15	0
2541.44	0
2541.73	0
2542.02	0
2542.31	0
2542.6	0
2542.89	0
2543.18	0
2543.47	0
2543.76	0
2544.05	0
2544.34	0
2544.63	0
2544.92	0
2545.21	0
2545.5	0
2545.79	0
2546.08	0
2546.37	0
2546.66	0
2546.95	0
2547.24	0
2547.53	0
2547.82	0
2548.11	0
2548.4	0
2548.69	0
2548.98	0
2549.27	0
2549.55	0
2549.84	0
2550.13	0
2550.42	0
2550.71	0
2551	0
2551.29	0
2551.58	0
2551.87	0
2552.16	0
2552.45	0
2552.74	0
2553.03	0
2553.31	0
2553.6	0
2553.89	0
2554.18	0
2554.47	0
2554.76	0
2555.05	0
2555.34	0
2555.63	0
2555.92	0
2556.2	0
2556.49	0
2556.78	0
2557.07	0
2557.36	0
2557.65	0
2557.94	0
2558.23	0
2558.51	0
2558.8	0
2559.09	0
2559.38	0
2559.67	0
2559.96	0
2560.25	0
2560.53	0
2560.82	0
2561.11	0
2561.4	0
2561.69	0
2561.98	0
2562.27	0
2562.55	0
2562.84	0
2563.13	0
2563.42	0
2563.71	0
2564	0
2564.28	0
2564.57	0
2564.86	0
2565.15	0
2565.44	0
2565.72	0
2566.01	0
2566.3	0
2566.59	0
2566.88	0
2567.16	0
2567.45	0
2567.74	0
2568.03	0
2568.32	0
2568.6	0
2568.89	0
2569.18	0
2569.47	0
2569.75	0

