Source: Spectrum Viewer

Chart: Pulse Spectrum

Series: 
Wavelength (nm)	S (a.u.)
1179.9	0
1180.29	0
1180.68	0
1181.06	0
1181.45	0
1181.83	0
1182.22	0
1182.6	0
1182.99	0
1183.38	0
1183.76	0
1184.15	0
1184.53	0
1184.92	0
1185.3	0
1185.69	0
1186.07	0
1186.46	0
1186.85	0
1187.23	0
1187.62	0
1188	0
1188.39	0
1188.77	0
1189.16	0
1189.54	0
1189.93	0
1190.31	0
1190.7	0
1191.08	0
1191.47	0
1191.85	0
1192.24	0
1192.62	0
1193.01	0
1193.39	0
1193.78	0
1194.16	0
1194.55	0
1194.93	0
1195.32	0
1195.7	0
1196.09	0
1196.47	0
1196.86	0
1197.24	0
1197.63	0
1198.01	0
1198.4	0
1198.78	0
1199.16	0
1199.55	0
1199.93	0
1200.32	0
1200.7	0
1201.09	0
1201.47	0
1201.86	0
1202.24	0
1202.63	0
1203.01	0
1203.39	0
1203.78	0
1204.16	0
1204.55	0
1204.93	0
1205.32	0
1205.7	0
1206.08	0
1206.47	0
1206.85	0
1207.24	0
1207.62	0
1208	0
1208.39	0
1208.77	0
1209.16	0
1209.54	0
1209.92	0
1210.31	0
1210.69	0
1211.08	0
1211.46	0
1211.84	0
1212.23	0
1212.61	0
1213	0
1213.38	0
1213.76	0
1214.15	0
1214.53	0
1214.91	0
1215.3	0
1215.68	0
1216.06	0
1216.45	0
1216.83	0
1217.22	0
1217.6	0
1217.98	0
1218.37	0
1218.75	0
1219.13	0
1219.52	0
1219.9	0
1220.28	0
1220.67	0
1221.05	0
1221.43	0
1221.82	0
1222.2	0
1222.58	0
1222.97	0
1223.35	0
1223.73	0
1224.11	0
1224.5	0
1224.88	0
1225.26	0
1225.65	0
1226.03	0
1226.41	0
1226.8	0
1227.18	0
1227.56	0
1227.94	0
1228.33	0
1228.71	0
1229.09	0
1229.47	0
1229.86	0
1230.24	0
1230.62	0
1231.01	0
1231.39	0
1231.77	0
1232.15	0
1232.54	0
1232.92	0
1233.3	0
1233.68	0
1234.07	0
1234.45	0
1234.83	0
1235.21	0
1235.6	0
1235.98	0
1236.36	0
1236.74	0
1237.12	0
1237.51	0
1237.89	0
1238.27	0
1238.65	0
1239.04	0
1239.42	0
1239.8	0
1240.18	0
1240.56	0
1240.95	0
1241.33	0
1241.71	0
1242.09	0
1242.47	0
1242.86	0
1243.24	0
1243.62	0
1244	0
1244.38	0
1244.77	0
1245.15	0
1245.53	0
1245.91	0
1246.29	0
1246.67	0
1247.06	0
1247.44	0
1247.82	0
1248.2	0
1248.58	0
1248.96	0
1249.34	0
1249.73	0
1250.11	0
1250.49	0
1250.87	0
1251.25	0
1251.63	0
1252.01	0
1252.4	0
1252.78	0
1253.16	0
1253.54	0
1253.92	0
1254.3	0
1254.68	0
1255.06	0
1255.45	0
1255.83	0
1256.21	0
1256.59	0
1256.97	0
1257.35	0
1257.73	0
1258.11	0
1258.49	0
1258.87	0
1259.26	0
1259.64	0
1260.02	0
1260.4	0
1260.78	0
1261.16	0
1261.54	0
1261.92	0
1262.3	0
1262.68	0
1263.06	0
1263.44	0
1263.82	0
1264.21	0
1264.59	0
1264.97	0
1265.35	0
1265.73	0
1266.11	0
1266.49	0
1266.87	0
1267.25	0
1267.63	0
1268.01	0
1268.39	0
1268.77	0
1269.15	0
1269.53	0
1269.91	0
1270.29	0
1270.67	0
1271.05	0
1271.43	0
1271.81	0
1272.19	0
1272.57	0
1272.95	0
1273.33	0
1273.71	0
1274.09	0
1274.47	0
1274.85	0
1275.23	0
1275.61	0
1275.99	0
1276.37	0
1276.75	0
1277.13	0
1277.51	0
1277.89	0
1278.27	0
1278.65	0
1279.03	0
1279.41	0
1279.79	0
1280.17	0
1280.55	0
1280.93	0
1281.31	0
1281.69	0
1282.07	0
1282.45	0
1282.82	0
1283.2	0
1283.58	0
1283.96	0
1284.34	0
1284.72	0
1285.1	0
1285.48	0
1285.86	0
1286.24	0
1286.62	0
1287	0
1287.38	0
1287.75	0
1288.13	0
1288.51	0
1288.89	0
1289.27	0
1289.65	0
1290.03	0
1290.41	0
1290.79	0
1291.17	0
1291.54	0
1291.92	0
1292.3	0
1292.68	0
1293.06	0
1293.44	0
1293.82	0
1294.2	0
1294.57	0
1294.95	0
1295.33	0
1295.71	0
1296.09	0
1296.47	0
1296.85	0
1297.22	0
1297.6	0
1297.98	0
1298.36	0
1298.74	0
1299.12	0
1299.5	0
1299.87	0
1300.25	0
1300.63	0
1301.01	0
1301.39	0
1301.77	0
1302.14	0
1302.52	0
1302.9	0
1303.28	0
1303.66	0
1304.03	0
1304.41	0
1304.79	0
1305.17	0
1305.55	0
1305.92	0
1306.3	0
1306.68	0
1307.06	0
1307.44	0
1307.81	0
1308.19	0
1308.57	0
1308.95	0
1309.32	0
1309.7	0
1310.08	0
1310.46	0
1310.84	0
1311.21	0
1311.59	0
1311.97	0
1312.35	0
1312.72	0
1313.1	0
1313.48	0
1313.86	0
1314.23	0
1314.61	0
1314.99	0
1315.37	0
1315.74	0
1316.12	0
1316.5	0
1316.87	0
1317.25	0
1317.63	0
1318.01	0
1318.38	0
1318.76	0
1319.14	0
1319.52	0
1319.89	0
1320.27	0
1320.65	0
1321.02	0
1321.4	0
1321.78	0
1322.15	0
1322.53	0
1322.91	0
1323.29	0
1323.66	0
1324.04	0
1324.42	0
1324.79	0
1325.17	0
1325.55	0
1325.92	0
1326.3	0
1326.68	0
1327.05	0
1327.43	0
1327.81	0
1328.18	0
1328.56	0
1328.94	0
1329.31	0
1329.69	0
1330.06	0
1330.44	0
1330.82	0
1331.19	0
1331.57	0
1331.95	0
1332.32	0
1332.7	0
1333.08	0
1333.45	0
1333.83	0
1334.2	0
1334.58	0
1334.96	0
1335.33	0
1335.71	0
1336.08	0
1336.46	0
1336.84	0
1337.21	0
1337.59	0
1337.96	0
1338.34	0
1338.72	0
1339.09	0
1339.47	0
1339.84	0
1340.22	0
1340.6	0
1340.97	0
1341.35	0
1341.72	0
1342.1	0
1342.47	0
1342.85	0
1343.23	0
1343.6	0
1343.98	0
1344.35	0
1344.73	0
1345.1	0
1345.48	0
1345.85	0
1346.23	0
1346.61	0
1346.98	0
1347.36	0
1347.73	0
1348.11	0
1348.48	0
1348.86	0
1349.23	0
1349.61	0
1349.98	0
1350.36	0
1350.73	0
1351.11	0
1351.48	0
1351.86	0
1352.23	0
1352.61	0
1352.98	0
1353.36	0
1353.73	0
1354.11	0
1354.48	0
1354.86	0
1355.23	0
1355.61	0
1355.98	0
1356.36	0
1356.73	0
1357.11	0
1357.48	0
1357.86	0
1358.23	0
1358.61	0
1358.98	0
1359.35	0
1359.73	0
1360.1	0
1360.48	0
1360.85	0
1361.23	0
1361.6	0
1361.98	0
1362.35	0
1362.72	0
1363.1	0
1363.47	0
1363.85	0
1364.22	0
1364.6	0
1364.97	0
1365.34	0
1365.72	0
1366.09	0
1366.47	0
1366.84	0
1367.22	0
1367.59	0
1367.96	0
1368.34	0
1368.71	0
1369.09	0.2
1369.46	-0.44
1369.83	-0.44
1370.21	-0.24
1370.58	-0.24
1370.96	-0.36
1371.33	0.36
1371.7	0.76
1372.08	0.68
1372.45	0.88
1372.82	0.96
1373.2	0.88
1373.57	0.52
1373.95	0.52
1374.32	0.52
1374.69	0.36
1375.07	0.36
1375.44	0.32
1375.81	0.24
1376.19	0.16
1376.56	0.24
1376.93	0.24
1377.31	0.24
1377.68	0.28
1378.05	0.2
1378.43	0.64
1378.8	0.84
1379.17	0.84
1379.55	0.8
1379.92	0.8
1380.29	0.28
1380.67	0.2
1381.04	0.24
1381.41	0.36
1381.79	0.36
1382.16	0.36
1382.53	0.24
1382.91	-0.6
1383.28	-0.56
1383.65	-0.6
1384.03	-0.6
1384.4	-0.6
1384.77	0.2
1385.14	0.52
1385.52	0.92
1385.89	1
1386.26	1.16
1386.64	1.28
1387.01	0.88
1387.38	0.48
1387.75	0.56
1388.13	0.4
1388.5	0.32
1388.87	0.36
1389.25	0.44
1389.62	0.08
1389.99	-0.04
1390.36	0.4
1390.74	0.28
1391.11	0.28
1391.48	0.48
1391.85	0.6
1392.23	0.36
1392.6	0.64
1392.97	0.56
1393.34	0.56
1393.72	0.6
1394.09	0.36
1394.46	0.32
1394.83	0.36
1395.21	0.36
1395.58	0.4
1395.95	0.56
1396.32	0.4
1396.69	0.48
1397.07	0.72
1397.44	0.64
1397.81	0.64
1398.18	0.68
1398.55	0.68
1398.93	0.44
1399.3	0.6
1399.67	0.56
1400.04	0.4
1400.41	0.48
1400.79	0.56
1401.16	0.48
1401.53	0.36
1401.9	0.44
1402.27	0.24
1402.65	0.16
1403.02	0.16
1403.39	0.32
1403.76	-0.04
1404.13	5.21806e-17
1404.51	0.24
1404.88	0.44
1405.25	0.76
1405.62	1.32
1405.99	1.6
1406.36	1.4
1406.74	1.28
1407.11	0.96
1407.48	0.88
1407.85	-0.56
1408.22	-0.52
1408.59	-0.56
1408.96	-0.4
1409.34	-0.6
1409.71	0.52
1410.08	0.68
1410.45	0.56
1410.82	0.24
1411.19	1.28
1411.56	1.68
1411.93	1.44
1412.31	1.44
1412.68	1.44
1413.05	0.4
1413.42	0.24
1413.79	0.24
1414.16	0.04
1414.53	0.2
1414.9	0.08
1415.27	-0.16
1415.65	0.08
1416.02	0.72
1416.39	0.76
1416.76	0.88
1417.13	1
1417.5	0.8
1417.87	0.84
1418.24	0.64
1418.61	0.84
1418.98	1.04
1419.35	1.08
1419.73	0.6
1420.1	0.6
1420.47	0.4
1420.84	0.12
1421.21	0.04
1421.58	0.12
1421.95	0.28
1422.32	0.32
1422.69	0.28
1423.06	0.32
1423.43	0.24
1423.8	0.08
1424.17	0.36
1424.54	0.48
1424.91	0.44
1425.28	0.44
1425.65	0.44
1426.02	0.12
1426.39	0
1426.76	-0.44
1427.14	-0.28
1427.51	-0.28
1427.88	-0.28
1428.25	-0.08
1428.62	0.36
1428.99	0.2
1429.36	0.2
1429.73	0.2
1430.1	0.16
1430.47	0.16
1430.84	0.24
1431.21	0.48
1431.58	0.56
1431.95	0.64
1432.32	0.52
1432.69	0.84
1433.06	0.8
1433.43	0.72
1433.8	0.48
1434.17	0.6
1434.54	0.2
1434.91	0
1435.28	0
1435.64	0.08
1436.01	-0.52
1436.38	-0.36
1436.75	-0.36
1437.12	-0.36
1437.49	-0.44
1437.86	0.16
1438.23	0
1438.6	0
1438.97	0
1439.34	0
1439.71	0.32
1440.08	0.48
1440.45	0.48
1440.82	8.4378e-17
1441.19	0.16
1441.56	-0.16
1441.93	8.4378e-17
1442.3	8.4378e-17
1442.67	-1.08
1443.03	-1.16
1443.4	-1.04
1443.77	-0.92
1444.14	-0.72
1444.51	1.16
1444.88	1.08
1445.25	1.2
1445.62	0.88
1445.99	0.68
1446.36	0.36
1446.73	0.36
1447.09	0.32
1447.46	0.2
1447.83	0.24
1448.2	0.44
1448.57	0.36
1448.94	0.2
1449.31	0.2
1449.68	0.16
1450.05	-3.33053e-18
1450.41	0.32
1450.78	0.04
1451.15	0.24
1451.52	0.32
1451.89	0.28
1452.26	0.28
1452.63	1.12
1453	1.04
1453.36	1.04
1453.73	1.04
1454.1	0.88
1454.47	0.28
1454.84	0.16
1455.21	0.08
1455.57	-0.32
1455.94	-0.4
1456.31	-0.24
1456.68	-0.04
1457.05	0.2
1457.42	0.64
1457.78	0.72
1458.15	0.56
1458.52	0.6
1458.89	0.6
1459.26	0.68
1459.63	0.6
1459.99	0.64
1460.36	0.88
1460.73	0.64
1461.1	0.6
1461.47	1
1461.83	0.96
1462.2	0.52
1462.57	0.84
1462.94	1.04
1463.31	0.72
1463.67	0.88
1464.04	0.92
1464.41	0.6
1464.78	-0.28
1465.15	-0.2
1465.51	-0.36
1465.88	-0.32
1466.25	-0.24
1466.62	0.48
1466.98	0.32
1467.35	0.32
1467.72	0.28
1468.09	0.2
1468.46	0.08
1468.82	0.08
1469.19	0.4
1469.56	0.32
1469.93	0.4
1470.29	0.4
1470.66	0.48
1471.03	0.36
1471.4	0.48
1471.76	0.56
1472.13	0.56
1472.5	0.48
1472.86	0.28
1473.23	0.16
1473.6	0.12
1473.97	0.28
1474.33	0.28
1474.7	0.28
1475.07	0.28
1475.44	0.2
1475.8	-0.16
1476.17	-0.12
1476.54	-0.08
1476.9	0.08
1477.27	0.12
1477.64	0.56
1478	0.68
1478.37	0.72
1478.74	0.56
1479.11	0.6
1479.47	0.4
1479.84	0.68
1480.21	0.72
1480.57	1.08
1480.94	0.96
1481.31	1
1481.67	0.6
1482.04	0.76
1482.41	0.44
1482.77	0.44
1483.14	0.36
1483.51	0.32
1483.87	0.2
1484.24	0.16
1484.61	0.16
1484.97	0.2
1485.34	0.2
1485.71	-0.68
1486.07	-0.4
1486.44	-0.32
1486.81	-0.36
1487.17	-0.08
1487.54	0.64
1487.9	0.44
1488.27	0.44
1488.64	0.32
1489	0.12
1489.37	0.12
1489.74	0.04
1490.1	-0.04
1490.47	0.4
1490.83	0.36
1491.2	0.36
1491.57	0.52
1491.93	0.6
1492.3	0.28
1492.66	0.28
1493.03	0.68
1493.4	0.52
1493.76	0.44
1494.13	0.52
1494.49	0.48
1494.86	0.16
1495.23	0.2
1495.59	0.24
1495.96	-0.72
1496.32	-0.6
1496.69	-0.68
1497.06	-0.72
1497.42	-1.36
1497.79	-0.48
1498.15	-0.32
1498.52	-0.28
1498.88	-0.28
1499.25	0.32
1499.62	0.2
1499.98	-0.08
1500.35	0.04
1500.71	0.04
1501.08	0.04
1501.44	0.4
1501.81	0.52
1502.17	0.64
1502.54	0.64
1502.9	0.64
1503.27	0.6
1503.64	0.84
1504	0.8
1504.37	0.96
1504.73	1.32
1505.1	1.12
1505.46	0.8
1505.83	0.76
1506.19	0.6
1506.56	0.4
1506.92	0.92
1507.29	1.12
1507.65	0.92
1508.02	0.92
1508.38	0.88
1508.75	0.4
1509.11	0.24
1509.48	0.8
1509.84	0.84
1510.21	0.8
1510.57	0.76
1510.94	0.68
1511.3	0.2
1511.67	0.28
1512.03	0.6
1512.4	0.76
1512.76	1.04
1513.13	0.32
1513.49	0
1513.85	-0.36
1514.22	-0.4
1514.58	-0.56
1514.95	0.16
1515.31	0.36
1515.68	0.32
1516.04	0.72
1516.41	0.8
1516.77	1.08
1517.14	1.08
1517.5	1.32
1517.86	0.8
1518.23	0.6
1518.59	0.24
1518.96	0.28
1519.32	0.36
1519.69	0.36
1520.05	0.36
1520.41	0.36
1520.78	1
1521.14	0.92
1521.51	1
1521.87	1.08
1522.24	1.08
1522.6	0.48
1522.96	0.72
1523.33	0.68
1523.69	0.6
1524.06	0.88
1524.42	1.12
1524.78	0.84
1525.15	0.88
1525.51	0.88
1525.88	0.8
1526.24	0.84
1526.6	0.76
1526.97	0.68
1527.33	0.68
1527.69	0.52
1528.06	0.16
1528.42	0.04
1528.79	0.44
1529.15	-0.36
1529.51	-0.4
1529.88	-0.2
1530.24	-0.2
1530.6	-0.36
1530.97	0.48
1531.33	0.48
1531.69	0.52
1532.06	0.8
1532.42	1
1532.78	1.04
1533.15	1.16
1533.51	1
1533.87	0.8
1534.24	0.52
1534.6	0.52
1534.96	0.64
1535.33	0.56
1535.69	0.68
1536.05	0.52
1536.42	0.44
1536.78	0.4
1537.14	0.4
1537.51	0.4
1537.87	0.6
1538.23	0.64
1538.6	0.48
1538.96	0.48
1539.32	0.48
1539.68	0.44
1540.05	0.52
1540.41	0.64
1540.77	0.64
1541.14	0.44
1541.5	0.32
1541.86	0.2
1542.23	0.12
1542.59	0.12
1542.95	0.12
1543.31	0.28
1543.68	0.64
1544.04	0.64
1544.4	1.16
1544.76	1.28
1545.13	1.08
1545.49	0.8
1545.85	0.84
1546.21	0.32
1546.58	0.2
1546.94	0.32
1547.3	0.6
1547.66	0.6
1548.03	0.72
1548.39	0.72
1548.75	0.64
1549.11	0.28
1549.48	0.48
1549.84	0.48
1550.2	0.64
1550.56	0.6
1550.93	0.8
1551.29	0.56
1551.65	0.52
1552.01	0.4
1552.37	0.44
1552.74	0.56
1553.1	0.48
1553.46	0.6
1553.82	0.72
1554.18	0.76
1554.55	0.52
1554.91	0.88
1555.27	0.92
1555.63	0.76
1555.99	1.12
1556.36	1.16
1556.72	-0.6
1557.08	-0.84
1557.44	-0.84
1557.8	-1.28
1558.17	-1.4
1558.53	0.04
1558.89	0.04
1559.25	0.04
1559.61	0.24
1559.97	0.28
1560.34	0.28
1560.7	0.28
1561.06	0.28
1561.42	0.08
1561.78	0.04
1562.14	-0.32
1562.5	-0.32
1562.87	0.04
1563.23	0.08
1563.59	-0.12
1563.95	0.4
1564.31	0.8
1564.67	0.56
1565.03	0.52
1565.4	0.84
1565.76	0.68
1566.12	0.28
1566.48	0.16
1566.84	0.24
1567.2	0.12
1567.56	-0.12
1567.92	0.08
1568.29	0.08
1568.65	0.32
1569.01	0.32
1569.37	0.28
1569.73	0.56
1570.09	0.84
1570.45	0.76
1570.81	1.36
1571.17	1.92
1571.53	1.44
1571.89	1.44
1572.26	1.32
1572.62	0.88
1572.98	0.56
1573.34	0.72
1573.7	0.96
1574.06	0.92
1574.42	0.76
1574.78	0.96
1575.14	0.8
1575.5	0.36
1575.86	-0.52
1576.22	-0.52
1576.58	8.43509e-17
1576.94	0.04
1577.3	-0.04
1577.67	0.76
1578.03	0.92
1578.39	0.2
1578.75	0.2
1579.11	0.84
1579.47	1
1579.83	0.84
1580.19	1.12
1580.55	1.12
1580.91	0.52
1581.27	0.52
1581.63	0.76
1581.99	0.64
1582.35	0.6
1582.71	0.56
1583.07	0.44
1583.43	0.52
1583.79	0.56
1584.15	0.56
1584.51	0.88
1584.87	0.84
1585.23	0.92
1585.59	0.76
1585.95	0.76
1586.31	0.44
1586.67	0.44
1587.03	0.2
1587.39	0.52
1587.75	0.52
1588.11	0.52
1588.47	0.6
1588.83	0.76
1589.19	0.4
1589.55	0.52
1589.91	0.52
1590.27	0.6
1590.63	0.36
1590.99	0.36
1591.35	0.6
1591.71	0.64
1592.07	0.64
1592.42	0.88
1592.78	1.08
1593.14	0.88
1593.5	0.84
1593.86	0.68
1594.22	0.52
1594.58	0.36
1594.94	0.4
1595.3	0.44
1595.66	0.64
1596.02	0.8
1596.38	0.76
1596.74	0.72
1597.1	0.68
1597.46	0.48
1597.81	0.16
1598.17	1
1598.53	1.04
1598.89	1.2
1599.25	1.2
1599.61	1.4
1599.97	0.56
1600.33	0.36
1600.69	0.56
1601.05	0.88
1601.4	0.68
1601.76	0.4
1602.12	1.04
1602.48	0.92
1602.84	0.84
1603.2	1.04
1603.56	1.36
1603.92	0.8
1604.28	1.08
1604.63	1.04
1604.99	0.88
1605.35	1.2
1605.71	1.28
1606.07	0.96
1606.43	0.92
1606.79	0.88
1607.14	0.6
1607.5	0.48
1607.86	0.36
1608.22	0.28
1608.58	0.28
1608.94	0.28
1609.29	0.48
1609.65	0.28
1610.01	0.52
1610.37	0.76
1610.73	0.72
1611.09	0.48
1611.44	0.72
1611.8	0.64
1612.16	0.6
1612.52	0.56
1612.88	0.72
1613.24	0.84
1613.59	0.6
1613.95	0.4
1614.31	0.4
1614.67	0.76
1615.03	0.56
1615.38	0.6
1615.74	0.72
1616.1	1
1616.46	0.6
1616.82	0.92
1617.17	1.4
1617.53	1.6
1617.89	1.64
1618.25	1.52
1618.6	1.16
1618.96	0.68
1619.32	0.52
1619.68	0.24
1620.04	0.24
1620.39	0.48
1620.75	0.8
1621.11	0.92
1621.47	1.08
1621.82	1.12
1622.18	0.96
1622.54	0.6
1622.9	0.32
1623.25	-0.84
1623.61	-0.32
1623.97	-0.12
1624.33	0.04
1624.68	-0.04
1625.04	0.96
1625.4	0.88
1625.75	0.44
1626.11	0.28
1626.47	0.4
1626.83	1.04
1627.18	0.56
1627.54	1
1627.9	1.08
1628.26	1.08
1628.61	0.44
1628.97	0.6
1629.33	0.48
1629.68	0.72
1630.04	0.68
1630.4	0.2
1630.75	0.24
1631.11	0.52
1631.47	0.32
1631.83	0.32
1632.18	0.76
1632.54	0.84
1632.9	0.52
1633.25	0.48
1633.61	0.48
1633.97	0.48
1634.32	0.24
1634.68	0.48
1635.04	0.4
1635.39	0.4
1635.75	0.52
1636.11	0.56
1636.46	0.28
1636.82	0.28
1637.18	0.28
1637.53	0.44
1637.89	0.52
1638.25	0.72
1638.6	0.92
1638.96	1.12
1639.31	1.2
1639.67	1.72
1640.03	1.68
1640.38	1.56
1640.74	1.36
1641.1	1
1641.45	0.52
1641.81	0.36
1642.16	0.28
1642.52	0.32
1642.88	0.32
1643.23	-0.16
1643.59	-0.24
1643.95	-0.24
1644.3	-0.2
1644.66	0.08
1645.01	0.36
1645.37	0.36
1645.73	0.52
1646.08	0.44
1646.44	0.4
1646.79	-0.2
1647.15	-0.16
1647.51	-0.2
1647.86	-0.2
1648.22	-0.44
1648.57	-0.44
1648.93	-0.16
1649.28	-0.28
1649.64	-0.2
1650	0.04
1650.35	0.64
1650.71	0.32
1651.06	0.4
1651.42	0.32
1651.77	0.12
1652.13	0.36
1652.48	0.72
1652.84	0.68
1653.2	0.68
1653.55	0.76
1653.91	0.84
1654.26	0.48
1654.62	0.8
1654.97	1
1655.33	0.96
1655.68	0.96
1656.04	1.16
1656.39	1.28
1656.75	1.36
1657.1	1.96
1657.46	1.64
1657.81	1.52
1658.17	1.4
1658.52	1.44
1658.88	1.2
1659.23	1.88
1659.59	1.92
1659.94	2.64
1660.3	3.2
1660.65	3.24
1661.01	3.4
1661.36	3.48
1661.72	3.2
1662.07	3
1662.43	2.88
1662.78	2.64
1663.14	2.96
1663.49	2.84
1663.85	3.16
1664.2	3.76
1664.56	3.6
1664.91	1.68
1665.27	1.84
1665.62	1.4
1665.98	1.48
1666.33	1.36
1666.69	2.92
1667.04	2.4
1667.39	2.44
1667.75	2
1668.1	2.4
1668.46	2.84
1668.81	3.4
1669.17	3.28
1669.52	2.84
1669.88	3.32
1670.23	3.84
1670.58	3.96
1670.94	4.76
1671.29	5.76
1671.65	5.56
1672	5.64
1672.36	5.76
1672.71	5.08
1673.06	4.44
1673.42	3.88
1673.77	4.04
1674.13	3.64
1674.48	5.04
1674.83	5.16
1675.19	5.48
1675.54	5.16
1675.9	5.52
1676.25	4.28
1676.6	3.64
1676.96	4.32
1677.31	3.36
1677.67	2.84
1678.02	2.92
1678.37	4.12
1678.73	3.52
1679.08	4.84
1679.43	5.32
1679.79	5.12
1680.14	5.36
1680.5	4.76
1680.85	5.04
1681.2	4.36
1681.56	4.68
1681.91	5.04
1682.26	5.4
1682.62	5.32
1682.97	6.36
1683.32	6.16
1683.68	4.68
1684.03	4.84
1684.38	4.08
1684.74	3.8
1685.09	3.88
1685.44	4.2
1685.8	4.32
1686.15	4.16
1686.5	5.6
1686.86	5.96
1687.21	6.04
1687.56	6.36
1687.92	6.8
1688.27	4.52
1688.62	5
1688.98	5.68
1689.33	4.92
1689.68	4.12
1690.03	5.2
1690.39	5.08
1690.74	4.2
1691.09	4.56
1691.45	4.8
1691.8	5.4
1692.15	4.48
1692.5	5.36
1692.86	6.24
1693.21	6.28
1693.56	5.12
1693.92	5.92
1694.27	4.72
1694.62	3.72
1694.97	4.44
1695.33	4.72
1695.68	4.08
1696.03	4.8
1696.38	5.08
1696.74	4.64
1697.09	4.72
1697.44	5.84
1697.79	5.84
1698.15	6.16
1698.5	7.12
1698.85	7.48
1699.2	5.64
1699.56	6.12
1699.91	5.88
1700.26	5.36
1700.61	5.2
1700.97	6.04
1701.32	6.08
1701.67	6.72
1702.02	6.88
1702.37	7.24
1702.73	8.04
1703.08	9.12
1703.43	9.2
1703.78	10.12
1704.13	9.76
1704.49	8.96
1704.84	8.64
1705.19	9.12
1705.54	8.16
1705.89	8.6
1706.25	9.6
1706.6	9.08
1706.95	8.92
1707.3	10.44
1707.65	9.92
1708.01	9.2
1708.36	10.24
1708.71	10.76
1709.06	10.72
1709.41	13.32
1709.76	14.68
1710.12	14.36
1710.47	13.44
1710.82	13.48
1711.17	11.8
1711.52	12.8
1711.87	13.92
1712.23	14.72
1712.58	14.88
1712.93	16.32
1713.28	15.88
1713.63	15.68
1713.98	17.08
1714.33	18.08
1714.69	16.64
1715.04	18.12
1715.39	18.48
1715.74	18.8
1716.09	18.16
1716.44	20.16
1716.79	20.48
1717.14	22.24
1717.5	22.72
1717.85	23.8
1718.2	24.24
1718.55	24.64
1718.9	24.92
1719.25	26.36
1719.6	27.08
1719.95	27.72
1720.3	27.2
1720.65	27.72
1721.01	28
1721.36	30.6
1721.71	30.76
1722.06	32.2
1722.41	31.12
1722.76	30.48
1723.11	29.88
1723.46	31.44
1723.81	31.92
1724.16	34.48
1724.51	37.36
1724.86	37.96
1725.21	39.48
1725.56	40.84
1725.92	41.52
1726.27	41.4
1726.62	41.2
1726.97	42
1727.32	41.76
1727.67	43.92
1728.02	45.04
1728.37	47.6
1728.72	47.68
1729.07	48.08
1729.42	47.68
1729.77	48.4
1730.12	47.96
1730.47	48.36
1730.82	50.16
1731.17	51.24
1731.52	52.48
1731.87	53.84
1732.22	54.36
1732.57	55.08
1732.92	54.92
1733.27	54.32
1733.62	55.16
1733.97	54.76
1734.32	55.08
1734.67	56.36
1735.02	54.68
1735.37	53.64
1735.72	56.6
1736.07	57.92
1736.42	57.76
1736.77	60.84
1737.12	61.88
1737.47	60.28
1737.82	59.72
1738.17	59
1738.52	57.4
1738.87	57.76
1739.22	58.04
1739.57	58.28
1739.92	58.32
1740.27	59.36
1740.62	58.68
1740.97	58.28
1741.32	55.72
1741.67	56.28
1742.02	52.52
1742.37	52.44
1742.72	52.52
1743.06	54.12
1743.41	52.64
1743.76	55.12
1744.11	51.56
1744.46	52.28
1744.81	50.16
1745.16	49.6
1745.51	48.36
1745.86	48.52
1746.21	46.24
1746.56	44.92
1746.91	43.44
1747.26	43.28
1747.6	44.28
1747.95	42.52
1748.3	42.16
1748.65	41.28
1749	40.8
1749.35	41.24
1749.7	41.92
1750.05	42.52
1750.4	45.64
1750.75	44.76
1751.09	39.88
1751.44	40.08
1751.79	38.4
1752.14	32.6
1752.49	30.52
1752.84	32.72
1753.19	30.92
1753.54	31.88
1753.88	31.24
1754.23	33.6
1754.58	35
1754.93	31.12
1755.28	29.96
1755.63	34.32
1755.98	31.56
1756.32	28.48
1756.67	28.92
1757.02	29.8
1757.37	30.4
1757.72	27.88
1758.07	28.8
1758.42	34.8
1758.76	33.84
1759.11	31.52
1759.46	34.12
1759.81	36.2
1760.16	34.52
1760.5	32.72
1760.85	35.52
1761.2	39.28
1761.55	38.72
1761.9	38.92
1762.25	44.96
1762.59	47.68
1762.94	51.72
1763.29	50.96
1763.64	56.84
1763.99	60
1764.33	56.28
1764.68	57.76
1765.03	64.64
1765.38	64.92
1765.73	68
1766.07	74
1766.42	83.48
1766.77	91.96
1767.12	94.2
1767.46	102.32
1767.81	113.12
1768.16	110.4
1768.51	115
1768.85	123.16
1769.2	125.48
1769.55	131.32
1769.9	138.72
1770.25	145.92
1770.59	160.64
1770.94	167.68
1771.29	172.92
1771.64	189.12
1771.98	193.48
1772.33	195.88
1772.68	209.28
1773.02	216.4
1773.37	224.68
1773.72	239.48
1774.07	248.96
1774.41	261.56
1774.76	279.88
1775.11	280.8
1775.46	286.04
1775.8	293.48
1776.15	289.64
1776.5	296.2
1776.84	312.12
1777.19	321.92
1777.54	348.8
1777.89	370.76
1778.23	382.6
1778.58	403.08
1778.93	417.96
1779.27	421.4
1779.62	435.28
1779.97	443.64
1780.31	449.4
1780.66	454.44
1781.01	461.36
1781.35	483.76
1781.7	503.64
1782.05	521.96
1782.39	553
1782.74	569.68
1783.09	579.36
1783.43	606.72
1783.78	619.68
1784.13	648.04
1784.47	664.68
1784.82	664.28
1785.17	665.92
1785.51	671.88
1785.86	674.36
1786.21	725.8
1786.55	763.92
1786.9	812
1787.25	856.6
1787.59	886.12
1787.94	891.52
1788.29	895.6
1788.63	887.72
1788.98	906.68
1789.32	911.68
1789.67	907.96
1790.02	893.72
1790.36	890.16
1790.71	931.2
1791.06	973.6
1791.4	1024.4
1791.75	1119.96
1792.09	1198.56
1792.44	1248.12
1792.79	1287
1793.13	1327.12
1793.48	1379.24
1793.82	1382.24
1794.17	1353.44
1794.52	1380.4
1794.86	1338.48
1795.21	1291.12
1795.55	1260.44
1795.9	1135.96
1796.24	1121.64
1796.59	1255.68
1796.94	1357
1797.28	1483.8
1797.63	1641.68
1797.97	1660.36
1798.32	1587.84
1798.66	1557.28
1799.01	1557.76
1799.36	1561.08
1799.7	1580.96
1800.05	1633.24
1800.39	1579.56
1800.74	1583.52
1801.08	1730.64
1801.43	1823.56
1801.77	1839.04
1802.12	1901.76
1802.46	1936.92
1802.81	1892.04
1803.15	1830.92
1803.5	1830.76
1803.85	1801.52
1804.19	1677.52
1804.54	1655.12
1804.88	1663.52
1805.23	1584.36
1805.57	1651.08
1805.92	1819.72
1806.26	1862.36
1806.61	1836.8
1806.95	1925.32
1807.3	2090.24
1807.64	2175.48
1807.99	2213.68
1808.33	2292.28
1808.68	2234.32
1809.02	2139.96
1809.37	2175.56
1809.71	2236.16
1810.06	2314.36
1810.4	2393.96
1810.75	2271.56
1811.09	2199.2
1811.43	2306
1811.78	2443.16
1812.12	2676.44
1812.47	2940.52
1812.81	2987.92
1813.16	2944.84
1813.5	2871
1813.85	2750.28
1814.19	2698.04
1814.54	2661.64
1814.88	2527
1815.23	2408.28
1815.57	2256.2
1815.91	1961.92
1816.26	1806.2
1816.6	1940.2
1816.95	2016.96
1817.29	2117.64
1817.64	2396.12
1817.98	2655.56
1818.32	2772.84
1818.67	2932.24
1819.01	3077.88
1819.36	3168.84
1819.7	3099.32
1820.05	2928.44
1820.39	2892.48
1820.73	2875.16
1821.08	2817.08
1821.42	2835.56
1821.77	2856.4
1822.11	2625.88
1822.45	2449.64
1822.8	2434.84
1823.14	2293.24
1823.49	2126.52
1823.83	2388.56
1824.17	2692.76
1824.52	2817.92
1824.86	3062.08
1825.2	3243.16
1825.55	3106.04
1825.89	2866.76
1826.24	2615.48
1826.58	2561.28
1826.92	2670.04
1827.27	2723.84
1827.61	2848.16
1827.95	3055.12
1828.3	2991.76
1828.64	2813.64
1828.98	2685.32
1829.33	2404.28
1829.67	2328.48
1830.02	2472.08
1830.36	2530.76
1830.7	2722.04
1831.05	3100.12
1831.39	3191.12
1831.73	3100.92
1832.08	3173.44
1832.42	3063.72
1832.76	2907.08
1833.1	2841.52
1833.45	2762.56
1833.79	2596.08
1834.13	2529.88
1834.48	2515.4
1834.82	2470.92
1835.16	2513.84
1835.51	2542.56
1835.85	2541.64
1836.19	2516.72
1836.54	2411.24
1836.88	2240.56
1837.22	2059.28
1837.56	1867.12
1837.91	1707.28
1838.25	1750.68
1838.59	1933.56
1838.94	2101.76
1839.28	2263.32
1839.62	2290.52
1839.96	2264.76
1840.31	2086.2
1840.65	1921.72
1840.99	1712.12
1841.34	1815.44
1841.68	1943.64
1842.02	2065.12
1842.36	2245.96
1842.71	2417.8
1843.05	2208.04
1843.39	1987.76
1843.73	2012.16
1844.08	2035.36
1844.42	2173.28
1844.76	2479.96
1845.1	2631.92
1845.45	2503.96
1845.79	2422.28
1846.13	2361.24
1846.47	2253.32
1846.81	2154.32
1847.16	2075.72
1847.5	2025.28
1847.84	2094.8
1848.18	2166.12
1848.53	2246.6
1848.87	2386.08
1849.21	2444.08
1849.55	2316.32
1849.89	2214.08
1850.24	2136.68
1850.58	2045.2
1850.92	1977.24
1851.26	1910.6
1851.6	1854.2
1851.95	1831.16
1852.29	1824.08
1852.63	1789.96
1852.97	1773.24
1853.31	1714.32
1853.66	1628.48
1854	1529.48
1854.34	1429.16
1854.68	1444.36
1855.02	1496.72
1855.36	1541.96
1855.71	1567.16
1856.05	1618.04
1856.39	1554
1856.73	1441.32
1857.07	1356.24
1857.41	1330.4
1857.76	1302.56
1858.1	1285.68
1858.44	1267.2
1858.78	1256.68
1859.12	1202.68
1859.46	1154.96
1859.8	1059.08
1860.15	979.6
1860.49	912.72
1860.83	959.84
1861.17	1005.72
1861.51	1033.44
1861.85	1073.52
1862.19	1053.48
1862.53	960.48
1862.88	906.72
1863.22	887.84
1863.56	864.52
1863.9	859.64
1864.24	875.4
1864.58	834.04
1864.92	803.84
1865.26	783.12
1865.6	772.12
1865.94	715.36
1866.29	671.44
1866.63	628.88
1866.97	583.68
1867.31	537.96
1867.65	501.48
1867.99	489.16
1868.33	465.28
1868.67	426.16
1869.01	392.52
1869.35	395.92
1869.69	428.24
1870.03	456.48
1870.37	506.96
1870.72	569.36
1871.06	573.72
1871.4	514.96
1871.74	461
1872.08	393.04
1872.42	356.44
1872.76	361.68
1873.1	373.28
1873.44	379.04
1873.78	381.64
1874.12	340.72
1874.46	281.12
1874.8	265.16
1875.14	279.96
1875.48	295.92
1875.82	307.8
1876.16	323.52
1876.5	321.12
1876.84	302.64
1877.18	293.76
1877.52	285.72
1877.86	263
1878.2	221.44
1878.54	190.72
1878.88	165.32
1879.22	147.16
1879.56	132.68
1879.9	118.52
1880.24	106.04
1880.58	93.28
1880.92	94.32
1881.26	96.08
1881.6	93.44
1881.94	82.84
1882.28	73.76
1882.62	61.68
1882.96	70.08
1883.3	84.96
1883.64	93.68
1883.98	101.96
1884.32	103.88
1884.66	85.16
1885	64.08
1885.34	55.16
1885.68	47.88
1886.02	41.32
1886.36	35.68
1886.7	31.56
1887.04	25.76
1887.38	21
1887.72	16.72
1888.06	13.92
1888.39	14.24
1888.73	18.36
1889.07	35.64
1889.41	50.96
1889.75	55.92
1890.09	70.24
1890.43	85.04
1890.77	76.36
1891.11	61.92
1891.45	57.04
1891.79	41.4
1892.13	24.04
1892.47	15.96
1892.8	16.32
1893.14	19.04
1893.48	25.12
1893.82	31.6
1894.16	33.12
1894.5	32.08
1894.84	32.2
1895.18	27.84
1895.52	26.04
1895.86	27.92
1896.19	34.08
1896.53	36.6
1896.87	43.32
1897.21	43.68
1897.55	47.64
1897.89	52.92
1898.23	65.4
1898.57	67.32
1898.9	68.84
1899.24	72.24
1899.58	70.8
1899.92	65.72
1900.26	67.08
1900.6	73.12
1900.94	74.2
1901.27	79.68
1901.61	83.64
1901.95	87.76
1902.29	93.24
1902.63	98.8
1902.97	105.28
1903.3	111.92
1903.64	120.24
1903.98	120.64
1904.32	122.44
1904.66	121.36
1905	124.08
1905.33	124.4
1905.67	132.56
1906.01	139.68
1906.35	147.8
1906.69	148.08
1907.02	150.44
1907.36	150.16
1907.7	154.76
1908.04	156.16
1908.38	165.32
1908.71	170.36
1909.05	179.28
1909.39	181.96
1909.73	186.88
1910.07	182.24
1910.4	184.76
1910.74	184.2
1911.08	188.96
1911.42	190.64
1911.76	202.56
1912.09	206.28
1912.43	214.48
1912.77	220.6
1913.11	231.24
1913.44	234.28
1913.78	241.4
1914.12	245.68
1914.46	250.76
1914.79	253.2
1915.13	252.52
1915.47	251.76
1915.81	250.8
1916.14	253.92
1916.48	257.04
1916.82	264.6
1917.16	272.96
1917.49	280
1917.83	278.92
1918.17	280.92
1918.5	282.56
1918.84	282.8
1919.18	285.72
1919.52	288.44
1919.85	288.4
1920.19	290.28
1920.53	296.36
1920.87	292.52
1921.2	292.6
1921.54	292.48
1921.88	292.24
1922.21	291
1922.55	298.96
1922.89	302.72
1923.22	303.8
1923.56	306.44
1923.9	307
1924.23	304.76
1924.57	302.72
1924.91	308.36
1925.25	306.04
1925.58	310.32
1925.92	311.96
1926.26	316.8
1926.59	310.72
1926.93	317.6
1927.27	313.16
1927.6	310.84
1927.94	308.4
1928.28	314.64
1928.61	308
1928.95	309.28
1929.29	311.12
1929.62	310.36
1929.96	306.12
1930.29	310.36
1930.63	308.24
1930.97	301.64
1931.3	303.72
1931.64	302.36
1931.98	299.08
1932.31	298.12
1932.65	303.36
1932.99	295.6
1933.32	296.68
1933.66	295.16
1933.99	292.28
1934.33	291.76
1934.67	292.48
1935	288.24
1935.34	287.84
1935.67	291.6
1936.01	286.6
1936.35	288.36
1936.68	289.72
1937.02	286.92
1937.35	285.12
1937.69	285.32
1938.03	281.8
1938.36	277.4
1938.7	279.64
1939.03	274.8
1939.37	274.64
1939.7	277.72
1940.04	279.28
1940.38	274.28
1940.71	275.76
1941.05	274.24
1941.38	268.6
1941.72	268.8
1942.05	267.4
1942.39	263.48
1942.73	260.68
1943.06	262.4
1943.4	256.84
1943.73	256.88
1944.07	256.84
1944.4	253.64
1944.74	249.52
1945.07	251.2
1945.41	248
1945.74	243.92
1946.08	244.96
1946.42	240.96
1946.75	235.76
1947.09	233.76
1947.42	234.8
1947.76	228.96
1948.09	229.36
1948.43	227.76
1948.76	226.08
1949.1	220.56
1949.43	222.6
1949.77	218.56
1950.1	215.6
1950.44	212.56
1950.77	213.88
1951.11	207.32
1951.44	206.8
1951.78	207.76
1952.11	207.4
1952.45	202.28
1952.78	204.24
1953.12	202.36
1953.45	198.76
1953.79	193.92
1954.12	193.88
1954.46	190.72
1954.79	186.32
1955.12	184.2
1955.46	185.72
1955.79	181.96
1956.13	178.56
1956.46	180.28
1956.8	176
1957.13	172.76
1957.47	171.36
1957.8	172.28
1958.14	166.48
1958.47	167.64
1958.8	165.36
1959.14	165.84
1959.47	159.64
1959.81	158.92
1960.14	155.6
1960.48	153
1960.81	146
1961.14	145.68
1961.48	142.96
1961.81	140.08
1962.15	137.08
1962.48	140.12
1962.82	135.72
1963.15	134.96
1963.48	133.72
1963.82	133.92
1964.15	129.2
1964.49	128.44
1964.82	126.92
1965.15	125.48
1965.49	122.04
1965.82	120.88
1966.16	121.92
1966.49	117.56
1966.82	114
1967.16	112.68
1967.49	109.12
1967.83	106
1968.16	105.6
1968.49	106.96
1968.83	105.24
1969.16	104.16
1969.49	102.24
1969.83	100.44
1970.16	96.16
1970.49	93.6
1970.83	92.8
1971.16	92.28
1971.5	90.28
1971.83	88.08
1972.16	87.36
1972.5	85.2
1972.83	81.68
1973.16	78.88
1973.5	78.2
1973.83	73.32
1974.16	70.12
1974.5	66.48
1974.83	66.72
1975.16	63.08
1975.5	63.76
1975.83	63.84
1976.16	64
1976.49	61.6
1976.83	60.36
1977.16	58.8
1977.49	55.12
1977.83	53.56
1978.16	52.48
1978.49	52.72
1978.83	50.68
1979.16	49.88
1979.49	47.92
1979.83	46.08
1980.16	43
1980.49	42.44
1980.82	40.92
1981.16	40.12
1981.49	38.36
1981.82	37.4
1982.15	36.36
1982.49	34.72
1982.82	31.76
1983.15	30.68
1983.49	29.88
1983.82	26.76
1984.15	25.28
1984.48	25.44
1984.82	22.88
1985.15	19.6
1985.48	18.12
1985.81	16.36
1986.15	14.28
1986.48	13.76
1986.81	14.08
1987.14	12.92
1987.48	12.2
1987.81	11.76
1988.14	9.56
1988.47	9.24
1988.81	8.44
1989.14	7.76
1989.47	5.88
1989.8	5.92
1990.13	4.84
1990.47	4.64
1990.8	4
1991.13	4.68
1991.46	5.6
1991.79	4
1992.13	2.48
1992.46	2.88
1992.79	1.88
1993.12	0.12
1993.45	0.28
1993.79	0.88
1994.12	0.32
1994.45	0.36
1994.78	0.88
1995.11	1.52
1995.45	1.64
1995.78	1.44
1996.11	1.8
1996.44	1.76
1996.77	1.32
1997.1	1.24
1997.44	1.24
1997.77	0.84
1998.1	0.48
1998.43	0.64
1998.76	0.52
1999.09	1.12
1999.43	0.28
1999.76	0.6
2000.09	0.44
2000.42	0.6
2000.75	-0.56
2001.08	0.4
2001.41	0.24
2001.75	0.28
2002.08	0.52
2002.41	1.56
2002.74	1.44
2003.07	1.36
2003.4	1.88
2003.73	2.2
2004.06	2.08
2004.4	2.52
2004.73	2.72
2005.06	2.36
2005.39	2.32
2005.72	2.68
2006.05	2.28
2006.38	2.96
2006.71	3.84
2007.04	3.76
2007.37	3.76
2007.71	4.28
2008.04	4.52
2008.37	3.84
2008.7	5.16
2009.03	5.36
2009.36	5.96
2009.69	6.4
2010.02	9.44
2010.35	10.16
2010.68	11.4
2011.01	13
2011.34	14.64
2011.67	13.52
2012.01	14.32
2012.34	14.84
2012.67	14.08
2013	14.08
2013.33	15.84
2013.66	15.72
2013.99	16.08
2014.32	17
2014.65	16.52
2014.98	15.96
2015.31	15.36
2015.64	17.16
2015.97	17.84
2016.3	17.68
2016.63	16.84
2016.96	18.12
2017.29	18.04
2017.62	17.56
2017.95	18.36
2018.28	21.16
2018.61	20.4
2018.94	20.08
2019.27	21.56
2019.6	22.52
2019.93	20.84
2020.26	21.96
2020.59	22.68
2020.92	23
2021.25	21.52
2021.58	21.84
2021.91	22.76
2022.24	22.04
2022.57	20.64
2022.9	23.64
2023.23	24.56
2023.56	24.32
2023.89	23.6
2024.22	23.96
2024.55	22.84
2024.88	20.88
2025.21	20
2025.54	20.24
2025.87	20
2026.2	18.48
2026.53	18.84
2026.86	18.76
2027.19	19.28
2027.52	18.56
2027.85	19
2028.18	19.52
2028.51	18.8
2028.84	16.96
2029.16	18
2029.49	17.28
2029.82	17.16
2030.15	17.04
2030.48	17.08
2030.81	16
2031.14	15.88
2031.47	14.6
2031.8	14.12
2032.13	13.92
2032.46	13.68
2032.79	12.16
2033.12	12.28
2033.44	11.56
2033.77	10.68
2034.1	9.32
2034.43	10.56
2034.76	10.8
2035.09	10.32
2035.42	11
2035.75	11.4
2036.08	10.12
2036.41	8.24
2036.73	8.52
2037.06	7.52
2037.39	7.24
2037.72	7.56
2038.05	7.84
2038.38	7.2
2038.71	7.12
2039.04	5.52
2039.36	4.44
2039.69	4.4
2040.02	3.64
2040.35	3.76
2040.68	4.48
2041.01	4.16
2041.34	3.48
2041.66	3.24
2041.99	2.08
2042.32	2.32
2042.65	2.88
2042.98	2.88
2043.31	3.6
2043.63	3.92
2043.96	4.04
2044.29	3.4
2044.62	3.6
2044.95	3.24
2045.28	3.12
2045.6	2.16
2045.93	2.24
2046.26	1.52
2046.59	1.32
2046.92	1
2047.24	1.84
2047.57	1.44
2047.9	1.36
2048.23	1.16
2048.56	1.16
2048.88	0.64
2049.21	0.88
2049.54	1.4
2049.87	1.24
2050.2	1.68
2050.52	1.6
2050.85	1.44
2051.18	1.64
2051.51	2.04
2051.83	1.8
2052.16	1.68
2052.49	1.8
2052.82	1.32
2053.15	0.96
2053.47	0.72
2053.8	0.92
2054.13	0.72
2054.46	0.8
2054.78	0.92
2055.11	0.96
2055.44	0.44
2055.77	0.92
2056.09	0.6
2056.42	0.44
2056.75	0.56
2057.08	0.84
2057.4	0.56
2057.73	0.56
2058.06	0.56
2058.38	1
2058.71	0.84
2059.04	0.64
2059.37	0.76
2059.69	0.76
2060.02	0.12
2060.35	0.24
2060.67	0.24
2061	0.16
2061.33	0.28
2061.66	0.4
2061.98	0.76
2062.31	0.92
2062.64	1.36
2062.96	1.52
2063.29	1.48
2063.62	1.44
2063.94	1.28
2064.27	0.88
2064.6	0.44
2064.92	0.36
2065.25	-0.04
2065.58	0.24
2065.91	0.16
2066.23	0.76
2066.56	0.8
2066.89	0.76
2067.21	0.84
2067.54	0.92
2067.87	0.6
2068.19	0.56
2068.52	0.64
2068.84	0.32
2069.17	0.28
2069.5	0.48
2069.82	0.6
2070.15	0.8
2070.48	0.96
2070.8	0.92
2071.13	1.28
2071.46	1.2
2071.78	1
2072.11	1.04
2072.43	1.6
2072.76	1.08
2073.09	1.52
2073.41	1.56
2073.74	1.72
2074.07	1.6
2074.39	1.48
2074.72	1.44
2075.04	1.64
2075.37	1.36
2075.7	1.24
2076.02	1.92
2076.35	2.24
2076.67	2.48
2077	2.52
2077.33	2.24
2077.65	1.92
2077.98	1.68
2078.3	1.36
2078.63	1.24
2078.95	1.8
2079.28	1.48
2079.61	0.4
2079.93	0.36
2080.26	0.48
2080.58	0.36
2080.91	0.68
2081.23	1.84
2081.56	2.56
2081.89	2.92
2082.21	2.72
2082.54	2.4
2082.86	2
2083.19	1.64
2083.51	1.28
2083.84	1.28
2084.16	1.6
2084.49	1.68
2084.81	2.08
2085.14	2.44
2085.46	2.56
2085.79	2.6
2086.12	2.32
2086.44	1.4
2086.77	1.64
2087.09	1.52
2087.42	1.16
2087.74	2.12
2088.07	2.12
2088.39	2.2
2088.72	2.52
2089.04	2.44
2089.37	1.68
2089.69	1.88
2090.02	1.44
2090.34	0.92
2090.67	1.36
2090.99	-0.68
2091.32	-0.68
2091.64	-0.68
2091.97	-0.48
2092.29	-0.76
2092.62	1.08
2092.94	1.48
2093.26	1.64
2093.59	1.72
2093.91	1.16
2094.24	1.16
2094.56	0.76
2094.89	0.4
2095.21	0.16
2095.54	0.72
2095.86	1.04
2096.19	1.32
2096.51	1.24
2096.84	1.4
2097.16	1.4
2097.48	1.08
2097.81	0.8
2098.13	1.12
2098.46	0.6
2098.78	0.68
2099.11	0.68
2099.43	0.68
2099.75	0.52
2100.08	0.76
2100.4	0.88
2100.73	1.28
2101.05	1.28
2101.38	1.12
2101.7	1.32
2102.02	0.96
2102.35	0.76
2102.67	0.72
2103	1.16
2103.32	1.48
2103.64	1.56
2103.97	1.44
2104.29	1.88
2104.62	1.32
2104.94	1.28
2105.26	0.6
2105.59	0.64
2105.91	0.36
2106.23	0.48
2106.56	0.16
2106.88	0.76
2107.21	0.64
2107.53	0.32
2107.85	0.48
2108.18	0.76
2108.5	1.24
2108.82	1.48
2109.15	1.48
2109.47	1.24
2109.79	0.84
2110.12	0.64
2110.44	0.44
2110.76	0.4
2111.09	0.52
2111.41	0.48
2111.73	0.68
2112.06	0.76
2112.38	0.84
2112.7	0.44
2113.03	0.44
2113.35	0.16
2113.67	0.08
2114	0.16
2114.32	0.52
2114.64	0.92
2114.97	1.04
2115.29	1
2115.61	1.72
2115.94	1.72
2116.26	1.32
2116.58	1.08
2116.91	0.16
2117.23	-0.6
2117.55	-0.04
2117.87	0.48
2118.2	0.48
2118.52	1.56
2118.84	1.56
2119.17	0.96
2119.49	0.44
2119.81	0.44
2120.13	0.88
2120.46	0.96
2120.78	0.08
2121.1	0.76
2121.42	0.8
2121.75	0.2
2122.07	0.8
2122.39	1.72
2122.72	1.32
2123.04	1.52
2123.36	1.84
2123.68	1.24
2124.01	1.36
2124.33	1.88
2124.65	1.8
2124.97	1.52
2125.29	1.52
2125.62	1.28
2125.94	0.52
2126.26	0.48
2126.58	0.84
2126.91	-0.32
2127.23	0.08
2127.55	0.04
2127.87	0.16
2128.2	0.04
2128.52	1.04
2128.84	0.68
2129.16	0.84
2129.48	0.76
2129.81	0.48
2130.13	0.84
2130.45	0.8
2130.77	0.96
2131.09	1.12
2131.42	1.12
2131.74	0.96
2132.06	1.04
2132.38	0.88
2132.7	0.64
2133.02	0.8
2133.35	0.68
2133.67	0.8
2133.99	0.92
2134.31	0.2
2134.63	0.36
2134.96	0.4
2135.28	0.2
2135.6	0.08
2135.92	0.84
2136.24	1.12
2136.56	1
2136.88	1.08
2137.21	1.04
2137.53	0.84
2137.85	0.24
2138.17	-0.28
2138.49	0.12
2138.81	0.48
2139.13	0.48
2139.46	0.76
2139.78	1.36
2140.1	0.88
2140.42	0.88
2140.74	1.04
2141.06	1.16
2141.38	1.16
2141.7	1.32
2142.03	1.08
2142.35	1
2142.67	0.68
2142.99	0.72
2143.31	0.88
2143.63	0.68
2143.95	0.68
2144.27	0.6
2144.59	1.04
2144.91	0.52
2145.24	0.6
2145.56	1.12
2145.88	1.16
2146.2	0.92
2146.52	1.56
2146.84	1.64
2147.16	1.12
2147.48	1.24
2147.8	0.88
2148.12	0.56
2148.44	1.04
2148.76	0.96
2149.08	0.96
2149.41	1.08
2149.73	1.2
2150.05	0.68
2150.37	1.04
2150.69	1.08
2151.01	1.12
2151.33	0.92
2151.65	0.76
2151.97	0.48
2152.29	0.28
2152.61	-0.24
2152.93	0.16
2153.25	0.16
2153.57	0.28
2153.89	0.52
2154.21	0.56
2154.53	0.64
2154.85	0.64
2155.17	0.56
2155.49	0.12
2155.81	0.52
2156.13	0.24
2156.45	0.8
2156.77	0.88
2157.09	1.36
2157.41	1.28
2157.73	1.2
2158.05	0.64
2158.37	0.52
2158.69	0.32
2159.01	0.32
2159.33	0.24
2159.65	0.32
2159.97	0.56
2160.29	0.92
2160.61	0.92
2160.93	1
2161.25	0.92
2161.57	1.08
2161.89	0.72
2162.21	0.76
2162.53	0.6
2162.85	0.32
2163.17	-0.16
2163.49	0.04
2163.81	0.08
2164.13	0.28
2164.45	0.2
2164.77	0.2
2165.08	0.28
2165.4	0.2
2165.72	0.48
2166.04	1.2
2166.36	1.52
2166.68	1.16
2167	1.24
2167.32	0.92
2167.64	0.96
2167.96	0.84
2168.28	0.96
2168.6	1.32
2168.92	1.32
2169.24	0.92
2169.55	0.88
2169.87	0.92
2170.19	0.6
2170.51	0.52
2170.83	0.52
2171.15	0.4
2171.47	0.28
2171.79	0.16
2172.11	0.16
2172.43	0.16
2172.74	0.12
2173.06	0.12
2173.38	0.36
2173.7	0.4
2174.02	0.4
2174.34	0.68
2174.66	0.64
2174.98	0.44
2175.29	0.32
2175.61	0.68
2175.93	0.72
2176.25	0.72
2176.57	0.72
2176.89	0.92
2177.21	0.84
2177.52	0.72
2177.84	0.76
2178.16	1.08
2178.48	0.88
2178.8	0.84
2179.12	0.64
2179.43	0.88
2179.75	-0.28
2180.07	0.12
2180.39	-0.08
2180.71	0.08
2181.03	-0.2
2181.34	0.8
2181.66	0.4
2181.98	0.72
2182.3	0.72
2182.62	0.8
2182.93	0.48
2183.25	0.48
2183.57	0.24
2183.89	0.36
2184.21	0.36
2184.52	0.48
2184.84	0.64
2185.16	0.6
2185.48	0.4
2185.8	0.32
2186.11	0.32
2186.43	0.6
2186.75	0.52
2187.07	0.6
2187.39	-0.2
2187.7	-0.08
2188.02	-1
2188.34	-0.48
2188.66	-0.24
2188.97	0.72
2189.29	0.6
2189.61	1.64
2189.93	1.2
2190.24	0.84
2190.56	1.28
2190.88	1.4
2191.2	1.96
2191.51	1.88
2191.83	2
2192.15	2
2192.47	2.04
2192.78	1.2
2193.1	1.28
2193.42	1.24
2193.74	0.92
2194.05	1.12
2194.37	1.28
2194.69	1.56
2195	1.28
2195.32	1.32
2195.64	1.36
2195.96	1
2196.27	1.08
2196.59	0.76
2196.91	0.8
2197.22	0.48
2197.54	0.4
2197.86	0.16
2198.18	0.72
2198.49	0.4
2198.81	0.56
2199.13	0.68
2199.44	0.8
2199.76	0.76
2200.08	0.72
2200.39	0.6
2200.71	0.48
2201.03	0.36
2201.34	0.32
2201.66	0.36
2201.98	0.28
2202.29	0.52
2202.61	0.32
2202.93	0.56
2203.24	0.68
2203.56	0.92
2203.88	0.88
2204.19	0.92
2204.51	0.72
2204.83	0.76
2205.14	0.48
2205.46	0.4
2205.78	0.64
2206.09	0.68
2206.41	0.28
2206.72	0.48
2207.04	0.44
2207.36	0.32
2207.67	0.48
2207.99	0.8
2208.31	0.68
2208.62	0.92
2208.94	0.96
2209.25	0.84
2209.57	0.72
2209.89	0.64
2210.2	0.32
2210.52	0.12
2210.83	0.24
2211.15	0.52
2211.47	0.56
2211.78	0.56
2212.1	0.24
2212.41	0.28
2212.73	0.12
2213.05	0.2
2213.36	0.2
2213.68	0.92
2213.99	0.64
2214.31	0.72
2214.62	0.84
2214.94	1.08
2215.26	0.68
2215.57	0.8
2215.89	0.72
2216.2	0.6
2216.52	0.44
2216.83	0.44
2217.15	0.76
2217.46	0.68
2217.78	0.92
2218.1	0.92
2218.41	1.28
2218.73	0.88
2219.04	1.4
2219.36	1.04
2219.67	1.2
2219.99	0.84
2220.3	0.92
2220.62	0.52
2220.93	1.24
2221.25	1.12
2221.56	1.12
2221.88	1.28
2222.19	1.2
2222.51	0.64
2222.82	-0.88
2223.14	-0.88
2223.45	-1.16
2223.77	-1.16
2224.08	-1.28
2224.4	0.16
2224.71	0.16
2225.03	0.16
2225.34	0.08
2225.66	-1.32
2225.97	-1.32
2226.29	-1.32
2226.6	-1.32
2226.92	-1.28
2227.23	0.08
2227.55	0.12
2227.86	0.12
2228.18	0.12
2228.49	0.08
2228.81	0.08
2229.12	0.08
2229.44	0.08
2229.75	0.24
2230.07	0.64
2230.38	0.72
2230.69	0.68
2231.01	0.68
2231.32	0.52
2231.64	0.24
2231.95	0.16
2232.27	0.4
2232.58	0.4
2232.9	0.4
2233.21	0.32
2233.52	0.8
2233.84	0.6
2234.15	0.6
2234.47	0.72
2234.78	0.68
2235.1	0.4
2235.41	0.32
2235.72	0.68
2236.04	0.56
2236.35	0.68
2236.67	-0.08
2236.98	-0.04
2237.29	-0.4
2237.61	-0.36
2237.92	-0.44
2238.24	0.12
2238.55	0.24
2238.86	0.56
2239.18	1.16
2239.49	0.32
2239.8	0.76
2240.12	0.6
2240.43	0.72
2240.75	0.08
2241.06	1
2241.37	0.76
2241.69	0.88
2242	0.48
2242.31	0.56
2242.63	0.44
2242.94	0.4
2243.26	0.04
2243.57	4.2189e-17
2243.88	-0.08
2244.2	0.16
2244.51	1.33221e-17
2244.82	0.24
2245.14	0.24
2245.45	0.28
2245.76	0.08
2246.08	0.4
2246.39	0.64
2246.7	0.64
2247.02	0.84
2247.33	0.88
2247.64	0.6
2247.96	0.48
2248.27	0.48
2248.58	-0.76
2248.9	-0.8
2249.21	-0.8
2249.52	-0.6
2249.83	-0.56
2250.15	0.52
2250.46	0.84
2250.77	1.04
2251.09	0.72
2251.4	0.72
2251.71	0.64
2252.03	0.28
2252.34	0.04
2252.65	0.32
2252.96	0.44
2253.28	0.52
2253.59	0.56
2253.9	1.12
2254.21	0.96
2254.53	0.8
2254.84	0.32
2255.15	0.48
2255.47	-0.04
2255.78	-0.16
2256.09	-0.08
2256.4	0.32
2256.72	0.4
2257.03	0.56
2257.34	0.56
2257.65	0.8
2257.97	0.88
2258.28	0.6
2258.59	0.4
2258.9	0.52
2259.22	0.2
2259.53	0.12
2259.84	0.2
2260.15	0.32
2260.46	0.2
2260.78	0.24
2261.09	0.4
2261.4	0.48
2261.71	0.36
2262.03	0.36
2262.34	0.56
2262.65	0.4
2262.96	0.24
2263.27	0.24
2263.59	0.64
2263.9	0.48
2264.21	0.48
2264.52	0.6
2264.83	0.6
2265.15	0.28
2265.46	0.32
2265.77	0.32
2266.08	0.44
2266.39	0.88
2266.7	0.8
2267.02	0.68
2267.33	0.28
2267.64	0.32
2267.95	-0.08
2268.26	-0.08
2268.57	0.36
2268.89	0.96
2269.2	0.68
2269.51	0.64
2269.82	1.2
2270.13	1.32
2270.44	1.32
2270.76	1.08
2271.07	1.32
2271.38	0.16
2271.69	-0.36
2272	-0.44
2272.31	-0.4
2272.62	-1.2
2272.93	-0.56
2273.25	-0.32
2273.56	-0.04
2273.87	0.2
2274.18	0.8
2274.49	0.88
2274.8	0.68
2275.11	0.28
2275.42	0.4
2275.74	0.36
2276.05	0.36
2276.36	0.36
2276.67	0.56
2276.98	0.6
2277.29	0.64
2277.6	0.56
2277.91	0.48
2278.22	-0.08
2278.53	-0.08
2278.85	-0.08
2279.16	-1.12
2279.47	-0.92
2279.78	-0.24
2280.09	1.13245e-16
2280.4	-0.04
2280.71	0.96
2281.02	1.2
2281.33	0.88
2281.64	0.44
2281.95	0.52
2282.26	0.52
2282.57	0.32
2282.88	0.32
2283.19	0.32
2283.5	0.28
2283.82	0.28
2284.13	0.44
2284.44	0.44
2284.75	0.04
2285.06	0.12
2285.37	0.56
2285.68	0.16
2285.99	0.16
2286.3	0.6
2286.61	0.52
2286.92	0.08
2287.23	0.12
2287.54	0.16
2287.85	0.24
2288.16	0.2
2288.47	0.32
2288.78	0.28
2289.09	0.28
2289.4	0.2
2289.71	0.2
2290.02	0.12
2290.33	0.16
2290.64	0.12
2290.95	-0.12
2291.26	-0.12
2291.57	-0.16
2291.88	-0.6
2292.19	-0.4
2292.5	-0.2
2292.81	-0.2
2293.12	-0.2
2293.43	0.2
2293.74	0
2294.05	0
2294.36	0
2294.67	0
2294.98	0
2295.29	0
2295.6	0
2295.91	0
2296.21	0
2296.52	0
2296.83	0
2297.14	0
2297.45	0
2297.76	0
2298.07	0
2298.38	0
2298.69	0
2299	0
2299.31	0
2299.62	0
2299.93	0
2300.24	0
2300.55	0
2300.85	0
2301.16	0
2301.47	0
2301.78	0
2302.09	0
2302.4	0
2302.71	0
2303.02	0
2303.33	0
2303.64	0
2303.94	0
2304.25	0
2304.56	0
2304.87	0
2305.18	0
2305.49	0
2305.8	0
2306.11	0
2306.42	0
2306.72	0
2307.03	0
2307.34	0
2307.65	0
2307.96	0
2308.27	0
2308.58	0
2308.88	0
2309.19	0
2309.5	0
2309.81	0
2310.12	0
2310.43	0
2310.74	0
2311.04	0
2311.35	0
2311.66	0
2311.97	0
2312.28	0
2312.59	0
2312.89	0
2313.2	0
2313.51	0
2313.82	0
2314.13	0
2314.43	0
2314.74	0
2315.05	0
2315.36	0
2315.67	0
2315.97	0
2316.28	0
2316.59	0
2316.9	0
2317.21	0
2317.51	0
2317.82	0
2318.13	0
2318.44	0
2318.75	0
2319.05	0
2319.36	0
2319.67	0
2319.98	0
2320.28	0
2320.59	0
2320.9	0
2321.21	0
2321.51	0
2321.82	0
2322.13	0
2322.44	0
2322.74	0
2323.05	0
2323.36	0
2323.67	0
2323.97	0
2324.28	0
2324.59	0
2324.9	0
2325.2	0
2325.51	0
2325.82	0
2326.13	0
2326.43	0
2326.74	0
2327.05	0
2327.35	0
2327.66	0
2327.97	0
2328.27	0
2328.58	0
2328.89	0
2329.2	0
2329.5	0
2329.81	0
2330.12	0
2330.42	0
2330.73	0
2331.04	0
2331.34	0
2331.65	0
2331.96	0
2332.26	0
2332.57	0
2332.88	0
2333.18	0
2333.49	0
2333.8	0
2334.1	0
2334.41	0
2334.72	0
2335.02	0
2335.33	0
2335.64	0
2335.94	0
2336.25	0
2336.56	0
2336.86	0
2337.17	0
2337.48	0
2337.78	0
2338.09	0
2338.39	0
2338.7	0
2339.01	0
2339.31	0
2339.62	0
2339.93	0
2340.23	0
2340.54	0
2340.84	0
2341.15	0
2341.46	0
2341.76	0
2342.07	0
2342.37	0
2342.68	0
2342.99	0
2343.29	0
2343.6	0
2343.9	0
2344.21	0
2344.51	0
2344.82	0
2345.13	0
2345.43	0
2345.74	0
2346.04	0
2346.35	0
2346.65	0
2346.96	0
2347.27	0
2347.57	0
2347.88	0
2348.18	0
2348.49	0
2348.79	0
2349.1	0
2349.4	0
2349.71	0
2350.01	0
2350.32	0
2350.63	0
2350.93	0
2351.24	0
2351.54	0
2351.85	0
2352.15	0
2352.46	0
2352.76	0
2353.07	0
2353.37	0
2353.68	0
2353.98	0
2354.29	0
2354.59	0
2354.9	0
2355.2	0
2355.51	0
2355.81	0
2356.12	0
2356.42	0
2356.73	0
2357.03	0
2357.34	0
2357.64	0
2357.95	0
2358.25	0
2358.55	0
2358.86	0
2359.16	0
2359.47	0
2359.77	0
2360.08	0
2360.38	0
2360.69	0
2360.99	0
2361.3	0
2361.6	0
2361.9	0
2362.21	0
2362.51	0
2362.82	0
2363.12	0
2363.43	0
2363.73	0
2364.04	0
2364.34	0
2364.64	0
2364.95	0
2365.25	0
2365.56	0
2365.86	0
2366.16	0
2366.47	0
2366.77	0
2367.08	0
2367.38	0
2367.68	0
2367.99	0
2368.29	0
2368.6	0
2368.9	0
2369.2	0
2369.51	0
2369.81	0
2370.12	0
2370.42	0
2370.72	0
2371.03	0
2371.33	0
2371.63	0
2371.94	0
2372.24	0
2372.55	0
2372.85	0
2373.15	0
2373.46	0
2373.76	0
2374.06	0
2374.37	0
2374.67	0
2374.97	0
2375.28	0
2375.58	0
2375.88	0
2376.19	0
2376.49	0
2376.79	0
2377.1	0
2377.4	0
2377.7	0
2378.01	0
2378.31	0
2378.61	0
2378.92	0
2379.22	0
2379.52	0
2379.82	0
2380.13	0
2380.43	0
2380.73	0
2381.04	0
2381.34	0
2381.64	0
2381.95	0
2382.25	0
2382.55	0
2382.85	0
2383.16	0
2383.46	0
2383.76	0
2384.06	0
2384.37	0
2384.67	0
2384.97	0
2385.28	0
2385.58	0
2385.88	0
2386.18	0
2386.49	0
2386.79	0
2387.09	0
2387.39	0
2387.69	0
2388	0
2388.3	0
2388.6	0
2388.9	0
2389.21	0
2389.51	0
2389.81	0
2390.11	0
2390.42	0
2390.72	0
2391.02	0
2391.32	0
2391.62	0
2391.93	0
2392.23	0
2392.53	0
2392.83	0
2393.13	0
2393.44	0
2393.74	0
2394.04	0
2394.34	0
2394.64	0
2394.95	0
2395.25	0
2395.55	0
2395.85	0
2396.15	0
2396.45	0
2396.76	0
2397.06	0
2397.36	0
2397.66	0
2397.96	0
2398.26	0
2398.57	0
2398.87	0
2399.17	0
2399.47	0
2399.77	0
2400.07	0
2400.37	0
2400.68	0
2400.98	0
2401.28	0
2401.58	0
2401.88	0
2402.18	0
2402.48	0
2402.79	0
2403.09	0
2403.39	0
2403.69	0
2403.99	0
2404.29	0
2404.59	0
2404.89	0
2405.19	0
2405.5	0
2405.8	0
2406.1	0
2406.4	0
2406.7	0
2407	0
2407.3	0
2407.6	0
2407.9	0
2408.2	0
2408.5	0
2408.8	0
2409.11	0
2409.41	0
2409.71	0
2410.01	0
2410.31	0
2410.61	0
2410.91	0
2411.21	0
2411.51	0
2411.81	0
2412.11	0
2412.41	0
2412.71	0
2413.01	0
2413.31	0
2413.61	0
2413.91	0
2414.21	0
2414.51	0
2414.81	0
2415.12	0
2415.42	0
2415.72	0
2416.02	0
2416.32	0
2416.62	0
2416.92	0
2417.22	0
2417.52	0
2417.82	0
2418.12	0
2418.42	0
2418.72	0
2419.02	0
2419.32	0
2419.62	0
2419.92	0
2420.22	0
2420.52	0
2420.82	0
2421.12	0
2421.42	0
2421.71	0
2422.01	0
2422.31	0
2422.61	0
2422.91	0
2423.21	0
2423.51	0
2423.81	0
2424.11	0
2424.41	0
2424.71	0
2425.01	0
2425.31	0
2425.61	0
2425.91	0
2426.21	0
2426.51	0
2426.81	0
2427.11	0
2427.41	0
2427.7	0
2428	0
2428.3	0
2428.6	0
2428.9	0
2429.2	0
2429.5	0
2429.8	0
2430.1	0
2430.4	0
2430.7	0
2430.99	0
2431.29	0
2431.59	0
2431.89	0
2432.19	0
2432.49	0
2432.79	0
2433.09	0
2433.39	0
2433.68	0
2433.98	0
2434.28	0
2434.58	0
2434.88	0
2435.18	0
2435.48	0
2435.78	0
2436.07	0
2436.37	0
2436.67	0
2436.97	0
2437.27	0
2437.57	0
2437.86	0
2438.16	0
2438.46	0
2438.76	0
2439.06	0
2439.36	0
2439.66	0
2439.95	0
2440.25	0
2440.55	0
2440.85	0
2441.15	0
2441.44	0
2441.74	0
2442.04	0
2442.34	0
2442.64	0
2442.93	0
2443.23	0
2443.53	0
2443.83	0
2444.13	0
2444.42	0
2444.72	0
2445.02	0
2445.32	0
2445.62	0
2445.91	0
2446.21	0
2446.51	0
2446.81	0
2447.1	0
2447.4	0
2447.7	0
2448	0
2448.3	0
2448.59	0
2448.89	0
2449.19	0
2449.49	0
2449.78	0
2450.08	0
2450.38	0
2450.68	0
2450.97	0
2451.27	0
2451.57	0
2451.87	0
2452.16	0
2452.46	0
2452.76	0
2453.05	0
2453.35	0
2453.65	0
2453.95	0
2454.24	0
2454.54	0
2454.84	0
2455.13	0
2455.43	0
2455.73	0
2456.03	0
2456.32	0
2456.62	0
2456.92	0
2457.21	0
2457.51	0
2457.81	0
2458.1	0
2458.4	0
2458.7	0
2458.99	0
2459.29	0
2459.59	0
2459.88	0
2460.18	0
2460.48	0
2460.77	0
2461.07	0
2461.37	0
2461.66	0
2461.96	0
2462.26	0
2462.55	0
2462.85	0
2463.15	0
2463.44	0
2463.74	0
2464.04	0
2464.33	0
2464.63	0
2464.92	0
2465.22	0
2465.52	0
2465.81	0
2466.11	0
2466.41	0
2466.7	0
2467	0
2467.29	0
2467.59	0
2467.89	0
2468.18	0
2468.48	0
2468.77	0
2469.07	0
2469.37	0
2469.66	0
2469.96	0
2470.25	0
2470.55	0
2470.84	0
2471.14	0
2471.44	0
2471.73	0
2472.03	0
2472.32	0
2472.62	0
2472.91	0
2473.21	0
2473.51	0
2473.8	0
2474.1	0
2474.39	0
2474.69	0
2474.98	0
2475.28	0
2475.57	0
2475.87	0
2476.17	0
2476.46	0
2476.76	0
2477.05	0
2477.35	0
2477.64	0
2477.94	0
2478.23	0
2478.53	0
2478.82	0
2479.12	0
2479.41	0
2479.71	0
2480	0
2480.3	0
2480.59	0
2480.89	0
2481.18	0
2481.48	0
2481.77	0
2482.07	0
2482.36	0
2482.66	0
2482.95	0
2483.25	0
2483.54	0
2483.84	0
2484.13	0
2484.43	0
2484.72	0
2485.02	0
2485.31	0
2485.6	0
2485.9	0
2486.19	0
2486.49	0
2486.78	0
2487.08	0
2487.37	0
2487.67	0
2487.96	0
2488.26	0
2488.55	0
2488.84	0
2489.14	0
2489.43	0
2489.73	0
2490.02	0
2490.32	0
2490.61	0
2490.9	0
2491.2	0
2491.49	0
2491.79	0
2492.08	0
2492.37	0
2492.67	0
2492.96	0
2493.26	0
2493.55	0
2493.84	0
2494.14	0
2494.43	0
2494.73	0
2495.02	0
2495.31	0
2495.61	0
2495.9	0
2496.2	0
2496.49	0
2496.78	0
2497.08	0
2497.37	0
2497.66	0
2497.96	0
2498.25	0
2498.54	0
2498.84	0
2499.13	0
2499.43	0
2499.72	0
2500.01	0
2500.31	0
2500.6	0
2500.89	0
2501.19	0
2501.48	0
2501.77	0
2502.07	0
2502.36	0
2502.65	0
2502.95	0
2503.24	0
2503.53	0
2503.82	0
2504.12	0
2504.41	0
2504.7	0
2505	0
2505.29	0
2505.58	0
2505.88	0
2506.17	0
2506.46	0
2506.76	0
2507.05	0
2507.34	0
2507.63	0
2507.93	0
2508.22	0
2508.51	0
2508.8	0
2509.1	0
2509.39	0
2509.68	0
2509.98	0
2510.27	0
2510.56	0
2510.85	0
2511.15	0
2511.44	0
2511.73	0
2512.02	0
2512.32	0
2512.61	0
2512.9	0
2513.19	0
2513.49	0
2513.78	0
2514.07	0
2514.36	0
2514.65	0
2514.95	0
2515.24	0
2515.53	0
2515.82	0
2516.12	0
2516.41	0
2516.7	0
2516.99	0
2517.28	0
2517.58	0
2517.87	0
2518.16	0
2518.45	0
2518.74	0
2519.04	0
2519.33	0
2519.62	0
2519.91	0
2520.2	0
2520.5	0
2520.79	0
2521.08	0
2521.37	0
2521.66	0
2521.95	0
2522.25	0
2522.54	0
2522.83	0
2523.12	0
2523.41	0
2523.7	0
2523.99	0
2524.29	0
2524.58	0
2524.87	0
2525.16	0
2525.45	0
2525.74	0
2526.03	0
2526.33	0
2526.62	0
2526.91	0
2527.2	0
2527.49	0
2527.78	0
2528.07	0
2528.36	0
2528.66	0
2528.95	0
2529.24	0
2529.53	0
2529.82	0
2530.11	0
2530.4	0
2530.69	0
2530.98	0
2531.27	0
2531.57	0
2531.86	0
2532.15	0
2532.44	0
2532.73	0
2533.02	0
2533.31	0
2533.6	0
2533.89	0
2534.18	0
2534.47	0
2534.76	0
2535.05	0
2535.35	0
2535.64	0
2535.93	0
2536.22	0
2536.51	0
2536.8	0
2537.09	0
2537.38	0
2537.67	0
2537.96	0
2538.25	0
2538.54	0
2538.83	0
2539.12	0
2539.41	0
2539.7	0
2539.99	0
2540.28	0
2540.57	0
2540.86	0
2541.15	0
2541.44	0
2541.73	0
2542.02	0
2542.31	0
2542.6	0
2542.89	0
2543.18	0
2543.47	0
2543.76	0
2544.05	0
2544.34	0
2544.63	0
2544.92	0
2545.21	0
2545.5	0
2545.79	0
2546.08	0
2546.37	0
2546.66	0
2546.95	0
2547.24	0
2547.53	0
2547.82	0
2548.11	0
2548.4	0
2548.69	0
2548.98	0
2549.27	0
2549.55	0
2549.84	0
2550.13	0
2550.42	0
2550.71	0
2551	0
2551.29	0
2551.58	0
2551.87	0
2552.16	0
2552.45	0
2552.74	0
2553.03	0
2553.31	0
2553.6	0
2553.89	0
2554.18	0
2554.47	0
2554.76	0
2555.05	0
2555.34	0
2555.63	0
2555.92	0
2556.2	0
2556.49	0
2556.78	0
2557.07	0
2557.36	0
2557.65	0
2557.94	0
2558.23	0
2558.51	0
2558.8	0
2559.09	0
2559.38	0
2559.67	0
2559.96	0
2560.25	0
2560.53	0
2560.82	0
2561.11	0
2561.4	0
2561.69	0
2561.98	0
2562.27	0
2562.55	0
2562.84	0
2563.13	0
2563.42	0
2563.71	0
2564	0
2564.28	0
2564.57	0
2564.86	0
2565.15	0
2565.44	0
2565.72	0
2566.01	0
2566.3	0
2566.59	0
2566.88	0
2567.16	0
2567.45	0
2567.74	0
2568.03	0
2568.32	0
2568.6	0
2568.89	0
2569.18	0
2569.47	0
2569.75	0

