Source: Spectrum Viewer

Chart: Pulse Spectrum

Series: 
Wavelength (nm)	S (a.u.)
1179.9	0
1180.29	0
1180.68	0
1181.06	0
1181.45	0
1181.83	0
1182.22	0
1182.6	0
1182.99	0
1183.38	0
1183.76	0
1184.15	0
1184.53	0
1184.92	0
1185.3	0
1185.69	0
1186.07	0
1186.46	0
1186.85	0
1187.23	0
1187.62	0
1188	0
1188.39	0
1188.77	0
1189.16	0
1189.54	0
1189.93	0
1190.31	0
1190.7	0
1191.08	0
1191.47	0
1191.85	0
1192.24	0
1192.62	0
1193.01	0
1193.39	0
1193.78	0
1194.16	0
1194.55	0
1194.93	0
1195.32	0
1195.7	0
1196.09	0
1196.47	0
1196.86	0
1197.24	0
1197.63	0
1198.01	0
1198.4	0
1198.78	0
1199.16	0
1199.55	0
1199.93	0
1200.32	0
1200.7	0
1201.09	0
1201.47	0
1201.86	0
1202.24	0
1202.63	0
1203.01	0
1203.39	0
1203.78	0
1204.16	0
1204.55	0
1204.93	0
1205.32	0
1205.7	0
1206.08	0
1206.47	0
1206.85	0
1207.24	0
1207.62	0
1208	0
1208.39	0
1208.77	0
1209.16	0
1209.54	0
1209.92	0
1210.31	0
1210.69	0
1211.08	0
1211.46	0
1211.84	0
1212.23	0
1212.61	0
1213	0
1213.38	0
1213.76	0
1214.15	0
1214.53	0
1214.91	0
1215.3	0
1215.68	0
1216.06	0
1216.45	0
1216.83	0
1217.22	0
1217.6	0
1217.98	0
1218.37	0
1218.75	0
1219.13	0
1219.52	0
1219.9	0
1220.28	0
1220.67	0
1221.05	0
1221.43	0
1221.82	0
1222.2	0
1222.58	0
1222.97	0
1223.35	0
1223.73	0
1224.11	0
1224.5	0
1224.88	0
1225.26	0
1225.65	0
1226.03	0
1226.41	0
1226.8	0
1227.18	0
1227.56	0
1227.94	0
1228.33	0
1228.71	0
1229.09	0
1229.47	0
1229.86	0
1230.24	0
1230.62	0
1231.01	0
1231.39	0
1231.77	0
1232.15	0
1232.54	0
1232.92	0
1233.3	0
1233.68	0
1234.07	0
1234.45	0
1234.83	0
1235.21	0
1235.6	0
1235.98	0
1236.36	0
1236.74	0
1237.12	0
1237.51	0
1237.89	0
1238.27	0
1238.65	0
1239.04	0
1239.42	0
1239.8	0
1240.18	0
1240.56	0
1240.95	0
1241.33	0
1241.71	0
1242.09	0
1242.47	0
1242.86	0
1243.24	0
1243.62	0
1244	0
1244.38	0
1244.77	0
1245.15	0
1245.53	0
1245.91	0
1246.29	0
1246.67	0
1247.06	0
1247.44	0
1247.82	0
1248.2	0
1248.58	0
1248.96	0
1249.34	0
1249.73	0
1250.11	0
1250.49	0
1250.87	0
1251.25	0
1251.63	0
1252.01	0
1252.4	0
1252.78	0
1253.16	0
1253.54	0
1253.92	0
1254.3	0
1254.68	0
1255.06	0
1255.45	0
1255.83	0
1256.21	0
1256.59	0
1256.97	0
1257.35	0
1257.73	0
1258.11	0
1258.49	0
1258.87	0
1259.26	0
1259.64	0
1260.02	0
1260.4	0
1260.78	0
1261.16	0
1261.54	0
1261.92	0
1262.3	0
1262.68	0
1263.06	0
1263.44	0
1263.82	0
1264.21	0
1264.59	0
1264.97	0
1265.35	0
1265.73	0
1266.11	0
1266.49	0
1266.87	0
1267.25	0
1267.63	0
1268.01	0
1268.39	0
1268.77	0
1269.15	0
1269.53	0
1269.91	0
1270.29	0
1270.67	0
1271.05	0
1271.43	0
1271.81	0
1272.19	0
1272.57	0
1272.95	0
1273.33	0
1273.71	0
1274.09	0
1274.47	0
1274.85	0
1275.23	0
1275.61	0
1275.99	0
1276.37	0
1276.75	0
1277.13	0
1277.51	0
1277.89	0
1278.27	0
1278.65	0
1279.03	0
1279.41	0
1279.79	0
1280.17	0
1280.55	0
1280.93	0
1281.31	0
1281.69	0
1282.07	0
1282.45	0
1282.82	0
1283.2	0
1283.58	0
1283.96	0
1284.34	0
1284.72	0
1285.1	0
1285.48	0
1285.86	0
1286.24	0
1286.62	0
1287	0
1287.38	0
1287.75	0
1288.13	0
1288.51	0
1288.89	0
1289.27	0
1289.65	0
1290.03	0
1290.41	0
1290.79	0
1291.17	0
1291.54	0
1291.92	0
1292.3	0
1292.68	0
1293.06	0
1293.44	0
1293.82	0
1294.2	0
1294.57	0
1294.95	0
1295.33	0
1295.71	0
1296.09	0
1296.47	0
1296.85	0
1297.22	0
1297.6	0
1297.98	0
1298.36	0
1298.74	0
1299.12	0
1299.5	0
1299.87	0
1300.25	0
1300.63	0
1301.01	0
1301.39	0
1301.77	0
1302.14	0
1302.52	0
1302.9	0
1303.28	0
1303.66	0
1304.03	0
1304.41	0
1304.79	0
1305.17	0
1305.55	0
1305.92	0
1306.3	0
1306.68	0
1307.06	0
1307.44	0
1307.81	0
1308.19	0
1308.57	0
1308.95	0
1309.32	0
1309.7	0
1310.08	0
1310.46	0
1310.84	0
1311.21	0
1311.59	0
1311.97	0
1312.35	0
1312.72	0
1313.1	0
1313.48	0
1313.86	0
1314.23	0
1314.61	0
1314.99	0
1315.37	0
1315.74	0
1316.12	0
1316.5	0
1316.87	0
1317.25	0
1317.63	0
1318.01	0
1318.38	0
1318.76	0
1319.14	0
1319.52	0
1319.89	0
1320.27	0
1320.65	0
1321.02	0
1321.4	0
1321.78	0
1322.15	0
1322.53	0
1322.91	0
1323.29	0
1323.66	0
1324.04	0
1324.42	0
1324.79	0
1325.17	0
1325.55	0
1325.92	0
1326.3	0
1326.68	0
1327.05	0
1327.43	0
1327.81	0
1328.18	0
1328.56	0
1328.94	0
1329.31	0
1329.69	0
1330.06	0
1330.44	0
1330.82	0
1331.19	0
1331.57	0
1331.95	0
1332.32	0
1332.7	0
1333.08	0
1333.45	0
1333.83	0
1334.2	0
1334.58	0
1334.96	0
1335.33	0
1335.71	0
1336.08	0
1336.46	0
1336.84	0
1337.21	0
1337.59	0
1337.96	0
1338.34	0
1338.72	0
1339.09	0
1339.47	0
1339.84	0
1340.22	0
1340.6	0
1340.97	0
1341.35	0
1341.72	0
1342.1	0
1342.47	0
1342.85	0
1343.23	0
1343.6	0
1343.98	0
1344.35	0
1344.73	0
1345.1	0
1345.48	0
1345.85	0
1346.23	0
1346.61	0
1346.98	0
1347.36	0
1347.73	0
1348.11	0
1348.48	0
1348.86	0
1349.23	0
1349.61	0
1349.98	0
1350.36	0
1350.73	0
1351.11	0
1351.48	0
1351.86	0
1352.23	0
1352.61	0
1352.98	0
1353.36	0
1353.73	0
1354.11	0
1354.48	0
1354.86	0
1355.23	0
1355.61	0
1355.98	0
1356.36	0
1356.73	0
1357.11	0
1357.48	0
1357.86	0
1358.23	0
1358.61	0
1358.98	0
1359.35	0
1359.73	0
1360.1	0
1360.48	0
1360.85	0
1361.23	0
1361.6	0
1361.98	0
1362.35	0
1362.72	0
1363.1	0
1363.47	0
1363.85	0
1364.22	0
1364.6	0
1364.97	0
1365.34	0
1365.72	0
1366.09	0
1366.47	0
1366.84	0
1367.22	0
1367.59	0
1367.96	0
1368.34	0
1368.71	0
1369.09	0.28
1369.46	-0.56
1369.83	-0.36
1370.21	-0.2
1370.58	0.04
1370.96	-0.04
1371.33	0.92
1371.7	1.04
1372.08	1.24
1372.45	1
1372.82	0.88
1373.2	0.88
1373.57	1
1373.95	0.64
1374.32	0.84
1374.69	0.92
1375.07	0.8
1375.44	0.4
1375.81	0.4
1376.19	0.24
1376.56	0.08
1376.93	0.16
1377.31	0.28
1377.68	0.68
1378.05	0.68
1378.43	0.76
1378.8	0.68
1379.17	0.72
1379.55	0.6
1379.92	0.6
1380.29	0.52
1380.67	0.84
1381.04	0.84
1381.41	0.6
1381.79	0.56
1382.16	0.64
1382.53	0.36
1382.91	-0.68
1383.28	-0.68
1383.65	-0.6
1384.03	-0.64
1384.4	-0.68
1384.77	0.76
1385.14	0.96
1385.52	0.88
1385.89	0.92
1386.26	0.92
1386.64	0.68
1387.01	0.84
1387.38	0.84
1387.75	0.96
1388.13	1.08
1388.5	0.72
1388.87	0.36
1389.25	0.36
1389.62	0.12
1389.99	-0.2
1390.36	-0.2
1390.74	-0.24
1391.11	-0.24
1391.48	-0.2
1391.85	0.44
1392.23	0.44
1392.6	0.92
1392.97	0.96
1393.34	0.96
1393.72	1.16
1394.09	1.16
1394.46	0.72
1394.83	1.16
1395.21	1.16
1395.58	1.08
1395.95	1.36
1396.32	1.36
1396.69	0.96
1397.07	0.96
1397.44	0.56
1397.81	0.4
1398.18	0.36
1398.55	0.36
1398.93	1.08
1399.3	0.92
1399.67	1
1400.04	1
1400.41	1.04
1400.79	0.6
1401.16	0.76
1401.53	0.56
1401.9	0.56
1402.27	0.52
1402.65	0.44
1403.02	0.56
1403.39	0.56
1403.76	0.28
1404.13	0.32
1404.51	0.2
1404.88	-0.04
1405.25	-0.04
1405.62	0.48
1405.99	0.92
1406.36	0.84
1406.74	0.88
1407.11	0.88
1407.48	0.8
1407.85	-0.76
1408.22	-0.56
1408.59	-0.52
1408.96	0.24
1409.34	0.08
1409.71	1.8
1410.08	1.8
1410.45	1.88
1410.82	1.28
1411.19	1.28
1411.56	0.96
1411.93	0.8
1412.31	0.6
1412.68	0.52
1413.05	0.64
1413.42	0.44
1413.79	0.6
1414.16	0.4
1414.53	0.76
1414.9	0.52
1415.27	0.4
1415.65	0.28
1416.02	0.68
1416.39	0.48
1416.76	0.72
1417.13	0.72
1417.5	0.68
1417.87	0.52
1418.24	0.32
1418.61	0.2
1418.98	0.52
1419.35	0.64
1419.73	0.92
1420.1	1.04
1420.47	1.24
1420.84	0.84
1421.21	0.68
1421.58	0.36
1421.95	0.64
1422.32	0.44
1422.69	0.52
1423.06	0.52
1423.43	0.64
1423.8	0.2
1424.17	0.24
1424.54	1.24
1424.91	1.24
1425.28	1.32
1425.65	1.48
1426.02	1.6
1426.39	0.52
1426.76	-0.08
1427.14	-0.28
1427.51	-0.16
1427.88	-0.16
1428.25	0.08
1428.62	0.96
1428.99	1.72
1429.36	1.92
1429.73	1.76
1430.1	1.52
1430.47	1.48
1430.84	1.32
1431.21	0.84
1431.58	0.88
1431.95	0.92
1432.32	0.76
1432.69	0.32
1433.06	0.96
1433.43	0.92
1433.8	1.16
1434.17	1.08
1434.54	1.56
1434.91	1.28
1435.28	1.28
1435.64	1
1436.01	0.72
1436.38	0.64
1436.75	0.68
1437.12	0.76
1437.49	0.92
1437.86	1.24
1438.23	0.84
1438.6	0.92
1438.97	0.84
1439.34	1.04
1439.71	1.88
1440.08	2
1440.45	1.52
1440.82	1.24
1441.19	0.88
1441.56	0.2
1441.93	-0.08
1442.3	0.12
1442.67	-1.04
1443.03	-0.88
1443.4	-0.64
1443.77	-0.32
1444.14	-0.24
1444.51	1.4
1444.88	1.4
1445.25	1.16
1445.62	0.96
1445.99	1
1446.36	0.96
1446.73	0.96
1447.09	0.88
1447.46	1.16
1447.83	1.24
1448.2	1.16
1448.57	1.24
1448.94	1.24
1449.31	0.84
1449.68	0.8
1450.05	0.72
1450.41	0.6
1450.78	0.4
1451.15	0.44
1451.52	0.12
1451.89	0.16
1452.26	0.24
1452.63	0.32
1453	0.32
1453.36	0.52
1453.73	0.48
1454.1	0.28
1454.47	0.36
1454.84	0.32
1455.21	0.24
1455.57	-0.16
1455.94	0.04
1456.31	0.12
1456.68	0.2
1457.05	0.44
1457.42	0.88
1457.78	0.76
1458.15	0.92
1458.52	0.84
1458.89	0.56
1459.26	0.72
1459.63	0.76
1459.99	0.56
1460.36	0.76
1460.73	0.72
1461.1	0.76
1461.47	0.68
1461.83	0.56
1462.2	0.56
1462.57	0.72
1462.94	0.48
1463.31	0.84
1463.67	1.4
1464.04	1.04
1464.41	0.8
1464.78	0.32
1465.15	0.76
1465.51	0.36
1465.88	0.96
1466.25	1.2
1466.62	2.16
1466.98	1.44
1467.35	1.4
1467.72	1.24
1468.09	1.32
1468.46	0.84
1468.82	0.72
1469.19	0.64
1469.56	0.72
1469.93	0.76
1470.29	0.76
1470.66	0.92
1471.03	0.88
1471.4	0.68
1471.76	0.32
1472.13	0.32
1472.5	0.24
1472.86	0.24
1473.23	0.08
1473.6	0.12
1473.97	0.16
1474.33	0.08
1474.7	0.08
1475.07	0.08
1475.44	0.16
1475.8	0.12
1476.17	0.24
1476.54	0.24
1476.9	0.24
1477.27	0.36
1477.64	0.36
1478	0.32
1478.37	0.56
1478.74	0.56
1479.11	0.52
1479.47	0.76
1479.84	0.72
1480.21	0.6
1480.57	0.64
1480.94	0.68
1481.31	0.68
1481.67	0.96
1482.04	0.84
1482.41	0.88
1482.77	0.92
1483.14	1
1483.51	0.8
1483.87	1.16
1484.24	1.28
1484.61	1.2
1484.97	0.92
1485.34	1.2
1485.71	-2.22261e-18
1486.07	-0.2
1486.44	-0.24
1486.81	-0.24
1487.17	-0.32
1487.54	0.64
1487.9	0.92
1488.27	1.12
1488.64	1
1489	0.84
1489.37	0.76
1489.74	0.48
1490.1	0.2
1490.47	0.64
1490.83	0.68
1491.2	1.12
1491.57	1.12
1491.93	1.16
1492.3	0.92
1492.66	1.32
1493.03	1
1493.4	1.52
1493.76	1.64
1494.13	1.76
1494.49	1.48
1494.86	1.44
1495.23	1.12
1495.59	0.96
1495.96	-0.36
1496.32	0.08
1496.69	0.52
1497.06	0.48
1497.42	-0.16
1497.79	1.76
1498.15	1.04
1498.52	0.8
1498.88	0.96
1499.25	1.56
1499.62	0.52
1499.98	0.88
1500.35	0.76
1500.71	0.72
1501.08	0.76
1501.44	0.96
1501.81	0.6
1502.17	0.48
1502.54	0.68
1502.9	1.48
1503.27	1.84
1503.64	2.4
1504	2.88
1504.37	2.4
1504.73	1.76
1505.1	1.56
1505.46	1.12
1505.83	1.08
1506.19	1.08
1506.56	0.84
1506.92	1.16
1507.29	1
1507.65	0.6
1508.02	0.8
1508.38	0.8
1508.75	0.36
1509.11	0.44
1509.48	0.32
1509.84	0.12
1510.21	0.28
1510.57	0.24
1510.94	0.16
1511.3	0.28
1511.67	0.36
1512.03	0.36
1512.4	0.6
1512.76	0.76
1513.13	0.08
1513.49	-0.2
1513.85	-0.12
1514.22	0.04
1514.58	0.08
1514.95	0.64
1515.31	1
1515.68	0.92
1516.04	0.52
1516.41	0.32
1516.77	0.36
1517.14	0.32
1517.5	0.32
1517.86	0.36
1518.23	0.8
1518.59	1.04
1518.96	0.92
1519.32	0.84
1519.69	1.32
1520.05	0.96
1520.41	0.84
1520.78	0.92
1521.14	0.88
1521.51	0.52
1521.87	0.52
1522.24	0.6
1522.6	0.52
1522.96	0.92
1523.33	1.28
1523.69	1.28
1524.06	1.12
1524.42	1.2
1524.78	0.76
1525.15	0.4
1525.51	0.4
1525.88	0.32
1526.24	0.48
1526.6	0.84
1526.97	0.68
1527.33	0.76
1527.69	0.76
1528.06	0.52
1528.42	0.28
1528.79	0.76
1529.15	-0.12
1529.51	0.04
1529.88	0.32
1530.24	0.36
1530.6	-0.04
1530.97	0.72
1531.33	0.76
1531.69	0.48
1532.06	0.32
1532.42	0.52
1532.78	0.48
1533.15	0.32
1533.51	0.32
1533.87	0.32
1534.24	0.2
1534.6	0.2
1534.96	0.28
1535.33	0.52
1535.69	0.84
1536.05	1.24
1536.42	1.24
1536.78	1.32
1537.14	1.08
1537.51	0.88
1537.87	0.72
1538.23	1.12
1538.6	1.08
1538.96	1.08
1539.32	1.28
1539.68	1.44
1540.05	1.12
1540.41	1.16
1540.77	1.16
1541.14	0.88
1541.5	0.4
1541.86	0.44
1542.23	0.28
1542.59	0.4
1542.95	0.52
1543.31	0.44
1543.68	0.32
1544.04	0.48
1544.4	0.48
1544.76	0.56
1545.13	0.56
1545.49	0.96
1545.85	0.84
1546.21	0.72
1546.58	0.72
1546.94	1.2
1547.3	0.88
1547.66	0.96
1548.03	1.12
1548.39	1.16
1548.75	0.72
1549.11	0.64
1549.48	1
1549.84	1.16
1550.2	1.32
1550.56	1.32
1550.93	1.32
1551.29	0.92
1551.65	0.68
1552.01	0.6
1552.37	0.76
1552.74	0.88
1553.1	1.04
1553.46	0.96
1553.82	1
1554.18	1.12
1554.55	1.12
1554.91	1.12
1555.27	1.16
1555.63	0.8
1555.99	0.6
1556.36	0.72
1556.72	-1.12
1557.08	-0.88
1557.44	-0.92
1557.8	-0.52
1558.17	-0.6
1558.53	0.96
1558.89	0.8
1559.25	0.96
1559.61	0.52
1559.97	0.6
1560.34	0.76
1560.7	0.88
1561.06	1.04
1561.42	1.16
1561.78	1.08
1562.14	0.8
1562.5	0.8
1562.87	0.48
1563.23	0.48
1563.59	0.04
1563.95	0.32
1564.31	0.08
1564.67	0.16
1565.03	-0.04
1565.4	0.24
1565.76	0.08
1566.12	0.08
1566.48	0.12
1566.84	0.2
1567.2	0.72
1567.56	0.64
1567.92	0.8
1568.29	0.76
1568.65	0.8
1569.01	0.44
1569.37	0.4
1569.73	0.24
1570.09	0.4
1570.45	0.36
1570.81	0.24
1571.17	0.4
1571.53	0.56
1571.89	0.72
1572.26	0.68
1572.62	0.64
1572.98	0.6
1573.34	0.8
1573.7	0.52
1574.06	0.96
1574.42	1
1574.78	0.96
1575.14	0.68
1575.5	1.2
1575.86	1.04
1576.22	1.32
1576.58	1.76
1576.94	2
1577.3	1.56
1577.67	1.52
1578.03	1.68
1578.39	1.28
1578.75	1.24
1579.11	1.04
1579.47	1.12
1579.83	0.68
1580.19	1
1580.55	0.72
1580.91	0.72
1581.27	0.36
1581.63	0.4
1581.99	0.32
1582.35	0.36
1582.71	0.8
1583.07	0.88
1583.43	0.88
1583.79	1.04
1584.15	1.12
1584.51	0.8
1584.87	1.04
1585.23	1.08
1585.59	0.68
1585.95	0.56
1586.31	0.48
1586.67	0.52
1587.03	0.4
1587.39	0.72
1587.75	1.6
1588.11	1.76
1588.47	1.68
1588.83	1.96
1589.19	1.64
1589.55	1.12
1589.91	0.92
1590.27	0.84
1590.63	0.6
1590.99	0.68
1591.35	0.92
1591.71	1.04
1592.07	0.92
1592.42	0.88
1592.78	1.24
1593.14	0.64
1593.5	0.76
1593.86	1.2
1594.22	1.2
1594.58	0.76
1594.94	0.84
1595.3	0.72
1595.66	0.32
1596.02	0.32
1596.38	1.04
1596.74	1.12
1597.1	1.36
1597.46	1.36
1597.81	1.36
1598.17	0.68
1598.53	0.8
1598.89	0.52
1599.25	0.6
1599.61	0.64
1599.97	0.84
1600.33	0.56
1600.69	0.76
1601.05	1.12
1601.4	1.16
1601.76	0.76
1602.12	0.88
1602.48	0.72
1602.84	0.32
1603.2	0.84
1603.56	1.28
1603.92	1.16
1604.28	1.6
1604.63	1.84
1604.99	1.28
1605.35	1.08
1605.71	1.32
1606.07	0.96
1606.43	0.64
1606.79	0.84
1607.14	1.08
1607.5	1.24
1607.86	1.24
1608.22	1.24
1608.58	1.16
1608.94	1.04
1609.29	0.68
1609.65	0.56
1610.01	0.76
1610.37	0.92
1610.73	0.88
1611.09	1
1611.44	1.04
1611.8	0.8
1612.16	1.12
1612.52	1.04
1612.88	1.4
1613.24	1.28
1613.59	1.72
1613.95	1.2
1614.31	1.76
1614.67	1.68
1615.03	1.68
1615.38	1.48
1615.74	1.64
1616.1	1.44
1616.46	1.84
1616.82	2.16
1617.17	1.96
1617.53	2.08
1617.89	1.72
1618.25	1.08
1618.6	1.28
1618.96	1.36
1619.32	1.2
1619.68	1.32
1620.04	1.12
1620.39	0.64
1620.75	0.48
1621.11	0.68
1621.47	0.52
1621.82	0.68
1622.18	0.92
1622.54	1.08
1622.9	0.88
1623.25	0.08
1623.61	0.16
1623.97	0.24
1624.33	0.16
1624.68	0.08
1625.04	1.08
1625.4	0.84
1625.75	-0.04
1626.11	-0.04
1626.47	0.24
1626.83	0.56
1627.18	0.92
1627.54	1.56
1627.9	1.56
1628.26	1.56
1628.61	1
1628.97	0.76
1629.33	0.92
1629.68	1.08
1630.04	0.76
1630.4	0.48
1630.75	0.88
1631.11	0.92
1631.47	0.64
1631.83	1.48
1632.18	1.76
1632.54	1.24
1632.9	0.92
1633.25	1.08
1633.61	0.72
1633.97	0.76
1634.32	1.44
1634.68	1.44
1635.04	1.4
1635.39	1.08
1635.75	1.08
1636.11	0.56
1636.46	0.56
1636.82	1.4
1637.18	1.12
1637.53	1.28
1637.89	1.44
1638.25	1.44
1638.6	0.52
1638.96	0.52
1639.31	0.56
1639.67	0.36
1640.03	0.68
1640.38	0.76
1640.74	1.2
1641.1	1.32
1641.45	1.24
1641.81	1.48
1642.16	1.92
1642.52	1.48
1642.88	1.12
1643.23	0.96
1643.59	0.68
1643.95	0.48
1644.3	0.52
1644.66	0.56
1645.01	0.68
1645.37	0.64
1645.73	0.56
1646.08	0.52
1646.44	0.64
1646.79	0.08
1647.15	0.08
1647.51	0.28
1647.86	0.72
1648.22	0.56
1648.57	0.32
1648.93	0.68
1649.28	0.52
1649.64	0.16
1650	0.4
1650.35	1.28
1650.71	0.84
1651.06	0.56
1651.42	0.48
1651.77	0.16
1652.13	0.24
1652.48	0.28
1652.84	0.96
1653.2	1.12
1653.55	1.2
1653.91	1.12
1654.26	0.92
1654.62	0.76
1654.97	1.32
1655.33	1.48
1655.68	1.44
1656.04	1.44
1656.39	1.32
1656.75	0.76
1657.1	1.2
1657.46	1.48
1657.81	2.24
1658.17	2.24
1658.52	2.24
1658.88	2.12
1659.23	2.04
1659.59	1.68
1659.94	1.44
1660.3	1.48
1660.65	1.32
1661.01	1.08
1661.36	0.8
1661.72	0.68
1662.07	0.8
1662.43	0.96
1662.78	1.28
1663.14	1.48
1663.49	2.6
1663.85	2.32
1664.2	2.68
1664.56	2.76
1664.91	1.2
1665.27	0.16
1665.62	0.92
1665.98	0.68
1666.33	1.12
1666.69	3
1667.04	3.96
1667.39	3.24
1667.75	3.36
1668.1	3.4
1668.46	3.64
1668.81	2.76
1669.17	2.92
1669.52	2.72
1669.88	2.36
1670.23	2.16
1670.58	3.04
1670.94	3.92
1671.29	4.12
1671.65	4.4
1672	4.08
1672.36	4.24
1672.71	3.16
1673.06	3.44
1673.42	3.64
1673.77	4.16
1674.13	3.4
1674.48	4.08
1674.83	3.44
1675.19	3.52
1675.54	4.4
1675.9	5.28
1676.25	5
1676.6	5.76
1676.96	5.64
1677.31	4.44
1677.67	3.88
1678.02	4.12
1678.37	4.52
1678.73	4.72
1679.08	4.48
1679.43	4.52
1679.79	4.88
1680.14	4.8
1680.5	4.8
1680.85	5.68
1681.2	5.84
1681.56	6.6
1681.91	7.64
1682.26	7.12
1682.62	7.76
1682.97	7.12
1683.32	6.28
1683.68	5.36
1684.03	5.44
1684.38	4.64
1684.74	5.16
1685.09	5.36
1685.44	4.8
1685.8	6.12
1686.15	6.36
1686.5	6.44
1686.86	5.92
1687.21	6.12
1687.56	6.2
1687.92	7.04
1688.27	7.72
1688.62	7.64
1688.98	7.6
1689.33	7.12
1689.68	6.44
1690.03	6.48
1690.39	8.56
1690.74	9.28
1691.09	9.32
1691.45	9.6
1691.8	10.32
1692.15	9.92
1692.5	11.24
1692.86	11.6
1693.21	11.56
1693.56	12.2
1693.92	12
1694.27	10.44
1694.62	10.88
1694.97	12.2
1695.33	10.56
1695.68	11.56
1696.03	11.4
1696.38	10.84
1696.74	10.76
1697.09	12.04
1697.44	10.92
1697.79	12.04
1698.15	12.08
1698.5	10.88
1698.85	11
1699.2	10.24
1699.56	9.64
1699.91	10.04
1700.26	12.2
1700.61	11.84
1700.97	13.28
1701.32	13.72
1701.67	13.56
1702.02	11.88
1702.37	12.12
1702.73	12.68
1703.08	12.24
1703.43	13.88
1703.78	14.2
1704.13	15.16
1704.49	16.2
1704.84	18.04
1705.19	17.68
1705.54	18.72
1705.89	17.88
1706.25	17.4
1706.6	17.2
1706.95	17.52
1707.3	17.8
1707.65	19.08
1708.01	20.4
1708.36	19.04
1708.71	19.24
1709.06	19.2
1709.41	19.4
1709.76	18.72
1710.12	20.52
1710.47	19.96
1710.82	20.24
1711.17	21.4
1711.52	21.36
1711.87	22.2
1712.23	23.44
1712.58	25.64
1712.93	24.52
1713.28	26.08
1713.63	26.96
1713.98	27.64
1714.33	25.8
1714.69	27.88
1715.04	27.28
1715.39	27.4
1715.74	28.4
1716.09	30.52
1716.44	31.08
1716.79	33.52
1717.14	35.68
1717.5	37.64
1717.85	39.96
1718.2	41.28
1718.55	41.72
1718.9	41.8
1719.25	42.12
1719.6	41.88
1719.95	41.24
1720.3	43.12
1720.65	44.8
1721.01	45.96
1721.36	47.32
1721.71	49.96
1722.06	49.68
1722.41	51
1722.76	52.76
1723.11	52.52
1723.46	53.8
1723.81	56.96
1724.16	58.36
1724.51	59.16
1724.86	61.8
1725.21	65.48
1725.56	66.92
1725.92	66.88
1726.27	69.48
1726.62	71.08
1726.97	70.48
1727.32	71.2
1727.67	73.24
1728.02	74.56
1728.37	76.68
1728.72	77.68
1729.07	78.32
1729.42	81.6
1729.77	81.44
1730.12	83.16
1730.47	85.28
1730.82	85.72
1731.17	86.4
1731.52	88.84
1731.87	89.84
1732.22	91
1732.57	95.56
1732.92	94.92
1733.27	93.72
1733.62	94.32
1733.97	94.36
1734.32	93.04
1734.67	94.76
1735.02	95.2
1735.37	96.64
1735.72	98.16
1736.07	99.12
1736.42	98.68
1736.77	101
1737.12	99.92
1737.47	99.2
1737.82	98.64
1738.17	99.8
1738.52	99.44
1738.87	101.8
1739.22	102.48
1739.57	102.88
1739.92	102.4
1740.27	103.28
1740.62	102.04
1740.97	100.32
1741.32	100.04
1741.67	100.8
1742.02	98.52
1742.37	98.52
1742.72	98.72
1743.06	97.04
1743.41	96.24
1743.76	96.08
1744.11	93.68
1744.46	93.32
1744.81	91.8
1745.16	89.28
1745.51	88.04
1745.86	86.32
1746.21	85.96
1746.56	85.48
1746.91	84.56
1747.26	83.28
1747.6	82.88
1747.95	79.92
1748.3	77.8
1748.65	74.64
1749	71.72
1749.35	67.8
1749.7	66.56
1750.05	64.6
1750.4	65.88
1750.75	66.64
1751.09	65
1751.44	65.4
1751.79	66.2
1752.14	62.2
1752.49	59.56
1752.84	59.84
1753.19	54.12
1753.54	53.16
1753.88	50.64
1754.23	49.52
1754.58	49.88
1754.93	48.24
1755.28	43.64
1755.63	45.32
1755.98	41.08
1756.32	35.6
1756.67	33.4
1757.02	32
1757.37	31.56
1757.72	29.64
1758.07	28.44
1758.42	31.44
1758.76	29.12
1759.11	23.24
1759.46	25.68
1759.81	25.88
1760.16	23.36
1760.5	23.08
1760.85	23
1761.2	22.48
1761.55	19.68
1761.9	16.64
1762.25	18.32
1762.59	19.36
1762.94	16.16
1763.29	17.12
1763.64	20.36
1763.99	20.28
1764.33	16.48
1764.68	17.92
1765.03	18.92
1765.38	18.72
1765.73	17.48
1766.07	21.56
1766.42	26.48
1766.77	28.56
1767.12	28.04
1767.46	32.4
1767.81	34.08
1768.16	32.16
1768.51	31.56
1768.85	33.76
1769.2	35.52
1769.55	36.68
1769.9	41.48
1770.25	50.28
1770.59	58.36
1770.94	63.08
1771.29	69
1771.64	73.48
1771.98	73.92
1772.33	73.12
1772.68	80.32
1773.02	85.72
1773.37	89.64
1773.72	101.84
1774.07	112.08
1774.41	117.52
1774.76	126.56
1775.11	130.08
1775.46	129.6
1775.8	133.28
1776.15	134.6
1776.5	143.68
1776.84	159.2
1777.19	168.92
1777.54	186.84
1777.89	204.8
1778.23	213.08
1778.58	226.6
1778.93	238.84
1779.27	240.44
1779.62	249.2
1779.97	253.64
1780.31	251.72
1780.66	260.4
1781.01	269.8
1781.35	282.48
1781.7	298.92
1782.05	313.56
1782.39	331.68
1782.74	347.76
1783.09	356
1783.43	378.04
1783.78	389
1784.13	399.4
1784.47	406.48
1784.82	400.4
1785.17	399.48
1785.51	416.68
1785.86	428.2
1786.21	467.68
1786.55	505.64
1786.9	534.32
1787.25	559.72
1787.59	575.4
1787.94	566.12
1788.29	571.48
1788.63	573
1788.98	579.28
1789.32	584
1789.67	575.6
1790.02	563.92
1790.36	593.92
1790.71	635.4
1791.06	671.36
1791.4	739.16
1791.75	809.8
1792.09	856.16
1792.44	892.52
1792.79	920.76
1793.13	953.12
1793.48	986.12
1793.82	967.6
1794.17	952.52
1794.52	968.16
1794.86	927.32
1795.21	896.48
1795.55	867.08
1795.9	777.28
1796.24	812.64
1796.59	943.04
1796.94	1031.36
1797.28	1154.16
1797.63	1271.24
1797.97	1252.08
1798.32	1186.48
1798.66	1154.44
1799.01	1154.24
1799.36	1165.92
1799.7	1177.12
1800.05	1219.56
1800.39	1197.88
1800.74	1182.72
1801.08	1318.08
1801.43	1412.92
1801.77	1423.2
1802.12	1468.32
1802.46	1505.48
1802.81	1456.36
1803.15	1406.76
1803.5	1393.24
1803.85	1381.24
1804.19	1296.16
1804.54	1266.08
1804.88	1301.92
1805.23	1262.84
1805.57	1302.4
1805.92	1461.2
1806.26	1517.56
1806.61	1494.56
1806.95	1557.6
1807.3	1690.2
1807.64	1785.04
1807.99	1810.92
1808.33	1860.36
1808.68	1837.44
1809.02	1748.24
1809.37	1762.84
1809.71	1830.88
1810.06	1883.76
1810.4	1950.52
1810.75	1893.56
1811.09	1801.88
1811.43	1910.52
1811.78	2052.4
1812.12	2246.68
1812.47	2467.76
1812.81	2531.52
1813.16	2458.08
1813.5	2397.6
1813.85	2283.64
1814.19	2223.12
1814.54	2196.56
1814.88	2085.36
1815.23	1962.84
1815.57	1837.28
1815.91	1610.36
1816.26	1456.84
1816.6	1583.12
1816.95	1701.24
1817.29	1793.48
1817.64	2036.92
1817.98	2271.28
1818.32	2385.88
1818.67	2496.56
1819.01	2619.6
1819.36	2675.84
1819.7	2618.2
1820.05	2461.44
1820.39	2421.04
1820.73	2397.56
1821.08	2341.76
1821.42	2355.08
1821.77	2336.52
1822.11	2118.8
1822.45	1996.68
1822.8	1986.68
1823.14	1816.84
1823.49	1779.28
1823.83	2078.72
1824.17	2305.64
1824.52	2433.04
1824.86	2669.32
1825.2	2742.72
1825.55	2557.48
1825.89	2339.72
1826.24	2143.52
1826.58	2194.64
1826.92	2296.84
1827.27	2355.4
1827.61	2504.2
1827.95	2628.64
1828.3	2481.24
1828.64	2317
1828.98	2184.48
1829.33	1938.84
1829.67	1972.6
1830.02	2117.4
1830.36	2190.96
1830.7	2424.72
1831.05	2727.28
1831.39	2713.04
1831.73	2646.24
1832.08	2692.8
1832.42	2541.28
1832.76	2408
1833.1	2370.68
1833.45	2266.08
1833.79	2125.44
1834.13	2096.72
1834.48	2087.92
1834.82	2056.36
1835.16	2105.96
1835.51	2131.88
1835.85	2106.04
1836.19	2086.04
1836.54	1972.84
1836.88	1829.4
1837.22	1668.12
1837.56	1520.2
1837.91	1422.56
1838.25	1522.16
1838.59	1700.44
1838.94	1843.48
1839.28	1962.4
1839.62	1965.72
1839.96	1902.28
1840.31	1739.68
1840.65	1587.12
1840.99	1468.12
1841.34	1615.96
1841.68	1736.4
1842.02	1850.08
1842.36	2034.44
1842.71	2105.16
1843.05	1857.12
1843.39	1739.6
1843.73	1784.8
1844.08	1818
1844.42	2005.16
1844.76	2269.96
1845.1	2288.92
1845.45	2149
1845.79	2099.84
1846.13	2013.56
1846.47	1916.16
1846.81	1826.72
1847.16	1777.88
1847.5	1782.36
1847.84	1850.52
1848.18	1902.64
1848.53	2000.04
1848.87	2094.8
1849.21	2045.56
1849.55	1924.68
1849.89	1839.72
1850.24	1768.56
1850.58	1689.2
1850.92	1643.76
1851.26	1586.36
1851.6	1546.4
1851.95	1533.48
1852.29	1517
1852.63	1488.48
1852.97	1461
1853.31	1397.4
1853.66	1311.92
1854	1224.56
1854.34	1159.16
1854.68	1198.64
1855.02	1256.92
1855.36	1291.4
1855.71	1336.52
1856.05	1360.36
1856.39	1287.56
1856.73	1187.32
1857.07	1130.96
1857.41	1108.8
1857.76	1080.36
1858.1	1066.2
1858.44	1040.32
1858.78	1021.24
1859.12	972.08
1859.46	925.44
1859.8	843.76
1860.15	776.6
1860.49	750.44
1860.83	797.92
1861.17	850.08
1861.51	872.84
1861.85	908.4
1862.19	869.2
1862.53	786.28
1862.88	737.52
1863.22	721.44
1863.56	713.32
1863.9	713.8
1864.24	727.44
1864.58	694.36
1864.92	669.56
1865.26	652.2
1865.6	639.64
1865.94	583.44
1866.29	538.52
1866.63	501.2
1866.97	454.68
1867.31	416.64
1867.65	384.24
1867.99	373.32
1868.33	361.12
1868.67	333.84
1869.01	309.04
1869.35	316.48
1869.69	354.36
1870.03	387.08
1870.37	432.68
1870.72	484.84
1871.06	491.28
1871.4	438.72
1871.74	386.84
1872.08	333.92
1872.42	300.16
1872.76	308.84
1873.1	328.84
1873.44	335.76
1873.78	335.68
1874.12	307.4
1874.46	255.08
1874.8	231.64
1875.14	252.4
1875.48	270.84
1875.82	284.96
1876.16	297.68
1876.5	301.48
1876.84	283.8
1877.18	272.88
1877.52	260.76
1877.86	241.6
1878.2	206.88
1878.54	169.44
1878.88	146.16
1879.22	129.92
1879.56	119.2
1879.9	105.44
1880.24	96.88
1880.58	87.44
1880.92	88.48
1881.26	92.48
1881.6	90.16
1881.94	83.8
1882.28	76.68
1882.62	71.32
1882.96	77.12
1883.3	94.6
1883.64	102.6
1883.98	107.32
1884.32	105.2
1884.66	89.4
1885	66.68
1885.34	55.32
1885.68	51.12
1886.02	45.72
1886.36	41.36
1886.7	37.28
1887.04	34.2
1887.38	30.04
1887.72	25.88
1888.06	19.36
1888.39	19.2
1888.73	21.44
1889.07	39.72
1889.41	56.72
1889.75	62.88
1890.09	81.48
1890.43	100.8
1890.77	89.96
1891.11	71.04
1891.45	64.6
1891.79	45.04
1892.13	23.32
1892.47	14.8
1892.8	17.88
1893.14	23.2
1893.48	32.68
1893.82	43.52
1894.16	45.72
1894.5	46
1894.84	47
1895.18	42.44
1895.52	38.16
1895.86	42
1896.19	48.64
1896.53	52.84
1896.87	58.96
1897.21	59.36
1897.55	63.88
1897.89	69.24
1898.23	82.36
1898.57	83.36
1898.9	86.12
1899.24	89.24
1899.58	90
1899.92	85.24
1900.26	88.08
1900.6	94.92
1900.94	96.64
1901.27	101.32
1901.61	101.96
1901.95	107.16
1902.29	111.36
1902.63	119.56
1902.97	125.36
1903.3	133.04
1903.64	139.56
1903.98	142.84
1904.32	145.48
1904.66	147.32
1905	152.92
1905.33	157
1905.67	166.28
1906.01	174.52
1906.35	183.96
1906.69	184.12
1907.02	186.64
1907.36	187.64
1907.7	191.48
1908.04	190.44
1908.38	198.72
1908.71	201.88
1909.05	208.24
1909.39	205.96
1909.73	207.32
1910.07	203.64
1910.4	207.68
1910.74	207.36
1911.08	214.72
1911.42	219.24
1911.76	225.92
1912.09	228.52
1912.43	233.44
1912.77	236.4
1913.11	242.12
1913.44	245.52
1913.78	252.64
1914.12	256.84
1914.46	260.48
1914.79	263.28
1915.13	266.92
1915.47	265.04
1915.81	265.6
1916.14	265.44
1916.48	266
1916.82	270.92
1917.16	277.12
1917.49	278.28
1917.83	281.04
1918.17	286.16
1918.5	285.36
1918.84	284.52
1919.18	286.36
1919.52	287.44
1919.85	286.24
1920.19	290
1920.53	295.2
1920.87	296.96
1921.2	300.88
1921.54	307.52
1921.88	309.6
1922.21	310.68
1922.55	316.2
1922.89	318.2
1923.22	313.6
1923.56	315.4
1923.9	311.64
1924.23	310.24
1924.57	309.4
1924.91	317.4
1925.25	312.84
1925.58	320.2
1925.92	324.48
1926.26	328.6
1926.59	324.76
1926.93	333.84
1927.27	332
1927.6	333.6
1927.94	335.64
1928.28	343.84
1928.61	340.16
1928.95	343.44
1929.29	343.28
1929.62	340.08
1929.96	335.32
1930.29	337.08
1930.63	333.84
1930.97	328.08
1931.3	333.24
1931.64	332.4
1931.98	332.08
1932.31	332.08
1932.65	339.32
1932.99	333.36
1933.32	334.04
1933.66	332.52
1933.99	333.04
1934.33	329.88
1934.67	331.72
1935	326.88
1935.34	325.92
1935.67	328.64
1936.01	323.88
1936.35	319.88
1936.68	322.88
1937.02	322.36
1937.35	318.44
1937.69	320.36
1938.03	318.8
1938.36	312.52
1938.7	313.2
1939.03	311.08
1939.37	308.16
1939.7	308.68
1940.04	310.88
1940.38	304.8
1940.71	302.84
1941.05	301.28
1941.38	297.28
1941.72	296.64
1942.05	294.84
1942.39	290.96
1942.73	289
1943.06	290.04
1943.4	283.92
1943.73	281.84
1944.07	281.56
1944.4	278.16
1944.74	273.44
1945.07	274.24
1945.41	273.76
1945.74	269.44
1946.08	270.72
1946.42	270.36
1946.75	267.24
1947.09	265.08
1947.42	266.6
1947.76	260.24
1948.09	256.68
1948.43	256.04
1948.76	252.56
1949.1	245.44
1949.43	246.48
1949.77	243.52
1950.1	236.92
1950.44	234.52
1950.77	236.32
1951.11	230.72
1951.44	228.4
1951.78	228.24
1952.11	226.8
1952.45	221.28
1952.78	219.68
1953.12	218.28
1953.45	213.56
1953.79	206.16
1954.12	206.56
1954.46	202.68
1954.79	196.92
1955.12	195.04
1955.46	197.6
1955.79	192.12
1956.13	189.76
1956.46	190.48
1956.8	188
1957.13	182.52
1957.47	181.6
1957.8	180.56
1958.14	176.2
1958.47	173.4
1958.8	173.28
1959.14	170.76
1959.47	165.76
1959.81	163.88
1960.14	162.88
1960.48	159.96
1960.81	155.32
1961.14	156.88
1961.48	155.28
1961.81	150.56
1962.15	144.8
1962.48	146.04
1962.82	138.8
1963.15	135.44
1963.48	134.08
1963.82	133.88
1964.15	126.68
1964.49	126.92
1964.82	125.52
1965.15	123.28
1965.49	119.36
1965.82	119.2
1966.16	115.88
1966.49	111.88
1966.82	110.36
1967.16	109.56
1967.49	106.76
1967.83	103.08
1968.16	99.84
1968.49	96.36
1968.83	91.88
1969.16	89.4
1969.49	87.24
1969.83	86.16
1970.16	83.48
1970.49	82.44
1970.83	81.96
1971.16	81.92
1971.5	77.6
1971.83	76.88
1972.16	76.12
1972.5	72.12
1972.83	68.4
1973.16	68.48
1973.5	66.24
1973.83	64.72
1974.16	62.88
1974.5	61.96
1974.83	60.04
1975.16	56.44
1975.5	52.2
1975.83	52.04
1976.16	51.12
1976.49	48.84
1976.83	47.08
1977.16	47.32
1977.49	42.8
1977.83	40.72
1978.16	40.28
1978.49	38.12
1978.83	34.92
1979.16	33.68
1979.49	32.08
1979.83	28.96
1980.16	27.96
1980.49	26.64
1980.82	25.56
1981.16	22.68
1981.49	21.6
1981.82	21.84
1982.15	21.4
1982.49	20.24
1982.82	19.32
1983.15	17.08
1983.49	13.36
1983.82	11.76
1984.15	10.96
1984.48	10.2
1984.82	9.8
1985.15	10.24
1985.48	8.8
1985.81	6.64
1986.15	5.76
1986.48	6.24
1986.81	5.8
1987.14	5.6
1987.48	6.56
1987.81	6.24
1988.14	5.04
1988.47	4.84
1988.81	3.84
1989.14	2.96
1989.47	2.4
1989.8	1.96
1990.13	1.56
1990.47	1.8
1990.8	1.44
1991.13	1.76
1991.46	2.6
1991.79	1.72
1992.13	0.8
1992.46	0.8
1992.79	0.2
1993.12	-0.08
1993.45	-0.08
1993.79	0.72
1994.12	0.76
1994.45	1.12
1994.78	0.4
1995.11	1.28
1995.45	1.28
1995.78	1.4
1996.11	1.16
1996.44	1.2
1996.77	0.84
1997.1	0.96
1997.44	0.96
1997.77	1.56
1998.1	1.64
1998.43	2
1998.76	1.88
1999.09	1.84
1999.43	0.2
1999.76	0.92
2000.09	1.28
2000.42	2.24
2000.75	1.12
2001.08	2.16
2001.41	1.44
2001.75	0.72
2002.08	0.68
2002.41	2.44
2002.74	3.2
2003.07	4.08
2003.4	4.56
2003.73	5
2004.06	5.88
2004.4	6.48
2004.73	5.92
2005.06	6.44
2005.39	6.88
2005.72	6.84
2006.05	7.36
2006.38	9
2006.71	10.8
2007.04	10.64
2007.37	12.08
2007.71	12.12
2008.04	11.88
2008.37	12.08
2008.7	14
2009.03	12.84
2009.36	14.52
2009.69	16.72
2010.02	17.76
2010.35	18.04
2010.68	20.12
2011.01	20.04
2011.34	20.24
2011.67	20.04
2012.01	21.4
2012.34	23.88
2012.67	24.6
2013	25.24
2013.33	25.48
2013.66	25.24
2013.99	23.6
2014.32	23.6
2014.65	22.88
2014.98	23.28
2015.31	22.08
2015.64	22
2015.97	23.64
2016.3	23.64
2016.63	24.72
2016.96	26.32
2017.29	26.08
2017.62	23.64
2017.95	24.64
2018.28	23.76
2018.61	22.48
2018.94	22.64
2019.27	23.28
2019.6	24.52
2019.93	25.4
2020.26	25.56
2020.59	25.8
2020.92	27.24
2021.25	24.56
2021.58	23.28
2021.91	23.24
2022.24	22.36
2022.57	20.76
2022.9	22.52
2023.23	22.84
2023.56	21.36
2023.89	21.16
2024.22	21.52
2024.55	20.2
2024.88	19.36
2025.21	19.96
2025.54	19.08
2025.87	16.8
2026.2	16.4
2026.53	16.84
2026.86	17.44
2027.19	18.76
2027.52	19.36
2027.85	17.92
2028.18	17.32
2028.51	16.24
2028.84	14.52
2029.16	15.28
2029.49	15.2
2029.82	13.92
2030.15	12.8
2030.48	11.76
2030.81	11.04
2031.14	11.04
2031.47	10.28
2031.8	10.44
2032.13	10.84
2032.46	10.64
2032.79	9.16
2033.12	9.04
2033.44	8.64
2033.77	7.76
2034.1	7.04
2034.43	7.32
2034.76	6.4
2035.09	5.8
2035.42	5.92
2035.75	5.72
2036.08	5.8
2036.41	6.24
2036.73	7.12
2037.06	7.2
2037.39	5.92
2037.72	5.2
2038.05	4.76
2038.38	4.28
2038.71	3.96
2039.04	3.76
2039.36	3.52
2039.69	4.64
2040.02	3.56
2040.35	3.16
2040.68	3.4
2041.01	3.44
2041.34	2.28
2041.66	2.56
2041.99	3.92
2042.32	4.04
2042.65	3.92
2042.98	3.4
2043.31	3.16
2043.63	1.52
2043.96	1
2044.29	1
2044.62	1.4
2044.95	1.12
2045.28	0.92
2045.6	0.88
2045.93	1.6
2046.26	1.6
2046.59	2
2046.92	2.64
2047.24	2.92
2047.57	2.6
2047.9	2.88
2048.23	2.84
2048.56	2.44
2048.88	2.28
2049.21	1.72
2049.54	1.24
2049.87	1.16
2050.2	0.92
2050.52	0.88
2050.85	0.84
2051.18	0.88
2051.51	0.6
2051.83	0.68
2052.16	0.72
2052.49	0.92
2052.82	1.16
2053.15	1.6
2053.47	1.56
2053.8	1.8
2054.13	2.12
2054.46	1.68
2054.78	1.24
2055.11	1.4
2055.44	0.96
2055.77	0.68
2056.09	1.04
2056.42	1.56
2056.75	1.68
2057.08	2.2
2057.4	2.08
2057.73	1.68
2058.06	1.48
2058.38	1.28
2058.71	1.16
2059.04	1.32
2059.37	1.68
2059.69	1.96
2060.02	1.96
2060.35	2.44
2060.67	2.08
2061	2.68
2061.33	2.64
2061.66	2.8
2061.98	1.88
2062.31	2.36
2062.64	1.84
2062.96	1.32
2063.29	1.12
2063.62	1.32
2063.94	1.44
2064.27	1.24
2064.6	0.84
2064.92	0.96
2065.25	1.32
2065.58	0.96
2065.91	1.2
2066.23	1.48
2066.56	1.48
2066.89	1.32
2067.21	1.28
2067.54	1.44
2067.87	1.68
2068.19	1.96
2068.52	2
2068.84	1.92
2069.17	1.76
2069.5	1.88
2069.82	1.6
2070.15	2.12
2070.48	2.28
2070.8	2.12
2071.13	1.92
2071.46	2.16
2071.78	1.8
2072.11	2.08
2072.43	2.16
2072.76	2.64
2073.09	2.24
2073.41	2.36
2073.74	2.44
2074.07	2.32
2074.39	1.84
2074.72	2.44
2075.04	2.24
2075.37	2.48
2075.7	2.92
2076.02	3.2
2076.35	3.04
2076.67	3.04
2077	2.24
2077.33	1.64
2077.65	1.48
2077.98	1.92
2078.3	1.64
2078.63	1.88
2078.95	1.76
2079.28	2.4
2079.61	1.24
2079.93	1.16
2080.26	0.88
2080.58	1.04
2080.91	0.28
2081.23	1.08
2081.56	1.92
2081.89	2.56
2082.21	2.84
2082.54	3.76
2082.86	4.72
2083.19	3.76
2083.51	3.12
2083.84	3
2084.16	2.08
2084.49	0.8
2084.81	0.76
2085.14	1.56
2085.46	1.4
2085.79	1.52
2086.12	1.44
2086.44	1.96
2086.77	1.24
2087.09	1.32
2087.42	1.76
2087.74	2.12
2088.07	1.92
2088.39	1.8
2088.72	1.64
2089.04	1.24
2089.37	0.8
2089.69	0.88
2090.02	1.32
2090.34	0.92
2090.67	1.36
2090.99	-0.84
2091.32	-0.96
2091.64	-0.64
2091.97	-0.12
2092.29	-0.64
2092.62	1.8
2092.94	2
2093.26	1.6
2093.59	1.56
2093.91	0.64
2094.24	0.4
2094.56	0.16
2094.89	0.12
2095.21	0.2
2095.54	1.96
2095.86	2.56
2096.19	2.92
2096.51	2.76
2096.84	2.6
2097.16	1.52
2097.48	1.36
2097.81	1.04
2098.13	1.12
2098.46	0.92
2098.78	1.16
2099.11	0.92
2099.43	1.08
2099.75	1.04
2100.08	1.36
2100.4	1.52
2100.73	1.36
2101.05	1.64
2101.38	1.84
2101.7	1.72
2102.02	1.32
2102.35	1.6
2102.67	0.92
2103	0.68
2103.32	0.64
2103.64	1.32
2103.97	0.96
2104.29	1.32
2104.62	1.44
2104.94	1.84
2105.26	0.88
2105.59	0.92
2105.91	1
2106.23	0.92
2106.56	0.96
2106.88	1.24
2107.21	1.32
2107.53	0.84
2107.85	0.8
2108.18	0.32
2108.5	1.12
2108.82	1.04
2109.15	1.28
2109.47	1.52
2109.79	1.76
2110.12	1.12
2110.44	1.2
2110.76	1
2111.09	0.76
2111.41	0.52
2111.73	0.52
2112.06	0.52
2112.38	1.28
2112.7	0.52
2113.03	0.96
2113.35	1.12
2113.67	0.96
2114	0.16
2114.32	1
2114.64	1.48
2114.97	1.28
2115.29	1.4
2115.61	1.44
2115.94	1.36
2116.26	0.56
2116.58	0.8
2116.91	-0.16
2117.23	-0.2
2117.55	-0.08
2117.87	0.16
2118.2	0.04
2118.52	1.04
2118.84	1.4
2119.17	1.12
2119.49	1
2119.81	0.76
2120.13	1.04
2120.46	1.2
2120.78	0.76
2121.1	0.52
2121.42	1.04
2121.75	0.68
2122.07	0.68
2122.39	2.04
2122.72	2.12
2123.04	1.96
2123.36	2.16
2123.68	2
2124.01	1.36
2124.33	1.68
2124.65	1.32
2124.97	1.68
2125.29	2.12
2125.62	1.88
2125.94	1.56
2126.26	1.64
2126.58	1.04
2126.91	-0.52
2127.23	-0.4
2127.55	-0.24
2127.87	-0.24
2128.2	-0.28
2128.52	0.88
2128.84	0.72
2129.16	0.64
2129.48	0.88
2129.81	1.08
2130.13	0.88
2130.45	0.88
2130.77	1.04
2131.09	0.8
2131.42	0.6
2131.74	0.44
2132.06	0.64
2132.38	0.44
2132.7	1
2133.02	1.08
2133.35	1.2
2133.67	1.24
2133.99	1.4
2134.31	0.16
2134.63	0.24
2134.96	0.48
2135.28	0.4
2135.6	0.12
2135.92	0.8
2136.24	0.96
2136.56	0.68
2136.88	0.52
2137.21	0.8
2137.53	1
2137.85	0.76
2138.17	0.32
2138.49	0.36
2138.81	0.08
2139.13	-0.12
2139.46	0.16
2139.78	0.96
2140.1	1.16
2140.42	1.52
2140.74	1.56
2141.06	1.44
2141.38	1.24
2141.7	1.24
2142.03	1.28
2142.35	1.24
2142.67	1.44
2142.99	1.36
2143.31	1.16
2143.63	1.08
2143.95	1.12
2144.27	1.4
2144.59	1.56
2144.91	2
2145.24	1.76
2145.56	1.76
2145.88	1.28
2146.2	0.96
2146.52	0.88
2146.84	1.12
2147.16	1.12
2147.48	0.96
2147.8	1.04
2148.12	0.72
2148.44	1.12
2148.76	1.04
2149.08	1.28
2149.41	1.32
2149.73	1.36
2150.05	0.72
2150.37	1
2150.69	0.68
2151.01	0.68
2151.33	0.72
2151.65	0.84
2151.97	0.8
2152.29	1
2152.61	0.96
2152.93	1.24
2153.25	1.04
2153.57	0.88
2153.89	0.68
2154.21	0.96
2154.53	0.76
2154.85	1.08
2155.17	1.08
2155.49	0.88
2155.81	0.56
2156.13	1.04
2156.45	0.84
2156.77	1.2
2157.09	1.6
2157.41	1.52
2157.73	1
2158.05	0.88
2158.37	0.76
2158.69	1
2159.01	1
2159.33	0.8
2159.65	0.92
2159.97	0.88
2160.29	0.44
2160.61	0.52
2160.93	0.52
2161.25	0.92
2161.57	0.8
2161.89	1.36
2162.21	1.32
2162.53	1.4
2162.85	0.4
2163.17	0.32
2163.49	-0.2
2163.81	4.10777e-17
2164.13	0.24
2164.45	0.36
2164.77	0.28
2165.08	0.64
2165.4	0.64
2165.72	0.32
2166.04	0.68
2166.36	1
2166.68	0.6
2167	0.36
2167.32	0.48
2167.64	0.48
2167.96	0.16
2168.28	0.16
2168.6	0.16
2168.92	0.36
2169.24	0.48
2169.55	0.52
2169.87	0.76
2170.19	1.28
2170.51	1.04
2170.83	1.04
2171.15	1.44
2171.47	1.24
2171.79	0.72
2172.11	0.92
2172.43	1.08
2172.74	0.6
2173.06	0.6
2173.38	1.12
2173.7	1.4
2174.02	1.6
2174.34	2
2174.66	2.48
2174.98	2.24
2175.29	2.04
2175.61	1.84
2175.93	1.48
2176.25	1
2176.57	0.72
2176.89	0.36
2177.21	0.08
2177.52	0.24
2177.84	0.56
2178.16	0.76
2178.48	1.12
2178.8	1.32
2179.12	1.72
2179.43	1.72
2179.75	0.52
2180.07	0.24
2180.39	0.44
2180.71	-0.12
2181.03	-0.48
2181.34	0.84
2181.66	0.8
2181.98	0.64
2182.3	0.88
2182.62	1.44
2182.93	0.92
2183.25	0.88
2183.57	0.76
2183.89	0.52
2184.21	-0.04
2184.52	0.24
2184.84	0.64
2185.16	0.64
2185.48	0.92
2185.8	1.32
2186.11	1.6
2186.43	1.32
2186.75	1.48
2187.07	0.76
2187.39	-0.44
2187.7	-0.68
2188.02	-1.08
2188.34	-1.12
2188.66	-0.72
2188.97	0.24
2189.29	0.24
2189.61	0.52
2189.93	0.28
2190.24	0.32
2190.56	0.48
2190.88	0.4
2191.2	0.8
2191.51	1.12
2191.83	1.08
2192.15	0.84
2192.47	1.08
2192.78	1.28
2193.1	0.96
2193.42	1.2
2193.74	1.4
2194.05	1.4
2194.37	0.92
2194.69	0.92
2195	0.28
2195.32	-5.55112e-17
2195.64	-0.28
2195.96	-0.28
2196.27	-0.16
2196.59	0.32
2196.91	0.36
2197.22	0.36
2197.54	0.4
2197.86	0.28
2198.18	0.84
2198.49	1.32
2198.81	1.48
2199.13	1.56
2199.44	1.64
2199.76	1
2200.08	1.04
2200.39	0.88
2200.71	0.64
2201.03	0.56
2201.34	0.76
2201.66	0.8
2201.98	1.2
2202.29	1.2
2202.61	1.52
2202.93	1.4
2203.24	0.8
2203.56	0.68
2203.88	0.88
2204.19	0.6
2204.51	0.56
2204.83	0.56
2205.14	0.6
2205.46	0.76
2205.78	1.28
2206.09	1.6
2206.41	2.04
2206.72	1.92
2207.04	1.64
2207.36	0.68
2207.67	0.36
2207.99	0.16
2208.31	-0.04
2208.62	0.12
2208.94	0.76
2209.25	1.04
2209.57	0.88
2209.89	1.12
2210.2	0.92
2210.52	0.84
2210.83	0.6
2211.15	0.52
2211.47	0.52
2211.78	0.64
2212.1	0.16
2212.41	0.6
2212.73	0.64
2213.05	0.68
2213.36	0.52
2213.68	0.92
2213.99	0.4
2214.31	0.48
2214.62	0.2
2214.94	0.36
2215.26	0.32
2215.57	0.52
2215.89	0.48
2216.2	0.56
2216.52	0.4
2216.83	0.36
2217.15	0.16
2217.46	0.32
2217.78	0.6
2218.1	0.56
2218.41	0.8
2218.73	0.92
2219.04	0.68
2219.36	0.64
2219.67	0.96
2219.99	0.72
2220.3	0.76
2220.62	1.4
2220.93	1.24
2221.25	1.2
2221.56	1.2
2221.88	1.08
2222.19	1
2222.51	1.12
2222.82	-0.36
2223.14	-0.24
2223.45	0.08
2223.77	-0.2
2224.08	-0.44
2224.4	0.8
2224.71	0.84
2225.03	1
2225.34	0.72
2225.66	-0.48
2225.97	-0.36
2226.29	-0.4
2226.6	-0.88
2226.92	-0.44
2227.23	0.72
2227.55	0.6
2227.86	0.48
2228.18	0.52
2228.49	0.28
2228.81	0.44
2229.12	0.44
2229.44	0.52
2229.75	0.64
2230.07	0.52
2230.38	0.52
2230.69	0.52
2231.01	0.56
2231.32	0.36
2231.64	0.28
2231.95	0.24
2232.27	0.52
2232.58	0.56
2232.9	0.72
2233.21	0.72
2233.52	0.6
2233.84	0.32
2234.15	0.16
2234.47	0.04
2234.78	0.08
2235.1	0.12
2235.41	0.52
2235.72	0.6
2236.04	0.64
2236.35	0.88
2236.67	0.32
2236.98	0.04
2237.29	0.32
2237.61	0.84
2237.92	0.56
2238.24	1.12
2238.55	1.36
2238.86	1.2
2239.18	0.6
2239.49	-0.16
2239.8	-0.2
2240.12	-0.24
2240.43	-0.28
2240.75	0.72
2241.06	1.84
2241.37	1.84
2241.69	2
2242	2.72
2242.31	1.72
2242.63	1.36
2242.94	1.76
2243.26	0.88
2243.57	0
2243.88	0.08
2244.2	0.08
2244.51	-0.24
2244.82	0.16
2245.14	0.16
2245.45	0.08
2245.76	0.12
2246.08	0.04
2246.39	0.12
2246.7	0.12
2247.02	0.36
2247.33	0.52
2247.64	0.6
2247.96	0.72
2248.27	0.76
2248.58	-0.36
2248.9	-0.16
2249.21	0.12
2249.52	0.28
2249.83	0.24
2250.15	1.16
2250.46	0.76
2250.77	0.48
2251.09	0.32
2251.4	0.32
2251.71	0.28
2252.03	0.28
2252.34	0.2
2252.65	0.08
2252.96	0.08
2253.28	0.16
2253.59	0.48
2253.9	0.48
2254.21	0.8
2254.53	1.08
2254.84	0.6
2255.15	0.28
2255.47	0.56
2255.78	0.44
2256.09	0.56
2256.4	1
2256.72	1.04
2257.03	1.12
2257.34	0.84
2257.65	0.92
2257.97	1.24
2258.28	1.2
2258.59	0.92
2258.9	1.08
2259.22	0.84
2259.53	0.68
2259.84	1.24
2260.15	1.16
2260.46	1.04
2260.78	0.8
2261.09	1
2261.4	0.6
2261.71	0.96
2262.03	1.44
2262.34	1.56
2262.65	1.16
2262.96	1.08
2263.27	1.08
2263.59	0.76
2263.9	1.4
2264.21	1.44
2264.52	1.4
2264.83	1.04
2265.15	0.92
2265.46	0.16
2265.77	0.2
2266.08	0.24
2266.39	0.24
2266.7	0.4
2267.02	0.6
2267.33	0.12
2267.64	0.36
2267.95	0.96
2268.26	1.04
2268.57	0.88
2268.89	1.32
2269.2	1.04
2269.51	0.44
2269.82	0.32
2270.13	0.28
2270.44	0.36
2270.76	0.16
2271.07	0.28
2271.38	-0.28
2271.69	-0.28
2272	-0.4
2272.31	-0.2
2272.62	-1.08
2272.93	-0.68
2273.25	-0.68
2273.56	-0.68
2273.87	-0.6
2274.18	0.2
2274.49	0.4
2274.8	0.52
2275.11	0.76
2275.42	0.64
2275.74	0.6
2276.05	0.48
2276.36	0.36
2276.67	0.12
2276.98	0.84
2277.29	0.92
2277.6	1.32
2277.91	1.76
2278.22	1.36
2278.53	0.72
2278.85	0.64
2279.16	-0.88
2279.47	-1.24
2279.78	-0.76
2280.09	-0.84
2280.4	-0.76
2280.71	0.28
2281.02	0.2
2281.33	0.12
2281.64	0.44
2281.95	0.36
2282.26	0.48
2282.57	0.48
2282.88	0.48
2283.19	0.16
2283.5	0.24
2283.82	0.2
2284.13	0.2
2284.44	0.28
2284.75	-0.16
2285.06	-0.24
2285.37	-0.32
2285.68	-0.28
2285.99	-0.36
2286.3	0.16
2286.61	0.16
2286.92	0.36
2287.23	0.32
2287.54	0.32
2287.85	0.24
2288.16	0.24
2288.47	0
2288.78	0.24
2289.09	0.32
2289.4	0.32
2289.71	0.44
2290.02	0.52
2290.33	0.44
2290.64	0.76
2290.95	0.56
2291.26	0.44
2291.57	0.44
2291.88	-0.04
2292.19	-0.36
2292.5	-0.16
2292.81	-0.16
2293.12	-0.24
2293.43	0.08
2293.74	0
2294.05	0
2294.36	0
2294.67	0
2294.98	0
2295.29	0
2295.6	0
2295.91	0
2296.21	0
2296.52	0
2296.83	0
2297.14	0
2297.45	0
2297.76	0
2298.07	0
2298.38	0
2298.69	0
2299	0
2299.31	0
2299.62	0
2299.93	0
2300.24	0
2300.55	0
2300.85	0
2301.16	0
2301.47	0
2301.78	0
2302.09	0
2302.4	0
2302.71	0
2303.02	0
2303.33	0
2303.64	0
2303.94	0
2304.25	0
2304.56	0
2304.87	0
2305.18	0
2305.49	0
2305.8	0
2306.11	0
2306.42	0
2306.72	0
2307.03	0
2307.34	0
2307.65	0
2307.96	0
2308.27	0
2308.58	0
2308.88	0
2309.19	0
2309.5	0
2309.81	0
2310.12	0
2310.43	0
2310.74	0
2311.04	0
2311.35	0
2311.66	0
2311.97	0
2312.28	0
2312.59	0
2312.89	0
2313.2	0
2313.51	0
2313.82	0
2314.13	0
2314.43	0
2314.74	0
2315.05	0
2315.36	0
2315.67	0
2315.97	0
2316.28	0
2316.59	0
2316.9	0
2317.21	0
2317.51	0
2317.82	0
2318.13	0
2318.44	0
2318.75	0
2319.05	0
2319.36	0
2319.67	0
2319.98	0
2320.28	0
2320.59	0
2320.9	0
2321.21	0
2321.51	0
2321.82	0
2322.13	0
2322.44	0
2322.74	0
2323.05	0
2323.36	0
2323.67	0
2323.97	0
2324.28	0
2324.59	0
2324.9	0
2325.2	0
2325.51	0
2325.82	0
2326.13	0
2326.43	0
2326.74	0
2327.05	0
2327.35	0
2327.66	0
2327.97	0
2328.27	0
2328.58	0
2328.89	0
2329.2	0
2329.5	0
2329.81	0
2330.12	0
2330.42	0
2330.73	0
2331.04	0
2331.34	0
2331.65	0
2331.96	0
2332.26	0
2332.57	0
2332.88	0
2333.18	0
2333.49	0
2333.8	0
2334.1	0
2334.41	0
2334.72	0
2335.02	0
2335.33	0
2335.64	0
2335.94	0
2336.25	0
2336.56	0
2336.86	0
2337.17	0
2337.48	0
2337.78	0
2338.09	0
2338.39	0
2338.7	0
2339.01	0
2339.31	0
2339.62	0
2339.93	0
2340.23	0
2340.54	0
2340.84	0
2341.15	0
2341.46	0
2341.76	0
2342.07	0
2342.37	0
2342.68	0
2342.99	0
2343.29	0
2343.6	0
2343.9	0
2344.21	0
2344.51	0
2344.82	0
2345.13	0
2345.43	0
2345.74	0
2346.04	0
2346.35	0
2346.65	0
2346.96	0
2347.27	0
2347.57	0
2347.88	0
2348.18	0
2348.49	0
2348.79	0
2349.1	0
2349.4	0
2349.71	0
2350.01	0
2350.32	0
2350.63	0
2350.93	0
2351.24	0
2351.54	0
2351.85	0
2352.15	0
2352.46	0
2352.76	0
2353.07	0
2353.37	0
2353.68	0
2353.98	0
2354.29	0
2354.59	0
2354.9	0
2355.2	0
2355.51	0
2355.81	0
2356.12	0
2356.42	0
2356.73	0
2357.03	0
2357.34	0
2357.64	0
2357.95	0
2358.25	0
2358.55	0
2358.86	0
2359.16	0
2359.47	0
2359.77	0
2360.08	0
2360.38	0
2360.69	0
2360.99	0
2361.3	0
2361.6	0
2361.9	0
2362.21	0
2362.51	0
2362.82	0
2363.12	0
2363.43	0
2363.73	0
2364.04	0
2364.34	0
2364.64	0
2364.95	0
2365.25	0
2365.56	0
2365.86	0
2366.16	0
2366.47	0
2366.77	0
2367.08	0
2367.38	0
2367.68	0
2367.99	0
2368.29	0
2368.6	0
2368.9	0
2369.2	0
2369.51	0
2369.81	0
2370.12	0
2370.42	0
2370.72	0
2371.03	0
2371.33	0
2371.63	0
2371.94	0
2372.24	0
2372.55	0
2372.85	0
2373.15	0
2373.46	0
2373.76	0
2374.06	0
2374.37	0
2374.67	0
2374.97	0
2375.28	0
2375.58	0
2375.88	0
2376.19	0
2376.49	0
2376.79	0
2377.1	0
2377.4	0
2377.7	0
2378.01	0
2378.31	0
2378.61	0
2378.92	0
2379.22	0
2379.52	0
2379.82	0
2380.13	0
2380.43	0
2380.73	0
2381.04	0
2381.34	0
2381.64	0
2381.95	0
2382.25	0
2382.55	0
2382.85	0
2383.16	0
2383.46	0
2383.76	0
2384.06	0
2384.37	0
2384.67	0
2384.97	0
2385.28	0
2385.58	0
2385.88	0
2386.18	0
2386.49	0
2386.79	0
2387.09	0
2387.39	0
2387.69	0
2388	0
2388.3	0
2388.6	0
2388.9	0
2389.21	0
2389.51	0
2389.81	0
2390.11	0
2390.42	0
2390.72	0
2391.02	0
2391.32	0
2391.62	0
2391.93	0
2392.23	0
2392.53	0
2392.83	0
2393.13	0
2393.44	0
2393.74	0
2394.04	0
2394.34	0
2394.64	0
2394.95	0
2395.25	0
2395.55	0
2395.85	0
2396.15	0
2396.45	0
2396.76	0
2397.06	0
2397.36	0
2397.66	0
2397.96	0
2398.26	0
2398.57	0
2398.87	0
2399.17	0
2399.47	0
2399.77	0
2400.07	0
2400.37	0
2400.68	0
2400.98	0
2401.28	0
2401.58	0
2401.88	0
2402.18	0
2402.48	0
2402.79	0
2403.09	0
2403.39	0
2403.69	0
2403.99	0
2404.29	0
2404.59	0
2404.89	0
2405.19	0
2405.5	0
2405.8	0
2406.1	0
2406.4	0
2406.7	0
2407	0
2407.3	0
2407.6	0
2407.9	0
2408.2	0
2408.5	0
2408.8	0
2409.11	0
2409.41	0
2409.71	0
2410.01	0
2410.31	0
2410.61	0
2410.91	0
2411.21	0
2411.51	0
2411.81	0
2412.11	0
2412.41	0
2412.71	0
2413.01	0
2413.31	0
2413.61	0
2413.91	0
2414.21	0
2414.51	0
2414.81	0
2415.12	0
2415.42	0
2415.72	0
2416.02	0
2416.32	0
2416.62	0
2416.92	0
2417.22	0
2417.52	0
2417.82	0
2418.12	0
2418.42	0
2418.72	0
2419.02	0
2419.32	0
2419.62	0
2419.92	0
2420.22	0
2420.52	0
2420.82	0
2421.12	0
2421.42	0
2421.71	0
2422.01	0
2422.31	0
2422.61	0
2422.91	0
2423.21	0
2423.51	0
2423.81	0
2424.11	0
2424.41	0
2424.71	0
2425.01	0
2425.31	0
2425.61	0
2425.91	0
2426.21	0
2426.51	0
2426.81	0
2427.11	0
2427.41	0
2427.7	0
2428	0
2428.3	0
2428.6	0
2428.9	0
2429.2	0
2429.5	0
2429.8	0
2430.1	0
2430.4	0
2430.7	0
2430.99	0
2431.29	0
2431.59	0
2431.89	0
2432.19	0
2432.49	0
2432.79	0
2433.09	0
2433.39	0
2433.68	0
2433.98	0
2434.28	0
2434.58	0
2434.88	0
2435.18	0
2435.48	0
2435.78	0
2436.07	0
2436.37	0
2436.67	0
2436.97	0
2437.27	0
2437.57	0
2437.86	0
2438.16	0
2438.46	0
2438.76	0
2439.06	0
2439.36	0
2439.66	0
2439.95	0
2440.25	0
2440.55	0
2440.85	0
2441.15	0
2441.44	0
2441.74	0
2442.04	0
2442.34	0
2442.64	0
2442.93	0
2443.23	0
2443.53	0
2443.83	0
2444.13	0
2444.42	0
2444.72	0
2445.02	0
2445.32	0
2445.62	0
2445.91	0
2446.21	0
2446.51	0
2446.81	0
2447.1	0
2447.4	0
2447.7	0
2448	0
2448.3	0
2448.59	0
2448.89	0
2449.19	0
2449.49	0
2449.78	0
2450.08	0
2450.38	0
2450.68	0
2450.97	0
2451.27	0
2451.57	0
2451.87	0
2452.16	0
2452.46	0
2452.76	0
2453.05	0
2453.35	0
2453.65	0
2453.95	0
2454.24	0
2454.54	0
2454.84	0
2455.13	0
2455.43	0
2455.73	0
2456.03	0
2456.32	0
2456.62	0
2456.92	0
2457.21	0
2457.51	0
2457.81	0
2458.1	0
2458.4	0
2458.7	0
2458.99	0
2459.29	0
2459.59	0
2459.88	0
2460.18	0
2460.48	0
2460.77	0
2461.07	0
2461.37	0
2461.66	0
2461.96	0
2462.26	0
2462.55	0
2462.85	0
2463.15	0
2463.44	0
2463.74	0
2464.04	0
2464.33	0
2464.63	0
2464.92	0
2465.22	0
2465.52	0
2465.81	0
2466.11	0
2466.41	0
2466.7	0
2467	0
2467.29	0
2467.59	0
2467.89	0
2468.18	0
2468.48	0
2468.77	0
2469.07	0
2469.37	0
2469.66	0
2469.96	0
2470.25	0
2470.55	0
2470.84	0
2471.14	0
2471.44	0
2471.73	0
2472.03	0
2472.32	0
2472.62	0
2472.91	0
2473.21	0
2473.51	0
2473.8	0
2474.1	0
2474.39	0
2474.69	0
2474.98	0
2475.28	0
2475.57	0
2475.87	0
2476.17	0
2476.46	0
2476.76	0
2477.05	0
2477.35	0
2477.64	0
2477.94	0
2478.23	0
2478.53	0
2478.82	0
2479.12	0
2479.41	0
2479.71	0
2480	0
2480.3	0
2480.59	0
2480.89	0
2481.18	0
2481.48	0
2481.77	0
2482.07	0
2482.36	0
2482.66	0
2482.95	0
2483.25	0
2483.54	0
2483.84	0
2484.13	0
2484.43	0
2484.72	0
2485.02	0
2485.31	0
2485.6	0
2485.9	0
2486.19	0
2486.49	0
2486.78	0
2487.08	0
2487.37	0
2487.67	0
2487.96	0
2488.26	0
2488.55	0
2488.84	0
2489.14	0
2489.43	0
2489.73	0
2490.02	0
2490.32	0
2490.61	0
2490.9	0
2491.2	0
2491.49	0
2491.79	0
2492.08	0
2492.37	0
2492.67	0
2492.96	0
2493.26	0
2493.55	0
2493.84	0
2494.14	0
2494.43	0
2494.73	0
2495.02	0
2495.31	0
2495.61	0
2495.9	0
2496.2	0
2496.49	0
2496.78	0
2497.08	0
2497.37	0
2497.66	0
2497.96	0
2498.25	0
2498.54	0
2498.84	0
2499.13	0
2499.43	0
2499.72	0
2500.01	0
2500.31	0
2500.6	0
2500.89	0
2501.19	0
2501.48	0
2501.77	0
2502.07	0
2502.36	0
2502.65	0
2502.95	0
2503.24	0
2503.53	0
2503.82	0
2504.12	0
2504.41	0
2504.7	0
2505	0
2505.29	0
2505.58	0
2505.88	0
2506.17	0
2506.46	0
2506.76	0
2507.05	0
2507.34	0
2507.63	0
2507.93	0
2508.22	0
2508.51	0
2508.8	0
2509.1	0
2509.39	0
2509.68	0
2509.98	0
2510.27	0
2510.56	0
2510.85	0
2511.15	0
2511.44	0
2511.73	0
2512.02	0
2512.32	0
2512.61	0
2512.9	0
2513.19	0
2513.49	0
2513.78	0
2514.07	0
2514.36	0
2514.65	0
2514.95	0
2515.24	0
2515.53	0
2515.82	0
2516.12	0
2516.41	0
2516.7	0
2516.99	0
2517.28	0
2517.58	0
2517.87	0
2518.16	0
2518.45	0
2518.74	0
2519.04	0
2519.33	0
2519.62	0
2519.91	0
2520.2	0
2520.5	0
2520.79	0
2521.08	0
2521.37	0
2521.66	0
2521.95	0
2522.25	0
2522.54	0
2522.83	0
2523.12	0
2523.41	0
2523.7	0
2523.99	0
2524.29	0
2524.58	0
2524.87	0
2525.16	0
2525.45	0
2525.74	0
2526.03	0
2526.33	0
2526.62	0
2526.91	0
2527.2	0
2527.49	0
2527.78	0
2528.07	0
2528.36	0
2528.66	0
2528.95	0
2529.24	0
2529.53	0
2529.82	0
2530.11	0
2530.4	0
2530.69	0
2530.98	0
2531.27	0
2531.57	0
2531.86	0
2532.15	0
2532.44	0
2532.73	0
2533.02	0
2533.31	0
2533.6	0
2533.89	0
2534.18	0
2534.47	0
2534.76	0
2535.05	0
2535.35	0
2535.64	0
2535.93	0
2536.22	0
2536.51	0
2536.8	0
2537.09	0
2537.38	0
2537.67	0
2537.96	0
2538.25	0
2538.54	0
2538.83	0
2539.12	0
2539.41	0
2539.7	0
2539.99	0
2540.28	0
2540.57	0
2540.86	0
2541.15	0
2541.44	0
2541.73	0
2542.02	0
2542.31	0
2542.6	0
2542.89	0
2543.18	0
2543.47	0
2543.76	0
2544.05	0
2544.34	0
2544.63	0
2544.92	0
2545.21	0
2545.5	0
2545.79	0
2546.08	0
2546.37	0
2546.66	0
2546.95	0
2547.24	0
2547.53	0
2547.82	0
2548.11	0
2548.4	0
2548.69	0
2548.98	0
2549.27	0
2549.55	0
2549.84	0
2550.13	0
2550.42	0
2550.71	0
2551	0
2551.29	0
2551.58	0
2551.87	0
2552.16	0
2552.45	0
2552.74	0
2553.03	0
2553.31	0
2553.6	0
2553.89	0
2554.18	0
2554.47	0
2554.76	0
2555.05	0
2555.34	0
2555.63	0
2555.92	0
2556.2	0
2556.49	0
2556.78	0
2557.07	0
2557.36	0
2557.65	0
2557.94	0
2558.23	0
2558.51	0
2558.8	0
2559.09	0
2559.38	0
2559.67	0
2559.96	0
2560.25	0
2560.53	0
2560.82	0
2561.11	0
2561.4	0
2561.69	0
2561.98	0
2562.27	0
2562.55	0
2562.84	0
2563.13	0
2563.42	0
2563.71	0
2564	0
2564.28	0
2564.57	0
2564.86	0
2565.15	0
2565.44	0
2565.72	0
2566.01	0
2566.3	0
2566.59	0
2566.88	0
2567.16	0
2567.45	0
2567.74	0
2568.03	0
2568.32	0
2568.6	0
2568.89	0
2569.18	0
2569.47	0
2569.75	0

