Source: Spectrum Viewer

Chart: Pulse Spectrum

Series: 
Wavelength (nm)	S (a.u.)
1179.9	0
1180.29	0
1180.68	0
1181.06	0
1181.45	0
1181.83	0
1182.22	0
1182.6	0
1182.99	0
1183.38	0
1183.76	0
1184.15	0
1184.53	0
1184.92	0
1185.3	0
1185.69	0
1186.07	0
1186.46	0
1186.85	0
1187.23	0
1187.62	0
1188	0
1188.39	0
1188.77	0
1189.16	0
1189.54	0
1189.93	0
1190.31	0
1190.7	0
1191.08	0
1191.47	0
1191.85	0
1192.24	0
1192.62	0
1193.01	0
1193.39	0
1193.78	0
1194.16	0
1194.55	0
1194.93	0
1195.32	0
1195.7	0
1196.09	1
1196.47	0
1196.86	0
1197.24	0
1197.63	0
1198.01	0
1198.4	0
1198.78	0
1199.16	0
1199.55	0
1199.93	0
1200.32	0
1200.7	0
1201.09	0
1201.47	13
1201.86	0
1202.24	0
1202.63	0
1203.01	0
1203.39	0
1203.78	0
1204.16	0
1204.55	0
1204.93	0
1205.32	0
1205.7	0
1206.08	0
1206.47	0
1206.85	0
1207.24	0
1207.62	0
1208	0
1208.39	0
1208.77	0
1209.16	0
1209.54	0
1209.92	0
1210.31	0
1210.69	0
1211.08	0
1211.46	0
1211.84	0
1212.23	0
1212.61	0
1213	0
1213.38	0
1213.76	0
1214.15	0
1214.53	0
1214.91	0
1215.3	0
1215.68	0
1216.06	0
1216.45	0
1216.83	0
1217.22	0
1217.6	0
1217.98	0
1218.37	0
1218.75	0
1219.13	0
1219.52	0
1219.9	0
1220.28	0
1220.67	0
1221.05	0
1221.43	0
1221.82	0
1222.2	0
1222.58	0
1222.97	0
1223.35	0
1223.73	0
1224.11	0
1224.5	0
1224.88	0
1225.26	0
1225.65	0
1226.03	0
1226.41	0
1226.8	0
1227.18	0
1227.56	0
1227.94	0
1228.33	0
1228.71	0
1229.09	0
1229.47	0
1229.86	0
1230.24	0
1230.62	0
1231.01	0
1231.39	0
1231.77	0
1232.15	0
1232.54	0
1232.92	0
1233.3	0
1233.68	0
1234.07	0
1234.45	0
1234.83	0
1235.21	0
1235.6	0
1235.98	0
1236.36	0
1236.74	0
1237.12	0
1237.51	0
1237.89	0
1238.27	0
1238.65	0
1239.04	0
1239.42	0
1239.8	0
1240.18	0
1240.56	0
1240.95	8
1241.33	0
1241.71	0
1242.09	0
1242.47	0
1242.86	0
1243.24	0
1243.62	0
1244	0
1244.38	0
1244.77	0
1245.15	0
1245.53	0
1245.91	0
1246.29	0
1246.67	0
1247.06	0
1247.44	0
1247.82	0
1248.2	0
1248.58	0
1248.96	0
1249.34	0
1249.73	0
1250.11	4
1250.49	0
1250.87	-2
1251.25	0
1251.63	0
1252.01	0
1252.4	0
1252.78	0
1253.16	0
1253.54	0
1253.92	0
1254.3	1
1254.68	0
1255.06	0
1255.45	0
1255.83	0
1256.21	0
1256.59	0
1256.97	0
1257.35	6
1257.73	0
1258.11	0
1258.49	0
1258.87	0
1259.26	0
1259.64	0
1260.02	0
1260.4	0
1260.78	0
1261.16	0
1261.54	0
1261.92	0
1262.3	0
1262.68	0
1263.06	0
1263.44	0
1263.82	0
1264.21	0
1264.59	0
1264.97	0
1265.35	0
1265.73	0
1266.11	0
1266.49	0
1266.87	0
1267.25	0
1267.63	0
1268.01	0
1268.39	0
1268.77	0
1269.15	0
1269.53	0
1269.91	0
1270.29	0
1270.67	-7
1271.05	0
1271.43	0
1271.81	0
1272.19	0
1272.57	0
1272.95	0
1273.33	0
1273.71	0
1274.09	0
1274.47	0
1274.85	0
1275.23	0
1275.61	0
1275.99	0
1276.37	0
1276.75	0
1277.13	0
1277.51	0
1277.89	0
1278.27	0
1278.65	0
1279.03	0
1279.41	0
1279.79	0
1280.17	0
1280.55	0
1280.93	0
1281.31	0
1281.69	0
1282.07	0
1282.45	0
1282.82	0
1283.2	0
1283.58	0
1283.96	4
1284.34	0
1284.72	0
1285.1	0
1285.48	0
1285.86	0
1286.24	0
1286.62	0
1287	0
1287.38	0
1287.75	0
1288.13	0
1288.51	0
1288.89	0
1289.27	0
1289.65	0
1290.03	0
1290.41	0
1290.79	0
1291.17	0
1291.54	0
1291.92	0
1292.3	0
1292.68	0
1293.06	0
1293.44	0
1293.82	0
1294.2	0
1294.57	0
1294.95	0
1295.33	0
1295.71	0
1296.09	0
1296.47	0
1296.85	0
1297.22	0
1297.6	0
1297.98	0
1298.36	0
1298.74	0
1299.12	0
1299.5	0
1299.87	-1
1300.25	0
1300.63	0
1301.01	0
1301.39	1
1301.77	0
1302.14	0
1302.52	0
1302.9	-2
1303.28	0
1303.66	0
1304.03	0
1304.41	0
1304.79	0
1305.17	0
1305.55	0
1305.92	0
1306.3	0
1306.68	0
1307.06	0
1307.44	0
1307.81	0
1308.19	0
1308.57	0
1308.95	0
1309.32	0
1309.7	0
1310.08	0
1310.46	1
1310.84	0
1311.21	0
1311.59	0
1311.97	2
1312.35	0
1312.72	0
1313.1	0
1313.48	0
1313.86	0
1314.23	0
1314.61	0
1314.99	0
1315.37	0
1315.74	3
1316.12	0
1316.5	0
1316.87	0
1317.25	0
1317.63	0
1318.01	0
1318.38	0
1318.76	0
1319.14	0
1319.52	0
1319.89	0
1320.27	0
1320.65	0
1321.02	0
1321.4	0
1321.78	0
1322.15	0
1322.53	0
1322.91	0
1323.29	0
1323.66	-3
1324.04	0
1324.42	0
1324.79	0
1325.17	0
1325.55	0
1325.92	0
1326.3	0
1326.68	0
1327.05	0
1327.43	0
1327.81	0
1328.18	0
1328.56	0
1328.94	0
1329.31	0
1329.69	0
1330.06	0
1330.44	0
1330.82	0
1331.19	2
1331.57	0
1331.95	0
1332.32	0
1332.7	0
1333.08	0
1333.45	0
1333.83	0
1334.2	0
1334.58	0
1334.96	0
1335.33	0
1335.71	0
1336.08	0
1336.46	0
1336.84	0
1337.21	0
1337.59	0
1337.96	0
1338.34	0
1338.72	0
1339.09	0
1339.47	0
1339.84	0
1340.22	0
1340.6	0
1340.97	0
1341.35	0
1341.72	0
1342.1	0
1342.47	0
1342.85	0
1343.23	0
1343.6	0
1343.98	0
1344.35	0
1344.73	0
1345.1	0
1345.48	0
1345.85	0
1346.23	0
1346.61	3
1346.98	0
1347.36	0
1347.73	0
1348.11	0
1348.48	0
1348.86	0
1349.23	0
1349.61	0
1349.98	0
1350.36	8
1350.73	0
1351.11	0
1351.48	0
1351.86	0
1352.23	0
1352.61	0
1352.98	0
1353.36	0
1353.73	0
1354.11	0
1354.48	0
1354.86	0
1355.23	0
1355.61	0
1355.98	0
1356.36	0
1356.73	0
1357.11	0
1357.48	0
1357.86	0
1358.23	0
1358.61	0
1358.98	0
1359.35	0
1359.73	0
1360.1	0
1360.48	0
1360.85	0
1361.23	0
1361.6	0
1361.98	0
1362.35	0
1362.72	0
1363.1	0
1363.47	0
1363.85	0
1364.22	0
1364.6	0
1364.97	0
1365.34	0
1365.72	0
1366.09	0
1366.47	0
1366.84	0
1367.22	0
1367.59	0
1367.96	0
1368.34	0
1368.71	0
1369.09	0
1369.46	0
1369.83	0
1370.21	0
1370.58	-3
1370.96	0
1371.33	0
1371.7	0
1372.08	0
1372.45	0
1372.82	0
1373.2	0
1373.57	0
1373.95	0
1374.32	4
1374.69	0
1375.07	0
1375.44	0
1375.81	0
1376.19	0
1376.56	0
1376.93	0
1377.31	0
1377.68	0
1378.05	0
1378.43	0
1378.8	0
1379.17	0
1379.55	0
1379.92	0
1380.29	0
1380.67	0
1381.04	0
1381.41	0
1381.79	0
1382.16	0
1382.53	0
1382.91	0
1383.28	0
1383.65	0
1384.03	0
1384.4	0
1384.77	0
1385.14	0
1385.52	0
1385.89	0
1386.26	0
1386.64	0
1387.01	0
1387.38	0
1387.75	0
1388.13	0
1388.5	0
1388.87	0
1389.25	-4
1389.62	0
1389.99	0
1390.36	0
1390.74	0
1391.11	0
1391.48	0
1391.85	0
1392.23	0
1392.6	0
1392.97	0
1393.34	0
1393.72	0
1394.09	0
1394.46	-4
1394.83	0
1395.21	0
1395.58	0
1395.95	0
1396.32	0
1396.69	0
1397.07	0
1397.44	0
1397.81	0
1398.18	0
1398.55	0
1398.93	0
1399.3	0
1399.67	0
1400.04	0
1400.41	0
1400.79	0
1401.16	0
1401.53	0
1401.9	0
1402.27	0
1402.65	0
1403.02	0
1403.39	0
1403.76	0
1404.13	0
1404.51	0
1404.88	0
1405.25	0
1405.62	0
1405.99	0
1406.36	0
1406.74	0
1407.11	0
1407.48	0
1407.85	0
1408.22	0
1408.59	0
1408.96	0
1409.34	0
1409.71	0
1410.08	0
1410.45	0
1410.82	0
1411.19	-2
1411.56	0
1411.93	0
1412.31	0
1412.68	0
1413.05	0
1413.42	0
1413.79	0
1414.16	0
1414.53	0
1414.9	0
1415.27	0
1415.65	0
1416.02	0
1416.39	4
1416.76	0
1417.13	0
1417.5	0
1417.87	0
1418.24	0
1418.61	0
1418.98	0
1419.35	0
1419.73	0
1420.1	3
1420.47	0
1420.84	0
1421.21	0
1421.58	0
1421.95	0
1422.32	0
1422.69	0
1423.06	17
1423.43	0
1423.8	0
1424.17	0
1424.54	0
1424.91	0
1425.28	0
1425.65	0
1426.02	0
1426.39	0
1426.76	0
1427.14	0
1427.51	0
1427.88	0
1428.25	0
1428.62	0
1428.99	0
1429.36	0
1429.73	0
1430.1	0
1430.47	0
1430.84	0
1431.21	0
1431.58	0
1431.95	0
1432.32	0
1432.69	0
1433.06	-6
1433.43	0
1433.8	0
1434.17	0
1434.54	0
1434.91	0
1435.28	0
1435.64	0
1436.01	0
1436.38	0
1436.75	0
1437.12	0
1437.49	0
1437.86	0
1438.23	0
1438.6	-3
1438.97	0
1439.34	0
1439.71	0
1440.08	0
1440.45	0
1440.82	0
1441.19	0
1441.56	0
1441.93	0
1442.3	0
1442.67	0
1443.03	0
1443.4	0
1443.77	0
1444.14	0
1444.51	0
1444.88	0
1445.25	0
1445.62	0
1445.99	0
1446.36	0
1446.73	0
1447.09	0
1447.46	0
1447.83	0
1448.2	0
1448.57	0
1448.94	0
1449.31	0
1449.68	0
1450.05	0
1450.41	1
1450.78	0
1451.15	0
1451.52	0
1451.89	0
1452.26	0
1452.63	0
1453	9
1453.36	0
1453.73	0
1454.1	0
1454.47	0
1454.84	0
1455.21	0
1455.57	0
1455.94	0
1456.31	0
1456.68	0
1457.05	0
1457.42	0
1457.78	0
1458.15	0
1458.52	0
1458.89	0
1459.26	0
1459.63	0
1459.99	0
1460.36	0
1460.73	0
1461.1	0
1461.47	0
1461.83	0
1462.2	0
1462.57	0
1462.94	0
1463.31	0
1463.67	0
1464.04	0
1464.41	0
1464.78	0
1465.15	0
1465.51	0
1465.88	0
1466.25	0
1466.62	0
1466.98	0
1467.35	0
1467.72	0
1468.09	0
1468.46	0
1468.82	0
1469.19	0
1469.56	8
1469.93	0
1470.29	0
1470.66	0
1471.03	0
1471.4	0
1471.76	0
1472.13	0
1472.5	0
1472.86	5
1473.23	0
1473.6	0
1473.97	0
1474.33	0
1474.7	0
1475.07	-1
1475.44	0
1475.8	0
1476.17	0
1476.54	0
1476.9	0
1477.27	0
1477.64	0
1478	0
1478.37	0
1478.74	0
1479.11	0
1479.47	0
1479.84	10
1480.21	-1
1480.57	0
1480.94	0
1481.31	0
1481.67	0
1482.04	0
1482.41	0
1482.77	0
1483.14	0
1483.51	0
1483.87	0
1484.24	0
1484.61	0
1484.97	0
1485.34	0
1485.71	0
1486.07	0
1486.44	0
1486.81	0
1487.17	0
1487.54	0
1487.9	0
1488.27	0
1488.64	-3
1489	0
1489.37	0
1489.74	0
1490.1	0
1490.47	0
1490.83	0
1491.2	0
1491.57	0
1491.93	0
1492.3	0
1492.66	0
1493.03	-1
1493.4	0
1493.76	0
1494.13	0
1494.49	0
1494.86	0
1495.23	0
1495.59	0
1495.96	0
1496.32	0
1496.69	0
1497.06	0
1497.42	0
1497.79	0
1498.15	0
1498.52	0
1498.88	0
1499.25	0
1499.62	0
1499.98	0
1500.35	0
1500.71	0
1501.08	0
1501.44	0
1501.81	0
1502.17	0
1502.54	0
1502.9	0
1503.27	0
1503.64	0
1504	0
1504.37	0
1504.73	0
1505.1	0
1505.46	0
1505.83	0
1506.19	0
1506.56	0
1506.92	0
1507.29	0
1507.65	0
1508.02	0
1508.38	0
1508.75	0
1509.11	0
1509.48	0
1509.84	0
1510.21	0
1510.57	0
1510.94	0
1511.3	0
1511.67	0
1512.03	0
1512.4	0
1512.76	0
1513.13	0
1513.49	0
1513.85	14
1514.22	6
1514.58	0
1514.95	0
1515.31	0
1515.68	0
1516.04	0
1516.41	0
1516.77	0
1517.14	0
1517.5	0
1517.86	0
1518.23	-4
1518.59	0
1518.96	0
1519.32	0
1519.69	0
1520.05	-8
1520.41	0
1520.78	0
1521.14	0
1521.51	-4
1521.87	0
1522.24	0
1522.6	0
1522.96	0
1523.33	0
1523.69	0
1524.06	0
1524.42	0
1524.78	0
1525.15	0
1525.51	0
1525.88	0
1526.24	0
1526.6	0
1526.97	0
1527.33	0
1527.69	0
1528.06	0
1528.42	0
1528.79	0
1529.15	0
1529.51	0
1529.88	0
1530.24	0
1530.6	0
1530.97	5
1531.33	0
1531.69	0
1532.06	0
1532.42	6
1532.78	0
1533.15	0
1533.51	0
1533.87	0
1534.24	0
1534.6	0
1534.96	0
1535.33	0
1535.69	-2
1536.05	0
1536.42	0
1536.78	0
1537.14	0
1537.51	0
1537.87	0
1538.23	0
1538.6	0
1538.96	0
1539.32	0
1539.68	0
1540.05	0
1540.41	0
1540.77	0
1541.14	0
1541.5	0
1541.86	0
1542.23	0
1542.59	0
1542.95	0
1543.31	0
1543.68	0
1544.04	-3
1544.4	0
1544.76	0
1545.13	0
1545.49	0
1545.85	0
1546.21	0
1546.58	0
1546.94	0
1547.3	0
1547.66	0
1548.03	0
1548.39	0
1548.75	0
1549.11	0
1549.48	0
1549.84	0
1550.2	0
1550.56	0
1550.93	0
1551.29	0
1551.65	0
1552.01	0
1552.37	0
1552.74	0
1553.1	0
1553.46	0
1553.82	0
1554.18	0
1554.55	0
1554.91	0
1555.27	0
1555.63	13
1555.99	0
1556.36	0
1556.72	0
1557.08	0
1557.44	0
1557.8	0
1558.17	0
1558.53	16
1558.89	0
1559.25	0
1559.61	0
1559.97	0
1560.34	0
1560.7	9
1561.06	0
1561.42	1
1561.78	0
1562.14	0
1562.5	0
1562.87	0
1563.23	0
1563.59	0
1563.95	0
1564.31	6
1564.67	-2
1565.03	11
1565.4	-4
1565.76	2
1566.12	0
1566.48	0
1566.84	0
1567.2	0
1567.56	-1
1567.92	0
1568.29	3
1568.65	0
1569.01	0
1569.37	0
1569.73	15
1570.09	0
1570.45	0
1570.81	2
1571.17	0
1571.53	0
1571.89	0
1572.26	0
1572.62	0
1572.98	0
1573.34	0
1573.7	0
1574.06	0
1574.42	0
1574.78	0
1575.14	0
1575.5	0
1575.86	0
1576.22	0
1576.58	0
1576.94	0
1577.3	0
1577.67	0
1578.03	0
1578.39	0
1578.75	0
1579.11	0
1579.47	2
1579.83	0
1580.19	0
1580.55	0
1580.91	5
1581.27	0
1581.63	0
1581.99	0
1582.35	1
1582.71	0
1583.07	4
1583.43	0
1583.79	0
1584.15	0
1584.51	5
1584.87	5
1585.23	0
1585.59	0
1585.95	0
1586.31	24
1586.67	8
1587.03	0
1587.39	0
1587.75	15
1588.11	0
1588.47	13
1588.83	0
1589.19	-4
1589.55	0
1589.91	0
1590.27	0
1590.63	0
1590.99	0
1591.35	0
1591.71	3
1592.07	0
1592.42	0
1592.78	0
1593.14	0
1593.5	0
1593.86	0
1594.22	0
1594.58	0
1594.94	0
1595.3	0
1595.66	0
1596.02	0
1596.38	0
1596.74	0
1597.1	0
1597.46	0
1597.81	0
1598.17	0
1598.53	0
1598.89	0
1599.25	0
1599.61	0
1599.97	0
1600.33	0
1600.69	0
1601.05	0
1601.4	0
1601.76	0
1602.12	0
1602.48	0
1602.84	2
1603.2	2
1603.56	0
1603.92	0
1604.28	0
1604.63	0
1604.99	0
1605.35	5
1605.71	0
1606.07	8
1606.43	1
1606.79	8
1607.14	6
1607.5	7
1607.86	5
1608.22	2
1608.58	0
1608.94	0
1609.29	5
1609.65	6
1610.01	0
1610.37	4
1610.73	0
1611.09	10
1611.44	0
1611.8	0
1612.16	7
1612.52	0
1612.88	0
1613.24	0
1613.59	3
1613.95	5
1614.31	0
1614.67	0
1615.03	0
1615.38	1
1615.74	0
1616.1	0
1616.46	1
1616.82	0
1617.17	0
1617.53	0
1617.89	0
1618.25	0
1618.6	0
1618.96	0
1619.32	0
1619.68	0
1620.04	0
1620.39	0
1620.75	0
1621.11	4
1621.47	2
1621.82	0
1622.18	0
1622.54	0
1622.9	0
1623.25	0
1623.61	0
1623.97	0
1624.33	0
1624.68	0
1625.04	0
1625.4	0
1625.75	0
1626.11	15
1626.47	17
1626.83	0
1627.18	0
1627.54	0
1627.9	8
1628.26	0
1628.61	7
1628.97	19
1629.33	19
1629.68	18
1630.04	10
1630.4	6
1630.75	3
1631.11	16
1631.47	12
1631.83	16
1632.18	33
1632.54	30
1632.9	18
1633.25	50
1633.61	35
1633.97	34
1634.32	47
1634.68	44
1635.04	44
1635.39	47
1635.75	39
1636.11	45
1636.46	67
1636.82	53
1637.18	50
1637.53	58
1637.89	90
1638.25	81
1638.6	70
1638.96	80
1639.31	60
1639.67	59
1640.03	64
1640.38	59
1640.74	53
1641.1	74
1641.45	85
1641.81	72
1642.16	87
1642.52	109
1642.88	93
1643.23	85
1643.59	68
1643.95	90
1644.3	68
1644.66	81
1645.01	75
1645.37	102
1645.73	92
1646.08	84
1646.44	86
1646.79	69
1647.15	91
1647.51	88
1647.86	75
1648.22	55
1648.57	72
1648.93	74
1649.28	75
1649.64	73
1650	77
1650.35	63
1650.71	75
1651.06	70
1651.42	69
1651.77	64
1652.13	42
1652.48	47
1652.84	22
1653.2	71
1653.55	42
1653.91	50
1654.26	50
1654.62	50
1654.97	41
1655.33	41
1655.68	23
1656.04	13
1656.39	16
1656.75	18
1657.1	39
1657.46	48
1657.81	20
1658.17	33
1658.52	26
1658.88	1
1659.23	32
1659.59	23
1659.94	24
1660.3	10
1660.65	0
1661.01	15
1661.36	0
1661.72	0
1662.07	0
1662.43	6
1662.78	8
1663.14	0
1663.49	8
1663.85	3
1664.2	8
1664.56	0
1664.91	0
1665.27	0
1665.62	0
1665.98	0
1666.33	0
1666.69	0
1667.04	0
1667.39	0
1667.75	0
1668.1	1
1668.46	0
1668.81	1
1669.17	0
1669.52	0
1669.88	0
1670.23	10
1670.58	0
1670.94	5
1671.29	0
1671.65	0
1672	1
1672.36	6
1672.71	1
1673.06	0
1673.42	0
1673.77	0
1674.13	0
1674.48	0
1674.83	0
1675.19	2
1675.54	21
1675.9	0
1676.25	0
1676.6	0
1676.96	12
1677.31	0
1677.67	0
1678.02	2
1678.37	28
1678.73	18
1679.08	37
1679.43	6
1679.79	9
1680.14	0
1680.5	4
1680.85	0
1681.2	0
1681.56	7
1681.91	11
1682.26	21
1682.62	15
1682.97	26
1683.32	36
1683.68	17
1684.03	23
1684.38	36
1684.74	23
1685.09	10
1685.44	15
1685.8	16
1686.15	35
1686.5	27
1686.86	6
1687.21	41
1687.56	34
1687.92	13
1688.27	9
1688.62	15
1688.98	31
1689.33	14
1689.68	33
1690.03	19
1690.39	48
1690.74	15
1691.09	43
1691.45	22
1691.8	20
1692.15	21
1692.5	16
1692.86	20
1693.21	38
1693.56	29
1693.92	22
1694.27	23
1694.62	28
1694.97	15
1695.33	1
1695.68	37
1696.03	14
1696.38	9
1696.74	0
1697.09	15
1697.44	20
1697.79	11
1698.15	11
1698.5	21
1698.85	9
1699.2	13
1699.56	5
1699.91	15
1700.26	13
1700.61	24
1700.97	0
1701.32	22
1701.67	27
1702.02	5
1702.37	11
1702.73	11
1703.08	39
1703.43	34
1703.78	9
1704.13	15
1704.49	7
1704.84	18
1705.19	32
1705.54	21
1705.89	23
1706.25	29
1706.6	36
1706.95	30
1707.3	15
1707.65	54
1708.01	48
1708.36	27
1708.71	49
1709.06	65
1709.41	73
1709.76	54
1710.12	76
1710.47	101
1710.82	110
1711.17	117
1711.52	119
1711.87	124
1712.23	116
1712.58	136
1712.93	134
1713.28	122
1713.63	148
1713.98	185
1714.33	159
1714.69	160
1715.04	173
1715.39	194
1715.74	202
1716.09	200
1716.44	211
1716.79	255
1717.14	249
1717.5	262
1717.85	251
1718.2	257
1718.55	289
1718.9	285
1719.25	298
1719.6	340
1719.95	353
1720.3	333
1720.65	387
1721.01	441
1721.36	411
1721.71	462
1722.06	505
1722.41	485
1722.76	477
1723.11	518
1723.46	579
1723.81	593
1724.16	618
1724.51	615
1724.86	591
1725.21	705
1725.56	761
1725.92	742
1726.27	750
1726.62	815
1726.97	807
1727.32	879
1727.67	943
1728.02	1011
1728.37	975
1728.72	923
1729.07	1075
1729.42	1233
1729.77	1183
1730.12	1186
1730.47	1228
1730.82	1265
1731.17	1434
1731.52	1535
1731.87	1454
1732.22	1531
1732.57	1566
1732.92	1655
1733.27	1918
1733.62	1793
1733.97	1792
1734.32	1892
1734.67	1901
1735.02	1894
1735.37	1955
1735.72	2076
1736.07	2190
1736.42	2329
1736.77	2210
1737.12	2479
1737.47	2469
1737.82	2618
1738.17	2563
1738.52	2591
1738.87	2763
1739.22	2805
1739.57	2847
1739.92	2873
1740.27	2903
1740.62	3147
1740.97	3117
1741.32	3206
1741.67	3371
1742.02	3506
1742.37	3522
1742.72	3554
1743.06	3662
1743.41	3780
1743.76	3906
1744.11	3940
1744.46	4065
1744.81	4120
1745.16	4186
1745.51	4155
1745.86	4550
1746.21	4371
1746.56	4328
1746.91	4703
1747.26	4730
1747.6	4750
1747.95	4851
1748.3	4950
1748.65	4875
1749	5014
1749.35	5420
1749.7	5153
1750.05	5466
1750.4	5795
1750.75	5594
1751.09	5607
1751.44	5969
1751.79	6158
1752.14	5848
1752.49	5965
1752.84	6152
1753.19	6393
1753.54	6245
1753.88	6532
1754.23	6640
1754.58	6509
1754.93	6541
1755.28	7157
1755.63	6847
1755.98	6839
1756.32	7246
1756.67	7216
1757.02	6989
1757.37	7459
1757.72	7470
1758.07	7399
1758.42	7790
1758.76	7932
1759.11	7756
1759.46	7977
1759.81	8225
1760.16	8231
1760.5	8015
1760.85	8245
1761.2	8751
1761.55	8370
1761.9	8517
1762.25	8895
1762.59	8729
1762.94	8711
1763.29	9165
1763.64	9121
1763.99	9028
1764.33	8993
1764.68	9471
1765.03	9359
1765.38	9156
1765.73	9718
1766.07	9794
1766.42	9580
1766.77	9769
1767.12	10412
1767.46	10024
1767.81	9969
1768.16	10501
1768.51	10452
1768.85	10067
1769.2	10695
1769.55	10723
1769.9	10295
1770.25	10808
1770.59	10583
1770.94	10591
1771.29	11354
1771.64	10638
1771.98	10807
1772.33	11395
1772.68	11393
1773.02	10743
1773.37	11485
1773.72	12149
1774.07	11293
1774.41	11791
1774.76	12039
1775.11	11679
1775.46	11492
1775.8	12023
1776.15	11488
1776.5	11547
1776.84	11413
1777.19	12360
1777.54	12133
1777.89	11890
1778.23	12369
1778.58	12522
1778.93	11907
1779.27	11841
1779.62	12733
1779.97	12591
1780.31	12116
1780.66	12416
1781.01	12548
1781.35	11877
1781.7	12062
1782.05	12927
1782.39	12545
1782.74	11973
1783.09	11997
1783.43	13111
1783.78	12771
1784.13	12453
1784.47	13173
1784.82	12841
1785.17	12185
1785.51	12231
1785.86	11287
1786.21	12892
1786.55	12636
1786.9	13177
1787.25	12375
1787.59	12854
1787.94	13065
1788.29	12551
1788.63	12244
1788.98	12765
1789.32	12571
1789.67	12451
1790.02	12648
1790.36	11261
1790.71	10372
1791.06	11959
1791.4	12811
1791.75	13456
1792.09	12963
1792.44	11835
1792.79	13310
1793.13	13329
1793.48	13069
1793.82	13657
1794.17	12779
1794.52	12486
1794.86	13290
1795.21	12378
1795.55	12101
1795.9	12890
1796.24	11857
1796.59	11117
1796.94	8681
1797.28	11885
1797.63	13999
1797.97	13783
1798.32	12563
1798.66	11619
1799.01	11433
1799.36	11483
1799.7	12041
1800.05	11763
1800.39	11503
1800.74	12074
1801.08	11515
1801.43	9712
1801.77	11567
1802.12	13222
1802.46	11757
1802.81	10907
1803.15	11984
1803.5	12103
1803.85	11321
1804.19	11396
1804.54	11165
1804.88	9612
1805.23	8659
1805.57	11599
1805.92	10257
1806.26	8062
1806.61	10412
1806.95	11629
1807.3	10015
1807.64	9043
1807.99	9758
1808.33	12014
1808.68	11543
1809.02	11026
1809.37	9442
1809.71	7300
1810.06	10743
1810.4	11034
1810.75	10263
1811.09	10106
1811.43	8163
1811.78	7650
1812.12	11041
1812.47	11455
1812.81	11038
1813.16	11211
1813.5	9935
1813.85	9403
1814.19	10298
1814.54	9755
1814.88	9130
1815.23	9558
1815.57	8672
1815.91	8383
1816.26	8453
1816.6	6836
1816.95	5350
1817.29	8554
1817.64	9428
1817.98	7546
1818.32	7891
1818.67	8313
1819.01	10063
1819.36	9523
1819.7	9131
1820.05	8920
1820.39	7919
1820.73	7349
1821.08	8248
1821.42	7810
1821.77	7304
1822.11	7512
1822.45	6798
1822.8	5887
1823.14	6046
1823.49	6700
1823.83	4973
1824.17	6753
1824.52	8247
1824.86	7211
1825.2	7253
1825.55	6740
1825.89	6405
1826.24	6155
1826.58	4662
1826.92	5075
1827.27	7382
1827.61	6527
1827.95	6887
1828.3	6338
1828.64	6040
1828.98	5728
1829.33	5026
1829.67	4539
1830.02	3615
1830.36	6179
1830.7	5775
1831.05	5277
1831.39	6043
1831.73	5864
1832.08	5367
1832.42	5207
1832.76	5025
1833.1	4570
1833.45	4809
1833.79	4436
1834.13	4331
1834.48	4046
1834.82	4004
1835.16	4491
1835.51	4452
1835.85	4185
1836.19	4366
1836.54	3818
1836.88	3552
1837.22	3603
1837.56	2971
1837.91	2684
1838.25	2391
1838.59	2748
1838.94	4020
1839.28	3961
1839.62	3406
1839.96	3236
1840.31	2841
1840.65	3314
1840.99	2810
1841.34	1976
1841.68	1984
1842.02	3331
1842.36	3448
1842.71	3542
1843.05	2850
1843.39	2585
1843.73	1625
1844.08	2890
1844.42	3446
1844.76	2967
1845.1	3297
1845.45	3251
1845.79	2606
1846.13	2329
1846.47	3112
1846.81	2564
1847.16	2634
1847.5	2087
1847.84	1835
1848.18	3085
1848.53	2714
1848.87	2619
1849.21	2584
1849.55	2420
1849.89	2372
1850.24	2254
1850.58	2043
1850.92	2215
1851.26	1902
1851.6	1872
1851.95	2016
1852.29	1954
1852.63	2093
1852.97	1968
1853.31	1871
1853.66	1990
1854	1690
1854.34	1714
1854.68	1507
1855.02	1396
1855.36	1980
1855.71	1786
1856.05	1562
1856.39	1750
1856.73	1653
1857.07	1819
1857.41	1800
1857.76	1422
1858.1	1777
1858.44	1592
1858.78	1508
1859.12	1711
1859.46	1425
1859.8	1372
1860.15	1718
1860.49	1504
1860.83	1538
1861.17	1188
1861.51	1670
1861.85	1840
1862.19	1498
1862.53	1444
1862.88	1339
1863.22	1137
1863.56	1573
1863.9	1616
1864.24	1535
1864.58	1683
1864.92	1685
1865.26	1779
1865.6	1863
1865.94	1446
1866.29	1696
1866.63	1631
1866.97	1391
1867.31	1643
1867.65	1649
1867.99	1723
1868.33	1715
1868.67	1742
1869.01	1669
1869.35	1660
1869.69	1363
1870.03	1066
1870.37	1032
1870.72	1772
1871.06	1321
1871.4	1799
1871.74	1840
1872.08	1879
1872.42	2073
1872.76	1945
1873.1	1583
1873.44	1262
1873.78	1877
1874.12	1802
1874.46	1775
1874.8	1661
1875.14	1701
1875.48	1365
1875.82	1429
1876.16	1920
1876.5	1975
1876.84	1642
1877.18	1575
1877.52	2008
1877.86	2011
1878.2	2142
1878.54	2027
1878.88	1966
1879.22	2095
1879.56	2048
1879.9	2218
1880.24	2186
1880.58	1854
1880.92	2057
1881.26	1962
1881.6	1827
1881.94	1979
1882.28	1993
1882.62	2116
1882.96	2100
1883.3	1843
1883.64	1803
1883.98	1750
1884.32	2234
1884.66	2173
1885	2046
1885.34	2301
1885.68	2021
1886.02	2240
1886.36	1898
1886.7	2073
1887.04	2091
1887.38	2065
1887.72	2292
1888.06	2140
1888.39	2158
1888.73	2210
1889.07	2044
1889.41	2136
1889.75	1926
1890.09	1588
1890.43	2095
1890.77	1424
1891.11	1671
1891.45	2136
1891.79	2098
1892.13	2282
1892.47	2083
1892.8	2172
1893.14	2108
1893.48	2083
1893.82	2163
1894.16	1857
1894.5	1810
1894.84	1941
1895.18	1865
1895.52	1943
1895.86	1845
1896.19	2042
1896.53	1978
1896.87	2001
1897.21	1972
1897.55	1821
1897.89	1980
1898.23	1825
1898.57	1877
1898.9	1576
1899.24	1480
1899.58	1862
1899.92	1752
1900.26	1726
1900.6	1606
1900.94	1705
1901.27	1878
1901.61	1656
1901.95	1720
1902.29	1610
1902.63	1611
1902.97	1699
1903.3	1340
1903.64	1470
1903.98	1543
1904.32	1403
1904.66	1403
1905	1260
1905.33	1708
1905.67	1566
1906.01	1528
1906.35	1444
1906.69	1415
1907.02	1086
1907.36	1109
1907.7	1264
1908.04	1050
1908.38	1347
1908.71	1169
1909.05	1190
1909.39	1120
1909.73	1147
1910.07	1121
1910.4	1041
1910.74	893
1911.08	768
1911.42	924
1911.76	987
1912.09	955
1912.43	894
1912.77	931
1913.11	1078
1913.44	885
1913.78	955
1914.12	872
1914.46	754
1914.79	649
1915.13	567
1915.47	630
1915.81	650
1916.14	735
1916.48	714
1916.82	574
1917.16	626
1917.49	548
1917.83	638
1918.17	563
1918.5	448
1918.84	406
1919.18	415
1919.52	535
1919.85	411
1920.19	481
1920.53	384
1920.87	462
1921.2	461
1921.54	366
1921.88	393
1922.21	314
1922.55	263
1922.89	298
1923.22	352
1923.56	368
1923.9	298
1924.23	318
1924.57	340
1924.91	331
1925.25	251
1925.58	278
1925.92	260
1926.26	227
1926.59	253
1926.93	200
1927.27	267
1927.6	223
1927.94	224
1928.28	220
1928.61	203
1928.95	230
1929.29	183
1929.62	225
1929.96	193
1930.29	257
1930.63	224
1930.97	169
1931.3	239
1931.64	195
1931.98	208
1932.31	215
1932.65	207
1932.99	235
1933.32	203
1933.66	236
1933.99	270
1934.33	225
1934.67	223
1935	203
1935.34	237
1935.67	222
1936.01	203
1936.35	319
1936.68	243
1937.02	299
1937.35	267
1937.69	354
1938.03	323
1938.36	268
1938.7	281
1939.03	281
1939.37	289
1939.7	299
1940.04	348
1940.38	377
1940.71	333
1941.05	371
1941.38	402
1941.72	402
1942.05	424
1942.39	381
1942.73	356
1943.06	419
1943.4	372
1943.73	418
1944.07	366
1944.4	392
1944.74	449
1945.07	378
1945.41	374
1945.74	483
1946.08	461
1946.42	479
1946.75	386
1947.09	436
1947.42	452
1947.76	419
1948.09	454
1948.43	405
1948.76	438
1949.1	415
1949.43	441
1949.77	444
1950.1	441
1950.44	439
1950.77	382
1951.11	442
1951.44	394
1951.78	428
1952.11	402
1952.45	433
1952.78	403
1953.12	372
1953.45	407
1953.79	379
1954.12	409
1954.46	359
1954.79	397
1955.12	358
1955.46	376
1955.79	325
1956.13	296
1956.46	303
1956.8	298
1957.13	309
1957.47	274
1957.8	303
1958.14	304
1958.47	257
1958.8	282
1959.14	283
1959.47	292
1959.81	260
1960.14	291
1960.48	242
1960.81	263
1961.14	238
1961.48	222
1961.81	235
1962.15	223
1962.48	241
1962.82	180
1963.15	159
1963.48	141
1963.82	213
1964.15	159
1964.49	151
1964.82	110
1965.15	97
1965.49	114
1965.82	114
1966.16	143
1966.49	111
1966.82	122
1967.16	82
1967.49	91
1967.83	112
1968.16	130
1968.49	127
1968.83	63
1969.16	45
1969.49	99
1969.83	54
1970.16	66
1970.49	58
1970.83	64
1971.16	52
1971.5	54
1971.83	70
1972.16	67
1972.5	28
1972.83	4
1973.16	28
1973.5	26
1973.83	34
1974.16	2
1974.5	33
1974.83	13
1975.16	12
1975.5	10
1975.83	20
1976.16	47
1976.49	17
1976.83	43
1977.16	18
1977.49	12
1977.83	15
1978.16	6
1978.49	19
1978.83	14
1979.16	11
1979.49	13
1979.83	0
1980.16	14
1980.49	8
1980.82	6
1981.16	5
1981.49	2
1981.82	7
1982.15	37
1982.49	33
1982.82	28
1983.15	21
1983.49	30
1983.82	34
1984.15	36
1984.48	2
1984.82	13
1985.15	16
1985.48	44
1985.81	16
1986.15	28
1986.48	44
1986.81	0
1987.14	40
1987.48	11
1987.81	29
1988.14	32
1988.47	24
1988.81	48
1989.14	45
1989.47	17
1989.8	35
1990.13	31
1990.47	17
1990.8	31
1991.13	0
1991.46	33
1991.79	27
1992.13	22
1992.46	34
1992.79	39
1993.12	37
1993.45	50
1993.79	52
1994.12	43
1994.45	12
1994.78	33
1995.11	9
1995.45	44
1995.78	28
1996.11	58
1996.44	43
1996.77	45
1997.1	47
1997.44	37
1997.77	57
1998.1	36
1998.43	28
1998.76	46
1999.09	45
1999.43	46
1999.76	46
2000.09	23
2000.42	44
2000.75	41
2001.08	36
2001.41	27
2001.75	31
2002.08	50
2002.41	46
2002.74	59
2003.07	32
2003.4	51
2003.73	35
2004.06	21
2004.4	49
2004.73	3
2005.06	35
2005.39	46
2005.72	31
2006.05	34
2006.38	29
2006.71	18
2007.04	37
2007.37	13
2007.71	13
2008.04	18
2008.37	22
2008.7	11
2009.03	13
2009.36	17
2009.69	44
2010.02	34
2010.35	25
2010.68	20
2011.01	39
2011.34	8
2011.67	8
2012.01	21
2012.34	0
2012.67	0
2013	10
2013.33	13
2013.66	0
2013.99	24
2014.32	0
2014.65	0
2014.98	0
2015.31	0
2015.64	0
2015.97	0
2016.3	0
2016.63	6
2016.96	0
2017.29	0
2017.62	2
2017.95	0
2018.28	0
2018.61	0
2018.94	-5
2019.27	0
2019.6	8
2019.93	0
2020.26	0
2020.59	0
2020.92	0
2021.25	0
2021.58	2
2021.91	0
2022.24	0
2022.57	0
2022.9	0
2023.23	0
2023.56	6
2023.89	0
2024.22	-4
2024.55	0
2024.88	0
2025.21	0
2025.54	0
2025.87	0
2026.2	0
2026.53	0
2026.86	7
2027.19	0
2027.52	0
2027.85	0
2028.18	0
2028.51	0
2028.84	0
2029.16	0
2029.49	4
2029.82	0
2030.15	0
2030.48	0
2030.81	4
2031.14	6
2031.47	10
2031.8	0
2032.13	7
2032.46	0
2032.79	0
2033.12	0
2033.44	3
2033.77	0
2034.1	7
2034.43	0
2034.76	0
2035.09	0
2035.42	0
2035.75	0
2036.08	14
2036.41	0
2036.73	0
2037.06	0
2037.39	0
2037.72	0
2038.05	2
2038.38	14
2038.71	0
2039.04	6
2039.36	0
2039.69	0
2040.02	9
2040.35	6
2040.68	0
2041.01	0
2041.34	0
2041.66	0
2041.99	0
2042.32	0
2042.65	0
2042.98	0
2043.31	0
2043.63	0
2043.96	0
2044.29	0
2044.62	0
2044.95	0
2045.28	-1
2045.6	0
2045.93	0
2046.26	0
2046.59	1
2046.92	0
2047.24	0
2047.57	0
2047.9	4
2048.23	1
2048.56	0
2048.88	0
2049.21	0
2049.54	0
2049.87	0
2050.2	0
2050.52	0
2050.85	0
2051.18	0
2051.51	0
2051.83	0
2052.16	0
2052.49	0
2052.82	0
2053.15	0
2053.47	0
2053.8	0
2054.13	0
2054.46	0
2054.78	0
2055.11	0
2055.44	-1
2055.77	0
2056.09	0
2056.42	0
2056.75	0
2057.08	0
2057.4	0
2057.73	0
2058.06	0
2058.38	0
2058.71	0
2059.04	0
2059.37	0
2059.69	0
2060.02	-1
2060.35	0
2060.67	0
2061	0
2061.33	0
2061.66	0
2061.98	0
2062.31	0
2062.64	0
2062.96	0
2063.29	0
2063.62	0
2063.94	0
2064.27	0
2064.6	0
2064.92	0
2065.25	0
2065.58	0
2065.91	0
2066.23	0
2066.56	0
2066.89	0
2067.21	0
2067.54	0
2067.87	0
2068.19	0
2068.52	15
2068.84	13
2069.17	0
2069.5	0
2069.82	0
2070.15	0
2070.48	0
2070.8	0
2071.13	0
2071.46	0
2071.78	0
2072.11	0
2072.43	0
2072.76	3
2073.09	0
2073.41	0
2073.74	0
2074.07	0
2074.39	0
2074.72	0
2075.04	0
2075.37	0
2075.7	0
2076.02	0
2076.35	0
2076.67	0
2077	0
2077.33	0
2077.65	0
2077.98	0
2078.3	0
2078.63	0
2078.95	0
2079.28	0
2079.61	0
2079.93	0
2080.26	0
2080.58	0
2080.91	0
2081.23	0
2081.56	0
2081.89	0
2082.21	0
2082.54	0
2082.86	0
2083.19	0
2083.51	0
2083.84	13
2084.16	0
2084.49	0
2084.81	0
2085.14	0
2085.46	0
2085.79	0
2086.12	0
2086.44	0
2086.77	7
2087.09	-2
2087.42	0
2087.74	0
2088.07	0
2088.39	0
2088.72	0
2089.04	0
2089.37	0
2089.69	0
2090.02	2
2090.34	0
2090.67	0
2090.99	0
2091.32	0
2091.64	0
2091.97	0
2092.29	0
2092.62	0
2092.94	0
2093.26	0
2093.59	0
2093.91	0
2094.24	0
2094.56	0
2094.89	0
2095.21	0
2095.54	0
2095.86	0
2096.19	0
2096.51	0
2096.84	0
2097.16	0
2097.48	0
2097.81	0
2098.13	0
2098.46	0
2098.78	0
2099.11	0
2099.43	0
2099.75	0
2100.08	0
2100.4	-2
2100.73	0
2101.05	0
2101.38	0
2101.7	0
2102.02	0
2102.35	0
2102.67	0
2103	0
2103.32	0
2103.64	0
2103.97	0
2104.29	0
2104.62	0
2104.94	0
2105.26	0
2105.59	0
2105.91	0
2106.23	0
2106.56	0
2106.88	1
2107.21	0
2107.53	0
2107.85	0
2108.18	0
2108.5	0
2108.82	8
2109.15	0
2109.47	0
2109.79	0
2110.12	0
2110.44	0
2110.76	0
2111.09	0
2111.41	0
2111.73	1
2112.06	0
2112.38	0
2112.7	0
2113.03	0
2113.35	0
2113.67	0
2114	0
2114.32	0
2114.64	0
2114.97	0
2115.29	0
2115.61	0
2115.94	0
2116.26	0
2116.58	0
2116.91	0
2117.23	0
2117.55	0
2117.87	0
2118.2	0
2118.52	0
2118.84	0
2119.17	7
2119.49	0
2119.81	0
2120.13	0
2120.46	0
2120.78	0
2121.1	0
2121.42	0
2121.75	0
2122.07	0
2122.39	0
2122.72	0
2123.04	0
2123.36	0
2123.68	0
2124.01	0
2124.33	0
2124.65	0
2124.97	0
2125.29	0
2125.62	0
2125.94	0
2126.26	0
2126.58	0
2126.91	0
2127.23	0
2127.55	0
2127.87	0
2128.2	0
2128.52	0
2128.84	0
2129.16	0
2129.48	0
2129.81	0
2130.13	0
2130.45	0
2130.77	0
2131.09	0
2131.42	0
2131.74	0
2132.06	0
2132.38	0
2132.7	0
2133.02	0
2133.35	0
2133.67	0
2133.99	0
2134.31	0
2134.63	0
2134.96	0
2135.28	0
2135.6	0
2135.92	0
2136.24	0
2136.56	0
2136.88	0
2137.21	0
2137.53	0
2137.85	0
2138.17	0
2138.49	0
2138.81	0
2139.13	0
2139.46	0
2139.78	0
2140.1	0
2140.42	7
2140.74	0
2141.06	0
2141.38	0
2141.7	9
2142.03	0
2142.35	0
2142.67	0
2142.99	0
2143.31	0
2143.63	0
2143.95	0
2144.27	0
2144.59	6
2144.91	0
2145.24	0
2145.56	0
2145.88	0
2146.2	0
2146.52	0
2146.84	0
2147.16	0
2147.48	0
2147.8	0
2148.12	0
2148.44	0
2148.76	0
2149.08	0
2149.41	0
2149.73	0
2150.05	0
2150.37	0
2150.69	0
2151.01	-20
2151.33	0
2151.65	0
2151.97	0
2152.29	0
2152.61	0
2152.93	0
2153.25	0
2153.57	0
2153.89	0
2154.21	0
2154.53	0
2154.85	0
2155.17	0
2155.49	0
2155.81	0
2156.13	0
2156.45	0
2156.77	0
2157.09	0
2157.41	0
2157.73	0
2158.05	0
2158.37	0
2158.69	0
2159.01	0
2159.33	0
2159.65	0
2159.97	0
2160.29	0
2160.61	0
2160.93	0
2161.25	0
2161.57	0
2161.89	0
2162.21	0
2162.53	0
2162.85	0
2163.17	0
2163.49	0
2163.81	0
2164.13	0
2164.45	0
2164.77	0
2165.08	1
2165.4	0
2165.72	0
2166.04	0
2166.36	0
2166.68	0
2167	0
2167.32	0
2167.64	0
2167.96	0
2168.28	0
2168.6	0
2168.92	0
2169.24	0
2169.55	0
2169.87	0
2170.19	0
2170.51	0
2170.83	0
2171.15	0
2171.47	0
2171.79	0
2172.11	0
2172.43	0
2172.74	0
2173.06	1
2173.38	0
2173.7	0
2174.02	0
2174.34	0
2174.66	0
2174.98	0
2175.29	0
2175.61	0
2175.93	0
2176.25	0
2176.57	0
2176.89	0
2177.21	0
2177.52	0
2177.84	0
2178.16	0
2178.48	0
2178.8	10
2179.12	0
2179.43	0
2179.75	0
2180.07	0
2180.39	0
2180.71	0
2181.03	0
2181.34	0
2181.66	0
2181.98	0
2182.3	2
2182.62	0
2182.93	7
2183.25	0
2183.57	0
2183.89	0
2184.21	0
2184.52	0
2184.84	0
2185.16	0
2185.48	3
2185.8	0
2186.11	0
2186.43	0
2186.75	0
2187.07	0
2187.39	0
2187.7	0
2188.02	0
2188.34	0
2188.66	0
2188.97	0
2189.29	0
2189.61	0
2189.93	0
2190.24	0
2190.56	0
2190.88	0
2191.2	0
2191.51	0
2191.83	0
2192.15	0
2192.47	0
2192.78	0
2193.1	0
2193.42	0
2193.74	0
2194.05	0
2194.37	0
2194.69	0
2195	0
2195.32	0
2195.64	0
2195.96	0
2196.27	0
2196.59	0
2196.91	0
2197.22	0
2197.54	0
2197.86	0
2198.18	0
2198.49	0
2198.81	0
2199.13	0
2199.44	0
2199.76	0
2200.08	0
2200.39	0
2200.71	0
2201.03	0
2201.34	0
2201.66	0
2201.98	0
2202.29	0
2202.61	0
2202.93	0
2203.24	0
2203.56	0
2203.88	0
2204.19	0
2204.51	0
2204.83	0
2205.14	0
2205.46	2
2205.78	0
2206.09	0
2206.41	0
2206.72	0
2207.04	0
2207.36	0
2207.67	0
2207.99	0
2208.31	0
2208.62	0
2208.94	0
2209.25	0
2209.57	0
2209.89	0
2210.2	0
2210.52	0
2210.83	0
2211.15	0
2211.47	0
2211.78	0
2212.1	0
2212.41	0
2212.73	0
2213.05	0
2213.36	0
2213.68	0
2213.99	0
2214.31	0
2214.62	0
2214.94	0
2215.26	0
2215.57	0
2215.89	0
2216.2	0
2216.52	0
2216.83	0
2217.15	0
2217.46	0
2217.78	0
2218.1	0
2218.41	0
2218.73	0
2219.04	0
2219.36	0
2219.67	0
2219.99	0
2220.3	0
2220.62	0
2220.93	0
2221.25	7
2221.56	2
2221.88	0
2222.19	0
2222.51	0
2222.82	0
2223.14	0
2223.45	0
2223.77	0
2224.08	0
2224.4	0
2224.71	0
2225.03	1
2225.34	0
2225.66	0
2225.97	0
2226.29	0
2226.6	0
2226.92	0
2227.23	0
2227.55	0
2227.86	0
2228.18	0
2228.49	-6
2228.81	-6
2229.12	0
2229.44	-1
2229.75	0
2230.07	0
2230.38	0
2230.69	0
2231.01	0
2231.32	0
2231.64	0
2231.95	0
2232.27	0
2232.58	0
2232.9	0
2233.21	0
2233.52	0
2233.84	0
2234.15	0
2234.47	0
2234.78	0
2235.1	0
2235.41	0
2235.72	0
2236.04	0
2236.35	0
2236.67	0
2236.98	0
2237.29	0
2237.61	0
2237.92	0
2238.24	0
2238.55	0
2238.86	-4
2239.18	0
2239.49	0
2239.8	0
2240.12	0
2240.43	0
2240.75	7
2241.06	0
2241.37	0
2241.69	0
2242	0
2242.31	0
2242.63	0
2242.94	0
2243.26	0
2243.57	0
2243.88	0
2244.2	0
2244.51	0
2244.82	0
2245.14	0
2245.45	0
2245.76	0
2246.08	0
2246.39	0
2246.7	0
2247.02	0
2247.33	0
2247.64	0
2247.96	0
2248.27	0
2248.58	0
2248.9	0
2249.21	0
2249.52	0
2249.83	0
2250.15	0
2250.46	0
2250.77	0
2251.09	0
2251.4	0
2251.71	0
2252.03	0
2252.34	0
2252.65	0
2252.96	0
2253.28	0
2253.59	0
2253.9	0
2254.21	0
2254.53	0
2254.84	0
2255.15	0
2255.47	0
2255.78	0
2256.09	0
2256.4	0
2256.72	0
2257.03	0
2257.34	0
2257.65	0
2257.97	0
2258.28	0
2258.59	0
2258.9	0
2259.22	0
2259.53	0
2259.84	0
2260.15	0
2260.46	0
2260.78	0
2261.09	0
2261.4	0
2261.71	0
2262.03	0
2262.34	0
2262.65	0
2262.96	0
2263.27	0
2263.59	0
2263.9	0
2264.21	0
2264.52	0
2264.83	0
2265.15	0
2265.46	0
2265.77	0
2266.08	0
2266.39	0
2266.7	0
2267.02	0
2267.33	0
2267.64	0
2267.95	0
2268.26	0
2268.57	-1
2268.89	0
2269.2	0
2269.51	0
2269.82	0
2270.13	0
2270.44	0
2270.76	0
2271.07	0
2271.38	0
2271.69	0
2272	0
2272.31	0
2272.62	0
2272.93	0
2273.25	0
2273.56	0
2273.87	0
2274.18	0
2274.49	0
2274.8	0
2275.11	0
2275.42	0
2275.74	0
2276.05	0
2276.36	-1
2276.67	0
2276.98	0
2277.29	0
2277.6	-1
2277.91	0
2278.22	0
2278.53	0
2278.85	0
2279.16	0
2279.47	0
2279.78	0
2280.09	0
2280.4	0
2280.71	0
2281.02	0
2281.33	0
2281.64	15
2281.95	0
2282.26	0
2282.57	0
2282.88	0
2283.19	0
2283.5	0
2283.82	0
2284.13	3
2284.44	0
2284.75	0
2285.06	0
2285.37	0
2285.68	0
2285.99	-2
2286.3	0
2286.61	0
2286.92	0
2287.23	2
2287.54	0
2287.85	0
2288.16	0
2288.47	0
2288.78	0
2289.09	0
2289.4	0
2289.71	0
2290.02	0
2290.33	0
2290.64	-5
2290.95	0
2291.26	0
2291.57	0
2291.88	0
2292.19	0
2292.5	0
2292.81	0
2293.12	-1
2293.43	0
2293.74	0
2294.05	0
2294.36	0
2294.67	0
2294.98	0
2295.29	0
2295.6	0
2295.91	0
2296.21	0
2296.52	0
2296.83	0
2297.14	0
2297.45	0
2297.76	0
2298.07	0
2298.38	0
2298.69	0
2299	0
2299.31	0
2299.62	-5
2299.93	0
2300.24	0
2300.55	0
2300.85	0
2301.16	0
2301.47	0
2301.78	0
2302.09	0
2302.4	0
2302.71	0
2303.02	0
2303.33	0
2303.64	0
2303.94	0
2304.25	0
2304.56	0
2304.87	0
2305.18	0
2305.49	0
2305.8	0
2306.11	0
2306.42	0
2306.72	0
2307.03	0
2307.34	0
2307.65	0
2307.96	0
2308.27	0
2308.58	0
2308.88	0
2309.19	0
2309.5	0
2309.81	0
2310.12	5
2310.43	0
2310.74	0
2311.04	0
2311.35	0
2311.66	0
2311.97	0
2312.28	0
2312.59	0
2312.89	0
2313.2	0
2313.51	0
2313.82	0
2314.13	0
2314.43	0
2314.74	0
2315.05	2
2315.36	0
2315.67	0
2315.97	0
2316.28	0
2316.59	0
2316.9	0
2317.21	0
2317.51	0
2317.82	0
2318.13	3
2318.44	0
2318.75	0
2319.05	0
2319.36	0
2319.67	0
2319.98	0
2320.28	0
2320.59	0
2320.9	0
2321.21	0
2321.51	0
2321.82	0
2322.13	0
2322.44	0
2322.74	13
2323.05	0
2323.36	0
2323.67	0
2323.97	0
2324.28	0
2324.59	0
2324.9	0
2325.2	0
2325.51	0
2325.82	0
2326.13	0
2326.43	0
2326.74	0
2327.05	0
2327.35	0
2327.66	0
2327.97	0
2328.27	0
2328.58	0
2328.89	0
2329.2	0
2329.5	0
2329.81	0
2330.12	0
2330.42	0
2330.73	0
2331.04	0
2331.34	0
2331.65	0
2331.96	0
2332.26	0
2332.57	0
2332.88	0
2333.18	0
2333.49	0
2333.8	0
2334.1	0
2334.41	0
2334.72	0
2335.02	0
2335.33	-5
2335.64	0
2335.94	0
2336.25	0
2336.56	0
2336.86	0
2337.17	0
2337.48	0
2337.78	0
2338.09	0
2338.39	0
2338.7	-3
2339.01	0
2339.31	0
2339.62	0
2339.93	0
2340.23	0
2340.54	0
2340.84	0
2341.15	0
2341.46	0
2341.76	0
2342.07	0
2342.37	0
2342.68	0
2342.99	0
2343.29	0
2343.6	0
2343.9	0
2344.21	0
2344.51	0
2344.82	0
2345.13	0
2345.43	0
2345.74	0
2346.04	0
2346.35	0
2346.65	0
2346.96	0
2347.27	0
2347.57	0
2347.88	0
2348.18	0
2348.49	0
2348.79	0
2349.1	0
2349.4	0
2349.71	0
2350.01	0
2350.32	0
2350.63	-5
2350.93	0
2351.24	0
2351.54	0
2351.85	0
2352.15	0
2352.46	0
2352.76	0
2353.07	0
2353.37	0
2353.68	0
2353.98	0
2354.29	0
2354.59	0
2354.9	0
2355.2	0
2355.51	0
2355.81	0
2356.12	0
2356.42	0
2356.73	0
2357.03	0
2357.34	0
2357.64	0
2357.95	0
2358.25	0
2358.55	0
2358.86	0
2359.16	0
2359.47	0
2359.77	0
2360.08	0
2360.38	0
2360.69	0
2360.99	0
2361.3	0
2361.6	0
2361.9	0
2362.21	0
2362.51	0
2362.82	0
2363.12	0
2363.43	0
2363.73	0
2364.04	0
2364.34	0
2364.64	0
2364.95	0
2365.25	0
2365.56	0
2365.86	0
2366.16	0
2366.47	0
2366.77	0
2367.08	0
2367.38	0
2367.68	0
2367.99	0
2368.29	0
2368.6	0
2368.9	0
2369.2	0
2369.51	0
2369.81	0
2370.12	0
2370.42	0
2370.72	-10
2371.03	0
2371.33	0
2371.63	0
2371.94	0
2372.24	0
2372.55	0
2372.85	0
2373.15	0
2373.46	0
2373.76	0
2374.06	0
2374.37	0
2374.67	0
2374.97	0
2375.28	0
2375.58	0
2375.88	0
2376.19	0
2376.49	0
2376.79	0
2377.1	0
2377.4	0
2377.7	0
2378.01	0
2378.31	0
2378.61	0
2378.92	0
2379.22	0
2379.52	0
2379.82	0
2380.13	0
2380.43	0
2380.73	0
2381.04	0
2381.34	0
2381.64	0
2381.95	0
2382.25	0
2382.55	0
2382.85	0
2383.16	0
2383.46	0
2383.76	0
2384.06	0
2384.37	0
2384.67	0
2384.97	0
2385.28	0
2385.58	0
2385.88	0
2386.18	0
2386.49	0
2386.79	0
2387.09	0
2387.39	0
2387.69	0
2388	0
2388.3	0
2388.6	0
2388.9	0
2389.21	0
2389.51	0
2389.81	0
2390.11	0
2390.42	0
2390.72	0
2391.02	0
2391.32	0
2391.62	0
2391.93	0
2392.23	0
2392.53	0
2392.83	0
2393.13	0
2393.44	0
2393.74	0
2394.04	0
2394.34	0
2394.64	0
2394.95	0
2395.25	0
2395.55	0
2395.85	0
2396.15	0
2396.45	0
2396.76	0
2397.06	0
2397.36	0
2397.66	0
2397.96	0
2398.26	0
2398.57	0
2398.87	0
2399.17	0
2399.47	0
2399.77	0
2400.07	0
2400.37	0
2400.68	0
2400.98	0
2401.28	0
2401.58	0
2401.88	3
2402.18	0
2402.48	0
2402.79	0
2403.09	0
2403.39	0
2403.69	0
2403.99	0
2404.29	0
2404.59	0
2404.89	0
2405.19	0
2405.5	0
2405.8	0
2406.1	0
2406.4	0
2406.7	0
2407	0
2407.3	0
2407.6	0
2407.9	0
2408.2	0
2408.5	0
2408.8	0
2409.11	0
2409.41	0
2409.71	0
2410.01	0
2410.31	0
2410.61	0
2410.91	0
2411.21	0
2411.51	0
2411.81	0
2412.11	0
2412.41	0
2412.71	0
2413.01	0
2413.31	0
2413.61	0
2413.91	0
2414.21	0
2414.51	0
2414.81	0
2415.12	0
2415.42	0
2415.72	0
2416.02	0
2416.32	0
2416.62	0
2416.92	0
2417.22	0
2417.52	0
2417.82	-2
2418.12	0
2418.42	0
2418.72	0
2419.02	0
2419.32	0
2419.62	0
2419.92	0
2420.22	0
2420.52	0
2420.82	0
2421.12	0
2421.42	9
2421.71	0
2422.01	0
2422.31	0
2422.61	0
2422.91	0
2423.21	0
2423.51	0
2423.81	0
2424.11	0
2424.41	0
2424.71	0
2425.01	0
2425.31	0
2425.61	0
2425.91	0
2426.21	0
2426.51	0
2426.81	0
2427.11	0
2427.41	0
2427.7	0
2428	0
2428.3	0
2428.6	0
2428.9	0
2429.2	0
2429.5	0
2429.8	0
2430.1	0
2430.4	0
2430.7	0
2430.99	0
2431.29	0
2431.59	0
2431.89	1
2432.19	0
2432.49	0
2432.79	0
2433.09	0
2433.39	0
2433.68	0
2433.98	0
2434.28	0
2434.58	0
2434.88	0
2435.18	0
2435.48	0
2435.78	0
2436.07	0
2436.37	0
2436.67	0
2436.97	0
2437.27	0
2437.57	0
2437.86	0
2438.16	0
2438.46	0
2438.76	0
2439.06	0
2439.36	0
2439.66	0
2439.95	0
2440.25	0
2440.55	0
2440.85	0
2441.15	0
2441.44	0
2441.74	0
2442.04	0
2442.34	-1
2442.64	0
2442.93	0
2443.23	0
2443.53	0
2443.83	0
2444.13	0
2444.42	0
2444.72	0
2445.02	0
2445.32	0
2445.62	0
2445.91	0
2446.21	0
2446.51	0
2446.81	0
2447.1	0
2447.4	0
2447.7	0
2448	0
2448.3	0
2448.59	0
2448.89	0
2449.19	0
2449.49	0
2449.78	0
2450.08	0
2450.38	-1
2450.68	0
2450.97	0
2451.27	0
2451.57	0
2451.87	0
2452.16	0
2452.46	0
2452.76	0
2453.05	0
2453.35	0
2453.65	0
2453.95	0
2454.24	0
2454.54	0
2454.84	0
2455.13	0
2455.43	0
2455.73	0
2456.03	0
2456.32	0
2456.62	0
2456.92	0
2457.21	0
2457.51	0
2457.81	0
2458.1	0
2458.4	0
2458.7	0
2458.99	0
2459.29	0
2459.59	0
2459.88	0
2460.18	0
2460.48	0
2460.77	0
2461.07	0
2461.37	0
2461.66	0
2461.96	0
2462.26	0
2462.55	0
2462.85	1
2463.15	0
2463.44	0
2463.74	0
2464.04	1
2464.33	0
2464.63	0
2464.92	0
2465.22	-3
2465.52	0
2465.81	0
2466.11	0
2466.41	0
2466.7	0
2467	0
2467.29	0
2467.59	0
2467.89	0
2468.18	0
2468.48	0
2468.77	0
2469.07	0
2469.37	0
2469.66	0
2469.96	0
2470.25	0
2470.55	0
2470.84	0
2471.14	0
2471.44	0
2471.73	0
2472.03	-1
2472.32	0
2472.62	0
2472.91	0
2473.21	0
2473.51	0
2473.8	0
2474.1	1
2474.39	0
2474.69	0
2474.98	0
2475.28	0
2475.57	0
2475.87	0
2476.17	0
2476.46	0
2476.76	0
2477.05	0
2477.35	0
2477.64	0
2477.94	0
2478.23	0
2478.53	0
2478.82	0
2479.12	0
2479.41	0
2479.71	0
2480	0
2480.3	0
2480.59	0
2480.89	0
2481.18	0
2481.48	0
2481.77	0
2482.07	0
2482.36	0
2482.66	0
2482.95	0
2483.25	0
2483.54	0
2483.84	0
2484.13	0
2484.43	0
2484.72	0
2485.02	0
2485.31	0
2485.6	0
2485.9	0
2486.19	0
2486.49	0
2486.78	0
2487.08	0
2487.37	0
2487.67	0
2487.96	0
2488.26	6
2488.55	0
2488.84	0
2489.14	0
2489.43	0
2489.73	0
2490.02	0
2490.32	0
2490.61	0
2490.9	0
2491.2	0
2491.49	0
2491.79	0
2492.08	0
2492.37	0
2492.67	0
2492.96	0
2493.26	0
2493.55	0
2493.84	0
2494.14	0
2494.43	0
2494.73	0
2495.02	0
2495.31	0
2495.61	0
2495.9	0
2496.2	0
2496.49	0
2496.78	0
2497.08	0
2497.37	0
2497.66	0
2497.96	0
2498.25	0
2498.54	0
2498.84	0
2499.13	0
2499.43	0
2499.72	0
2500.01	0
2500.31	0
2500.6	0
2500.89	0
2501.19	0
2501.48	0
2501.77	0
2502.07	0
2502.36	0
2502.65	0
2502.95	0
2503.24	0
2503.53	0
2503.82	0
2504.12	0
2504.41	0
2504.7	0
2505	0
2505.29	0
2505.58	0
2505.88	0
2506.17	0
2506.46	0
2506.76	0
2507.05	0
2507.34	0
2507.63	0
2507.93	0
2508.22	0
2508.51	0
2508.8	0
2509.1	0
2509.39	0
2509.68	0
2509.98	0
2510.27	0
2510.56	0
2510.85	0
2511.15	0
2511.44	0
2511.73	0
2512.02	0
2512.32	0
2512.61	0
2512.9	0
2513.19	0
2513.49	0
2513.78	0
2514.07	0
2514.36	0
2514.65	0
2514.95	0
2515.24	0
2515.53	0
2515.82	0
2516.12	0
2516.41	0
2516.7	0
2516.99	0
2517.28	0
2517.58	0
2517.87	0
2518.16	0
2518.45	0
2518.74	0
2519.04	0
2519.33	0
2519.62	0
2519.91	0
2520.2	0
2520.5	0
2520.79	8
2521.08	0
2521.37	0
2521.66	0
2521.95	0
2522.25	0
2522.54	0
2522.83	0
2523.12	0
2523.41	4
2523.7	0
2523.99	0
2524.29	0
2524.58	0
2524.87	0
2525.16	0
2525.45	0
2525.74	0
2526.03	0
2526.33	0
2526.62	0
2526.91	0
2527.2	0
2527.49	0
2527.78	0
2528.07	0
2528.36	0
2528.66	0
2528.95	0
2529.24	0
2529.53	0
2529.82	0
2530.11	0
2530.4	0
2530.69	0
2530.98	0
2531.27	0
2531.57	0
2531.86	0
2532.15	0
2532.44	0
2532.73	0
2533.02	0
2533.31	0
2533.6	0
2533.89	0
2534.18	0
2534.47	0
2534.76	0
2535.05	0
2535.35	0
2535.64	0
2535.93	0
2536.22	0
2536.51	0
2536.8	0
2537.09	0
2537.38	0
2537.67	0
2537.96	0
2538.25	0
2538.54	14
2538.83	0
2539.12	0
2539.41	0
2539.7	0
2539.99	0
2540.28	0
2540.57	0
2540.86	0
2541.15	0
2541.44	0
2541.73	0
2542.02	8
2542.31	0
2542.6	0
2542.89	0
2543.18	0
2543.47	0
2543.76	0
2544.05	0
2544.34	0
2544.63	0
2544.92	0
2545.21	0
2545.5	0
2545.79	0
2546.08	0
2546.37	0
2546.66	0
2546.95	0
2547.24	-6
2547.53	0
2547.82	0
2548.11	0
2548.4	0
2548.69	0
2548.98	0
2549.27	0
2549.55	0
2549.84	0
2550.13	-9
2550.42	0
2550.71	-2
2551	0
2551.29	0
2551.58	0
2551.87	0
2552.16	0
2552.45	0
2552.74	0
2553.03	0
2553.31	0
2553.6	0
2553.89	0
2554.18	0
2554.47	0
2554.76	0
2555.05	0
2555.34	0
2555.63	0
2555.92	0
2556.2	0
2556.49	0
2556.78	0
2557.07	0
2557.36	0
2557.65	0
2557.94	0
2558.23	0
2558.51	0
2558.8	0
2559.09	0
2559.38	0
2559.67	0
2559.96	0
2560.25	0
2560.53	0
2560.82	0
2561.11	0
2561.4	0
2561.69	0
2561.98	0
2562.27	0
2562.55	0
2562.84	0
2563.13	0
2563.42	0
2563.71	0
2564	0
2564.28	0
2564.57	0
2564.86	0
2565.15	0
2565.44	0
2565.72	0
2566.01	0
2566.3	0
2566.59	0
2566.88	0
2567.16	0
2567.45	0
2567.74	0
2568.03	0
2568.32	0
2568.6	0
2568.89	0
2569.18	0
2569.47	0
2569.75	0

