Source: Spectrum Viewer

Chart: Pulse Spectrum

Series: 
Wavelength (nm)	S (a.u.)
1179.9	0
1180.29	0
1180.68	0
1181.06	0
1181.45	0
1181.83	0
1182.22	0
1182.6	0
1182.99	0
1183.38	0
1183.76	0
1184.15	0
1184.53	0
1184.92	0
1185.3	0
1185.69	0
1186.07	0
1186.46	0
1186.85	0
1187.23	0
1187.62	0
1188	0
1188.39	0
1188.77	0
1189.16	0
1189.54	0
1189.93	0
1190.31	0
1190.7	0
1191.08	0
1191.47	0
1191.85	0
1192.24	0
1192.62	0
1193.01	0
1193.39	0
1193.78	0
1194.16	0
1194.55	0
1194.93	0
1195.32	0
1195.7	0
1196.09	0
1196.47	0
1196.86	0
1197.24	0
1197.63	0
1198.01	0
1198.4	0
1198.78	0
1199.16	0
1199.55	0
1199.93	0
1200.32	0
1200.7	0
1201.09	0
1201.47	0
1201.86	0
1202.24	0
1202.63	0
1203.01	0
1203.39	0
1203.78	0
1204.16	0
1204.55	0
1204.93	0
1205.32	0
1205.7	0
1206.08	0
1206.47	0
1206.85	0
1207.24	0
1207.62	0
1208	0
1208.39	0
1208.77	0
1209.16	0
1209.54	0
1209.92	0
1210.31	0
1210.69	0
1211.08	0
1211.46	0
1211.84	0
1212.23	0
1212.61	0
1213	0
1213.38	0
1213.76	0
1214.15	0
1214.53	0
1214.91	0
1215.3	0
1215.68	0
1216.06	0
1216.45	0
1216.83	0
1217.22	0
1217.6	0
1217.98	0
1218.37	0
1218.75	0
1219.13	0
1219.52	0
1219.9	0
1220.28	0
1220.67	0
1221.05	0
1221.43	0
1221.82	0
1222.2	0
1222.58	0
1222.97	0
1223.35	0
1223.73	0
1224.11	0
1224.5	0
1224.88	0
1225.26	0
1225.65	0
1226.03	0
1226.41	0
1226.8	0
1227.18	0
1227.56	0
1227.94	0
1228.33	0
1228.71	0
1229.09	0
1229.47	0
1229.86	0
1230.24	0
1230.62	0
1231.01	0
1231.39	0
1231.77	0
1232.15	0
1232.54	0
1232.92	0
1233.3	0
1233.68	0
1234.07	0
1234.45	0
1234.83	0
1235.21	0
1235.6	0
1235.98	0
1236.36	0
1236.74	0
1237.12	0
1237.51	0
1237.89	0
1238.27	0
1238.65	0
1239.04	0
1239.42	0
1239.8	0
1240.18	0
1240.56	0
1240.95	0
1241.33	0
1241.71	0
1242.09	0
1242.47	0
1242.86	0
1243.24	0
1243.62	0
1244	0
1244.38	0
1244.77	0
1245.15	0
1245.53	0
1245.91	0
1246.29	0
1246.67	0
1247.06	0
1247.44	0
1247.82	0
1248.2	0
1248.58	0
1248.96	0
1249.34	0
1249.73	0
1250.11	0
1250.49	0
1250.87	0
1251.25	0
1251.63	0
1252.01	0
1252.4	0
1252.78	0
1253.16	0
1253.54	0
1253.92	0
1254.3	0
1254.68	0
1255.06	0
1255.45	0
1255.83	0
1256.21	0
1256.59	0
1256.97	0
1257.35	0
1257.73	0
1258.11	0
1258.49	0
1258.87	0
1259.26	0
1259.64	0
1260.02	0
1260.4	0
1260.78	0
1261.16	0
1261.54	0
1261.92	0
1262.3	0
1262.68	0
1263.06	0
1263.44	0
1263.82	0
1264.21	0
1264.59	0
1264.97	0
1265.35	0
1265.73	0
1266.11	0
1266.49	0
1266.87	0
1267.25	0
1267.63	0
1268.01	0
1268.39	0
1268.77	0
1269.15	0
1269.53	0
1269.91	0
1270.29	0
1270.67	0
1271.05	0
1271.43	0
1271.81	0
1272.19	0
1272.57	0
1272.95	0
1273.33	0
1273.71	0
1274.09	0
1274.47	0
1274.85	0
1275.23	0
1275.61	0
1275.99	0
1276.37	0
1276.75	0
1277.13	0
1277.51	0
1277.89	0
1278.27	0
1278.65	0
1279.03	0
1279.41	0
1279.79	0
1280.17	0
1280.55	0
1280.93	0
1281.31	0
1281.69	0
1282.07	0
1282.45	0
1282.82	0
1283.2	0
1283.58	0
1283.96	0
1284.34	0
1284.72	0
1285.1	0
1285.48	0
1285.86	0
1286.24	0
1286.62	0
1287	0
1287.38	0
1287.75	0
1288.13	0
1288.51	0
1288.89	0
1289.27	0
1289.65	0
1290.03	0
1290.41	0
1290.79	0
1291.17	0
1291.54	0
1291.92	0
1292.3	0
1292.68	0
1293.06	0
1293.44	0
1293.82	0
1294.2	0
1294.57	0
1294.95	0
1295.33	0
1295.71	0
1296.09	0
1296.47	0
1296.85	0
1297.22	0
1297.6	0
1297.98	0
1298.36	0
1298.74	0
1299.12	0
1299.5	0
1299.87	0
1300.25	0
1300.63	0
1301.01	0
1301.39	0
1301.77	0
1302.14	0
1302.52	0
1302.9	0
1303.28	0
1303.66	0
1304.03	0
1304.41	0
1304.79	0
1305.17	0
1305.55	0
1305.92	0
1306.3	0
1306.68	0
1307.06	0
1307.44	0
1307.81	0
1308.19	0
1308.57	0
1308.95	0
1309.32	0
1309.7	0
1310.08	0
1310.46	0
1310.84	0
1311.21	0
1311.59	0
1311.97	0
1312.35	0
1312.72	0
1313.1	0
1313.48	0
1313.86	0
1314.23	0
1314.61	0
1314.99	0
1315.37	0
1315.74	0
1316.12	0
1316.5	0
1316.87	0
1317.25	0
1317.63	0
1318.01	0
1318.38	0
1318.76	0
1319.14	0
1319.52	0
1319.89	0
1320.27	0
1320.65	0
1321.02	0
1321.4	0
1321.78	0
1322.15	0
1322.53	0
1322.91	0
1323.29	0
1323.66	0
1324.04	0
1324.42	0
1324.79	0
1325.17	0
1325.55	0
1325.92	0
1326.3	0
1326.68	0
1327.05	0
1327.43	0
1327.81	0
1328.18	0
1328.56	0
1328.94	0
1329.31	0
1329.69	0
1330.06	0
1330.44	0
1330.82	0
1331.19	0
1331.57	0
1331.95	0
1332.32	0
1332.7	0
1333.08	0
1333.45	0
1333.83	0
1334.2	0
1334.58	0
1334.96	0
1335.33	0
1335.71	0
1336.08	0
1336.46	0
1336.84	0
1337.21	0
1337.59	0
1337.96	0
1338.34	0
1338.72	0
1339.09	0
1339.47	0
1339.84	0
1340.22	0
1340.6	0
1340.97	0
1341.35	0
1341.72	0
1342.1	0
1342.47	0
1342.85	0
1343.23	0
1343.6	0
1343.98	0
1344.35	0
1344.73	0
1345.1	0
1345.48	0
1345.85	0
1346.23	0
1346.61	0
1346.98	0
1347.36	0
1347.73	0
1348.11	0
1348.48	0
1348.86	0
1349.23	0
1349.61	0
1349.98	0
1350.36	0
1350.73	0
1351.11	0
1351.48	0
1351.86	0
1352.23	0
1352.61	0
1352.98	0
1353.36	0
1353.73	0
1354.11	0
1354.48	0
1354.86	0
1355.23	0
1355.61	0
1355.98	0
1356.36	0
1356.73	0
1357.11	0
1357.48	0
1357.86	0
1358.23	0
1358.61	0
1358.98	0
1359.35	0
1359.73	0
1360.1	0
1360.48	0
1360.85	0
1361.23	0
1361.6	0
1361.98	0
1362.35	0
1362.72	0
1363.1	0
1363.47	0
1363.85	0
1364.22	0
1364.6	0
1364.97	0
1365.34	0
1365.72	0
1366.09	0
1366.47	0
1366.84	0
1367.22	0
1367.59	0
1367.96	0
1368.34	0
1368.71	0
1369.09	0
1369.46	-1
1369.83	-1
1370.21	-1
1370.58	-0.88
1370.96	-0.4
1371.33	0.72
1371.7	0.8
1372.08	0.8
1372.45	0.68
1372.82	0.24
1373.2	0.24
1373.57	0.16
1373.95	0.16
1374.32	0.28
1374.69	0.48
1375.07	0.36
1375.44	0.44
1375.81	0.68
1376.19	0.6
1376.56	0.48
1376.93	1.04
1377.31	1.4
1377.68	1.16
1378.05	1.4
1378.43	1.28
1378.8	0.84
1379.17	0.44
1379.55	0.56
1379.92	0.28
1380.29	0.68
1380.67	0.6
1381.04	0.6
1381.41	0.72
1381.79	0.72
1382.16	0.64
1382.53	1.16
1382.91	0.16
1383.28	0.16
1383.65	0.24
1384.03	0.08
1384.4	-0.4
1384.77	1.08
1385.14	0.88
1385.52	1.04
1385.89	0.96
1386.26	1.08
1386.64	0.56
1387.01	0.52
1387.38	0.68
1387.75	0.6
1388.13	0.44
1388.5	0.6
1388.87	0.6
1389.25	0.4
1389.62	0.28
1389.99	0.96
1390.36	0.8
1390.74	0.92
1391.11	1
1391.48	1.72
1391.85	1
1392.23	1.28
1392.6	1.28
1392.97	1.04
1393.34	0.52
1393.72	0.52
1394.09	0.52
1394.46	0.76
1394.83	0.72
1395.21	0.64
1395.58	0.64
1395.95	0.44
1396.32	0.08
1396.69	0.24
1397.07	0.6
1397.44	0.88
1397.81	1.2
1398.18	1.28
1398.55	1.12
1398.93	1
1399.3	0.84
1399.67	0.44
1400.04	0.36
1400.41	0.52
1400.79	0.32
1401.16	0.28
1401.53	0.28
1401.9	0.28
1402.27	0.36
1402.65	0.4
1403.02	0.48
1403.39	0.72
1403.76	0.32
1404.13	0.08
1404.51	0.2
1404.88	0.2
1405.25	0.12
1405.62	0.64
1405.99	0.68
1406.36	0.8
1406.74	0.64
1407.11	0.48
1407.48	0.36
1407.85	-0.48
1408.22	-0.76
1408.59	-0.52
1408.96	-0.52
1409.34	-0.52
1409.71	0.28
1410.08	0.44
1410.45	0.44
1410.82	0.48
1411.19	0.6
1411.56	0.72
1411.93	0.64
1412.31	0.48
1412.68	0.68
1413.05	0.56
1413.42	0.44
1413.79	0.48
1414.16	0.2
1414.53	-0.04
1414.9	-0.16
1415.27	0.08
1415.65	7.21672e-18
1416.02	0.2
1416.39	0.24
1416.76	0.36
1417.13	0.48
1417.5	0.84
1417.87	0.84
1418.24	0.96
1418.61	1.12
1418.98	1.04
1419.35	0.64
1419.73	0.72
1420.1	1
1420.47	0.96
1420.84	0.68
1421.21	0.64
1421.58	1.56
1421.95	1.16
1422.32	1.24
1422.69	1.28
1423.06	1.52
1423.43	0.6
1423.8	0.64
1424.17	0.44
1424.54	0.8
1424.91	0.56
1425.28	0.48
1425.65	0.48
1426.02	0.48
1426.39	0.28
1426.76	-0.32
1427.14	-0.08
1427.51	0.04
1427.88	0.04
1428.25	-0.12
1428.62	0.6
1428.99	0.36
1429.36	0.16
1429.73	0.56
1430.1	0.6
1430.47	0.48
1430.84	0.92
1431.21	0.92
1431.58	0.56
1431.95	0.72
1432.32	0.88
1432.69	0.44
1433.06	0.64
1433.43	0.8
1433.8	0.6
1434.17	0.44
1434.54	0.44
1434.91	0.6
1435.28	0.92
1435.64	1.04
1436.01	0.8
1436.38	0.8
1436.75	0.64
1437.12	0.36
1437.49	0.28
1437.86	0.68
1438.23	1.12
1438.6	1
1438.97	1.16
1439.34	1.2
1439.71	1.08
1440.08	0.92
1440.45	1.08
1440.82	0.08
1441.19	2.4425e-17
1441.56	0.28
1441.93	0.16
1442.3	0.2
1442.67	-0.76
1443.03	-0.64
1443.4	-0.96
1443.77	-1.08
1444.14	-1.32
1444.51	0.24
1444.88	0.4
1445.25	0.48
1445.62	0.44
1445.99	0.4
1446.36	0.52
1446.73	0.2
1447.09	0.12
1447.46	0.12
1447.83	1
1448.2	0.88
1448.57	0.68
1448.94	0.68
1449.31	1.6
1449.68	0.8
1450.05	0.8
1450.41	1
1450.78	0.6
1451.15	-0.32
1451.52	-0.4
1451.89	-0.4
1452.26	-0.4
1452.63	0.04
1453	0.04
1453.36	0.12
1453.73	0.28
1454.1	0.44
1454.47	0.4
1454.84	0.48
1455.21	0.4
1455.57	-0.16
1455.94	-0.2
1456.31	-0.12
1456.68	-0.16
1457.05	-0.12
1457.42	0.4
1457.78	0.44
1458.15	0.44
1458.52	0.4
1458.89	0.36
1459.26	0.24
1459.63	0.68
1459.99	0.68
1460.36	0.76
1460.73	0.76
1461.1	0.76
1461.47	0.16
1461.83	0.28
1462.2	0.32
1462.57	0.4
1462.94	0.4
1463.31	0.4
1463.67	0.36
1464.04	0.04
1464.41	0.04
1464.78	-0.52
1465.15	-0.44
1465.51	-0.56
1465.88	-0.12
1466.25	-0.12
1466.62	0.48
1466.98	0.48
1467.35	0.64
1467.72	0.4
1468.09	0.32
1468.46	0.64
1468.82	0.56
1469.19	0.6
1469.56	0.84
1469.93	1.04
1470.29	0.68
1470.66	0.68
1471.03	0.72
1471.4	0.56
1471.76	0.76
1472.13	0.76
1472.5	1.08
1472.86	0.88
1473.23	0.88
1473.6	0.68
1473.97	0.68
1474.33	0.36
1474.7	0.32
1475.07	0.4
1475.44	0.2
1475.8	0.28
1476.17	0.4
1476.54	0.44
1476.9	0.28
1477.27	0.28
1477.64	0.2
1478	0.08
1478.37	0
1478.74	0.08
1479.11	0.08
1479.47	0.08
1479.84	0.08
1480.21	0.12
1480.57	0.04
1480.94	0.08
1481.31	0.08
1481.67	0.12
1482.04	0.08
1482.41	0.12
1482.77	0.08
1483.14	0.08
1483.51	0.12
1483.87	0.12
1484.24	0.36
1484.61	0.44
1484.97	0.44
1485.34	0.44
1485.71	-0.52
1486.07	-0.68
1486.44	-0.76
1486.81	-0.48
1487.17	-0.44
1487.54	0.52
1487.9	0.4
1488.27	0.48
1488.64	0
1489	0.08
1489.37	0.24
1489.74	0.52
1490.1	0.44
1490.47	0.72
1490.83	0.72
1491.2	0.8
1491.57	1.12
1491.93	1.24
1492.3	1.4
1492.66	1.52
1493.03	1.28
1493.4	0.68
1493.76	0.8
1494.13	0.84
1494.49	0.8
1494.86	0.84
1495.23	0.88
1495.59	0.64
1495.96	-1.04
1496.32	-1.28
1496.69	-1.32
1497.06	-1.16
1497.42	-1.84
1497.79	-0.44
1498.15	-0.48
1498.52	-0.48
1498.88	-0.68
1499.25	0.24
1499.62	-0.16
1499.98	0.08
1500.35	0.48
1500.71	0.48
1501.08	0.28
1501.44	0.76
1501.81	0.52
1502.17	0.36
1502.54	0.56
1502.9	0.52
1503.27	0.44
1503.64	0.44
1504	0.2
1504.37	0.12
1504.73	0.44
1505.1	0.44
1505.46	0.52
1505.83	0.64
1506.19	0.76
1506.56	0.56
1506.92	0.64
1507.29	0.56
1507.65	0.44
1508.02	0.2
1508.38	0.24
1508.75	0.2
1509.11	0.24
1509.48	0.28
1509.84	0.44
1510.21	0.4
1510.57	0.96
1510.94	0.92
1511.3	1.2
1511.67	1.12
1512.03	1.24
1512.4	0.72
1512.76	1.04
1513.13	-0.16
1513.49	-0.44
1513.85	-0.68
1514.22	-0.72
1514.58	-0.56
1514.95	0.4
1515.31	0.72
1515.68	1.04
1516.04	1.44
1516.41	0.96
1516.77	0.92
1517.14	0.8
1517.5	0.56
1517.86	0.52
1518.23	0.52
1518.59	0.52
1518.96	0.56
1519.32	0.56
1519.69	0.48
1520.05	0.48
1520.41	0.52
1520.78	0.76
1521.14	0.72
1521.51	0.72
1521.87	0.76
1522.24	0.68
1522.6	0.56
1522.96	0.52
1523.33	0.24
1523.69	0.36
1524.06	0.36
1524.42	0.2
1524.78	0.32
1525.15	0.56
1525.51	0.68
1525.88	0.76
1526.24	1.12
1526.6	1.12
1526.97	0.84
1527.33	0.64
1527.69	0.56
1528.06	0.28
1528.42	0.16
1528.79	0.2
1529.15	-0.52
1529.51	-0.48
1529.88	-0.48
1530.24	-0.44
1530.6	-0.4
1530.97	0.36
1531.33	0.6
1531.69	0.56
1532.06	0.68
1532.42	0.6
1532.78	0.68
1533.15	0.48
1533.51	0.72
1533.87	0.56
1534.24	0.72
1534.6	0.76
1534.96	0.72
1535.33	0.44
1535.69	0.84
1536.05	1.08
1536.42	1.08
1536.78	1.04
1537.14	1.08
1537.51	0.96
1537.87	0.8
1538.23	0.56
1538.6	0.6
1538.96	0.72
1539.32	0.44
1539.68	0.52
1540.05	0.52
1540.41	0.56
1540.77	0.4
1541.14	0.4
1541.5	0.2
1541.86	0.56
1542.23	0.52
1542.59	0.64
1542.95	0.76
1543.31	1.28
1543.68	1.08
1544.04	1.2
1544.4	1.2
1544.76	1.12
1545.13	0.6
1545.49	0.44
1545.85	0.4
1546.21	0.44
1546.58	0.68
1546.94	0.56
1547.3	0.56
1547.66	0.6
1548.03	0.44
1548.39	0.36
1548.75	0.36
1549.11	0.36
1549.48	0.44
1549.84	0.8
1550.2	0.76
1550.56	0.8
1550.93	1.04
1551.29	0.92
1551.65	0.56
1552.01	0.72
1552.37	0.8
1552.74	0.72
1553.1	0.68
1553.46	0.68
1553.82	0.8
1554.18	0.96
1554.55	0.8
1554.91	0.72
1555.27	0.96
1555.63	0.56
1555.99	0.28
1556.36	0.44
1556.72	-0.96
1557.08	-1.2
1557.44	-1.24
1557.8	-1.24
1558.17	-1.36
1558.53	0.2
1558.89	0.48
1559.25	0.64
1559.61	1.4
1559.97	1.68
1560.34	1.72
1560.7	1.76
1561.06	1.72
1561.42	1.16
1561.78	0.84
1562.14	0.24
1562.5	0.04
1562.87	-0.08
1563.23	0.04
1563.59	-0.32
1563.95	0.2
1564.31	0.08
1564.67	0.64
1565.03	0.32
1565.4	0.68
1565.76	0.64
1566.12	0.72
1566.48	0.24
1566.84	0.56
1567.2	0.56
1567.56	0.44
1567.92	0.44
1568.29	0.56
1568.65	0.24
1569.01	0.24
1569.37	0.36
1569.73	0.52
1570.09	0.36
1570.45	0.36
1570.81	0.36
1571.17	0.28
1571.53	0.16
1571.89	0.28
1572.26	0.28
1572.62	0.32
1572.98	0.52
1573.34	0.4
1573.7	0.32
1574.06	0.32
1574.42	0.28
1574.78	0.48
1575.14	0.8
1575.5	0.72
1575.86	0.04
1576.22	0.16
1576.58	-0.04
1576.94	-0.36
1577.3	-0.2
1577.67	0.56
1578.03	0.8
1578.39	0.6
1578.75	0.88
1579.11	0.88
1579.47	0.8
1579.83	0.44
1580.19	0.6
1580.55	0.32
1580.91	0.4
1581.27	1.08
1581.63	1.2
1581.99	1.28
1582.35	1.64
1582.71	1.4
1583.07	0.84
1583.43	0.8
1583.79	0.56
1584.15	0.32
1584.51	0.6
1584.87	0.84
1585.23	0.76
1585.59	0.76
1585.95	1
1586.31	0.8
1586.67	0.44
1587.03	0.44
1587.39	0.44
1587.75	0.4
1588.11	0.6
1588.47	0.8
1588.83	0.92
1589.19	0.92
1589.55	0.8
1589.91	0.6
1590.27	1.16
1590.63	1.28
1590.99	1.6
1591.35	1.48
1591.71	1.8
1592.07	1.04
1592.42	0.8
1592.78	0.48
1593.14	0.84
1593.5	1.2
1593.86	1.6
1594.22	2
1594.58	2
1594.94	1.64
1595.3	0.92
1595.66	0.52
1596.02	0.16
1596.38	0.28
1596.74	0.6
1597.1	1.24
1597.46	1.24
1597.81	1.2
1598.17	1.08
1598.53	0.8
1598.89	0.32
1599.25	0.64
1599.61	0.64
1599.97	0.88
1600.33	0.8
1600.69	1.2
1601.05	0.92
1601.4	1.08
1601.76	0.44
1602.12	0.56
1602.48	0.24
1602.84	0.56
1603.2	0.4
1603.56	1.08
1603.92	0.96
1604.28	0.76
1604.63	0.6
1604.99	0.68
1605.35	0.56
1605.71	0.64
1606.07	0.76
1606.43	0.64
1606.79	0.64
1607.14	0.48
1607.5	0.44
1607.86	0.68
1608.22	0.72
1608.58	0.68
1608.94	1
1609.29	0.96
1609.65	0.32
1610.01	0.52
1610.37	0.84
1610.73	0.92
1611.09	1.32
1611.44	1.96
1611.8	1.72
1612.16	1.36
1612.52	1.36
1612.88	1.24
1613.24	0.92
1613.59	0.84
1613.95	1.16
1614.31	0.96
1614.67	1.08
1615.03	1.08
1615.38	1.48
1615.74	1.24
1616.1	1.12
1616.46	0.68
1616.82	0.56
1617.17	0.2
1617.53	0.28
1617.89	0.4
1618.25	0.4
1618.6	0.48
1618.96	0.48
1619.32	0.52
1619.68	0.32
1620.04	0.32
1620.39	0.04
1620.75	0.16
1621.11	-0.04
1621.47	-0.04
1621.82	0.16
1622.18	0.48
1622.54	0.6
1622.9	0.6
1623.25	-0.36
1623.61	-0.32
1623.97	-0.04
1624.33	-0.16
1624.68	-0.36
1625.04	0.64
1625.4	0.64
1625.75	-0.16
1626.11	-0.32
1626.47	0.16
1626.83	0.16
1627.18	0.04
1627.54	0.44
1627.9	0.96
1628.26	0.8
1628.61	1.28
1628.97	1.16
1629.33	1.16
1629.68	0.84
1630.04	0.88
1630.4	0.12
1630.75	0.12
1631.11	0.12
1631.47	-0.2
1631.83	-0.32
1632.18	2.10945e-17
1632.54	0.08
1632.9	0.32
1633.25	1.04
1633.61	1.04
1633.97	1.12
1634.32	1.08
1634.68	0.96
1635.04	0.68
1635.39	0.64
1635.75	0.48
1636.11	0.76
1636.46	0.68
1636.82	0.52
1637.18	0.8
1637.53	0.88
1637.89	0.8
1638.25	0.76
1638.6	0.76
1638.96	0.68
1639.31	0.92
1639.67	0.68
1640.03	0.76
1640.38	0.76
1640.74	0.8
1641.1	0.92
1641.45	1.12
1641.81	1.04
1642.16	1
1642.52	1
1642.88	0.8
1643.23	0.12
1643.59	0.16
1643.95	0.04
1644.3	0.24
1644.66	0.28
1645.01	0.76
1645.37	1.16
1645.73	1.2
1646.08	1.04
1646.44	0.92
1646.79	0.36
1647.15	-0.08
1647.51	-0.08
1647.86	-0.04
1648.22	-0.2
1648.57	-0.12
1648.93	0.2
1649.28	0.76
1649.64	0.64
1650	1.24
1650.35	2.08
1650.71	1.76
1651.06	1.6
1651.42	1.56
1651.77	0.84
1652.13	0.84
1652.48	0.92
1652.84	1.48
1653.2	1.52
1653.55	1.76
1653.91	1.44
1654.26	1.8
1654.62	1.24
1654.97	1.08
1655.33	1.08
1655.68	1.48
1656.04	1.2
1656.39	1.32
1656.75	1.6
1657.1	1.64
1657.46	1.52
1657.81	1.92
1658.17	1.96
1658.52	2.28
1658.88	2.48
1659.23	2.4
1659.59	2.08
1659.94	1.96
1660.3	1.72
1660.65	1.8
1661.01	2.08
1661.36	1.96
1661.72	1.84
1662.07	1.68
1662.43	1.4
1662.78	1.08
1663.14	1.32
1663.49	1.24
1663.85	1.04
1664.2	1.4
1664.56	1.32
1664.91	-0.4
1665.27	0.12
1665.62	0.72
1665.98	0.32
1666.33	0.88
1666.69	2.88
1667.04	2.56
1667.39	3
1667.75	3.2
1668.1	3.28
1668.46	4.08
1668.81	4.04
1669.17	3.44
1669.52	3.48
1669.88	3.44
1670.23	2.28
1670.58	2.04
1670.94	2.12
1671.29	2.4
1671.65	2.04
1672	2.36
1672.36	2.72
1672.71	2.16
1673.06	1.76
1673.42	1.36
1673.77	1.52
1674.13	2.12
1674.48	2.2
1674.83	2.56
1675.19	2.92
1675.54	2.24
1675.9	1.56
1676.25	1.92
1676.6	1.4
1676.96	1.36
1677.31	1.36
1677.67	0.88
1678.02	1.12
1678.37	1.4
1678.73	1.76
1679.08	1.84
1679.43	1.88
1679.79	1.28
1680.14	1.16
1680.5	0.08
1680.85	0.12
1681.2	0.56
1681.56	0.84
1681.91	0.68
1682.26	1.16
1682.62	1.64
1682.97	1.28
1683.32	1.48
1683.68	1.92
1684.03	2
1684.38	1.68
1684.74	1.6
1685.09	1.08
1685.44	0.64
1685.8	1.2
1686.15	0.84
1686.5	0.8
1686.86	1.12
1687.21	1.2
1687.56	1.24
1687.92	1.36
1688.27	1.48
1688.62	1.12
1688.98	1.04
1689.33	0.68
1689.68	0.68
1690.03	0.6
1690.39	0.6
1690.74	0.56
1691.09	0.2
1691.45	0.68
1691.8	0.8
1692.15	0.8
1692.5	0.84
1692.86	1
1693.21	0.48
1693.56	0.6
1693.92	0.68
1694.27	0.16
1694.62	-5.77338e-17
1694.97	-0.04
1695.33	-0.08
1695.68	-0.08
1696.03	0.52
1696.38	0.6
1696.74	0.68
1697.09	0.24
1697.44	0.56
1697.79	0.4
1698.15	0.48
1698.5	0.48
1698.85	0.76
1699.2	-0.16
1699.56	-0.16
1699.91	-0.04
1700.26	-0.08
1700.61	-0.12
1700.97	0.72
1701.32	0.72
1701.67	0.8
1702.02	0.8
1702.37	1.08
1702.73	0.76
1703.08	0.88
1703.43	0.52
1703.78	0.68
1704.13	0.64
1704.49	0.88
1704.84	0.88
1705.19	1.36
1705.54	1.44
1705.89	1.6
1706.25	1.64
1706.6	1.6
1706.95	1.28
1707.3	1.32
1707.65	1.56
1708.01	1.56
1708.36	1.52
1708.71	1.84
1709.06	1.64
1709.41	1.44
1709.76	1.4
1710.12	1.56
1710.47	1.08
1710.82	1.24
1711.17	1.08
1711.52	1.4
1711.87	1.8
1712.23	1.96
1712.58	1.72
1712.93	1.88
1713.28	1.52
1713.63	0.92
1713.98	1.44
1714.33	1.84
1714.69	1.76
1715.04	2.84
1715.39	2.96
1715.74	3.24
1716.09	3.56
1716.44	3.96
1716.79	3
1717.14	3.48
1717.5	3.12
1717.85	3.48
1718.2	3.92
1718.55	5
1718.9	5.04
1719.25	5.2
1719.6	5.32
1719.95	4.84
1720.3	4.64
1720.65	4.76
1721.01	5.92
1721.36	5.8
1721.71	6
1722.06	5.2
1722.41	5.12
1722.76	4.28
1723.11	4.12
1723.46	4.6
1723.81	5.76
1724.16	5.84
1724.51	6.16
1724.86	6.84
1725.21	8.04
1725.56	7.84
1725.92	8.24
1726.27	8.96
1726.62	8.52
1726.97	7.48
1727.32	7.68
1727.67	9.28
1728.02	8.64
1728.37	9.12
1728.72	9.36
1729.07	11.48
1729.42	11.84
1729.77	11.44
1730.12	11.88
1730.47	12.44
1730.82	11.16
1731.17	10.24
1731.52	11.68
1731.87	12.64
1732.22	13.24
1732.57	12.84
1732.92	13.08
1733.27	14.36
1733.62	14.84
1733.97	15.56
1734.32	18.16
1734.67	19.28
1735.02	19.52
1735.37	19.64
1735.72	20.6
1736.07	18.8
1736.42	18.92
1736.77	17.4
1737.12	17.56
1737.47	15.48
1737.82	16.12
1738.17	16.08
1738.52	16.96
1738.87	16.12
1739.22	17.08
1739.57	16.92
1739.92	16
1740.27	16.44
1740.62	17.64
1740.97	19.2
1741.32	20.92
1741.67	21.48
1742.02	21.28
1742.37	20.08
1742.72	20.08
1743.06	17.6
1743.41	19.2
1743.76	18.56
1744.11	18.64
1744.46	16.88
1744.81	18.92
1745.16	17.04
1745.51	17.6
1745.86	17.52
1746.21	17.96
1746.56	18.2
1746.91	20.4
1747.26	21.56
1747.6	22.68
1747.95	22.92
1748.3	21.72
1748.65	20.52
1749	19.04
1749.35	18.56
1749.7	17.6
1750.05	17.84
1750.4	20
1750.75	21.12
1751.09	20.36
1751.44	23.2
1751.79	23.6
1752.14	20.88
1752.49	21.24
1752.84	21.6
1753.19	21.16
1753.54	21.56
1753.88	20.16
1754.23	21.88
1754.58	23.36
1754.93	22.2
1755.28	22.6
1755.63	26.32
1755.98	25.72
1756.32	26
1756.67	25.92
1757.02	28.48
1757.37	30.2
1757.72	29.4
1758.07	33.12
1758.42	35.44
1758.76	33.12
1759.11	33.96
1759.46	36.64
1759.81	38.08
1760.16	39.56
1760.5	40.48
1760.85	42.6
1761.2	44.32
1761.55	43.12
1761.9	46.36
1762.25	50.68
1762.59	55.84
1762.94	59.6
1763.29	60.72
1763.64	66.4
1763.99	71.72
1764.33	70.28
1764.68	76.4
1765.03	81.44
1765.38	83.28
1765.73	86.96
1766.07	90.44
1766.42	97.24
1766.77	103.48
1767.12	104.04
1767.46	112.84
1767.81	119.64
1768.16	119.32
1768.51	126.2
1768.85	133.44
1769.2	136.36
1769.55	144.64
1769.9	152
1770.25	163.32
1770.59	174.72
1770.94	180.12
1771.29	186.92
1771.64	195.4
1771.98	197.72
1772.33	201
1772.68	212.56
1773.02	219.08
1773.37	224.92
1773.72	240.2
1774.07	252.8
1774.41	261.36
1774.76	274
1775.11	280.4
1775.46	278.68
1775.8	282.84
1776.15	284
1776.5	290.96
1776.84	311.28
1777.19	322.12
1777.54	341.08
1777.89	364.2
1778.23	377.44
1778.58	385.08
1778.93	400.24
1779.27	405.96
1779.62	413
1779.97	421.92
1780.31	424.96
1780.66	429.48
1781.01	438.72
1781.35	451.88
1781.7	466.4
1782.05	481.04
1782.39	500.92
1782.74	514.12
1783.09	522.12
1783.43	546.08
1783.78	561.8
1784.13	579.12
1784.47	592.36
1784.82	588.92
1785.17	580.12
1785.51	594.24
1785.86	601.48
1786.21	638.12
1786.55	673.68
1786.9	708.12
1787.25	734.4
1787.59	755.92
1787.94	747.2
1788.29	757.2
1788.63	758.92
1788.98	763
1789.32	768.76
1789.67	762.16
1790.02	737.12
1790.36	753
1790.71	782.12
1791.06	808.44
1791.4	868.64
1791.75	939.16
1792.09	990.48
1792.44	1033.8
1792.79	1065.88
1793.13	1105.4
1793.48	1147.6
1793.82	1138.24
1794.17	1129.84
1794.52	1148.16
1794.86	1110.08
1795.21	1080.68
1795.55	1055.48
1795.9	943.36
1796.24	939.36
1796.59	1048.08
1796.94	1126
1797.28	1245.04
1797.63	1380.48
1797.97	1394.64
1798.32	1341.04
1798.66	1303.4
1799.01	1292.96
1799.36	1303.48
1799.7	1303.92
1800.05	1343.52
1800.39	1330.52
1800.74	1293.72
1801.08	1403.2
1801.43	1499.32
1801.77	1513.76
1802.12	1558.6
1802.46	1617.72
1802.81	1594.76
1803.15	1557.28
1803.5	1542.72
1803.85	1540.2
1804.19	1453.2
1804.54	1402.84
1804.88	1428.6
1805.23	1379.92
1805.57	1379.36
1805.92	1514.24
1806.26	1585.76
1806.61	1562.92
1806.95	1601.36
1807.3	1722.56
1807.64	1816.16
1807.99	1843.32
1808.33	1902.76
1808.68	1907.04
1809.02	1820.52
1809.37	1810.72
1809.71	1859.56
1810.06	1902.64
1810.4	1968.76
1810.75	1929.28
1811.09	1829
1811.43	1883.04
1811.78	1987.72
1812.12	2155.36
1812.47	2381.64
1812.81	2485.52
1813.16	2463.4
1813.5	2427.4
1813.85	2339.92
1814.19	2288.08
1814.54	2275.72
1814.88	2185.64
1815.23	2080.76
1815.57	1968.68
1815.91	1748.68
1816.26	1556.72
1816.6	1614.56
1816.95	1697.88
1817.29	1743.28
1817.64	1943.68
1817.98	2178.64
1818.32	2306.08
1818.67	2414.8
1819.01	2541.68
1819.36	2616.56
1819.7	2582.6
1820.05	2462.52
1820.39	2435.48
1820.73	2427.8
1821.08	2385.48
1821.42	2404.36
1821.77	2409.92
1822.11	2219.2
1822.45	2093.52
1822.8	2071.12
1823.14	1911.16
1823.49	1818.36
1823.83	2044.4
1824.17	2257.76
1824.52	2376
1824.86	2592.08
1825.2	2702.24
1825.55	2579.04
1825.89	2390.44
1826.24	2188.84
1826.58	2188.8
1826.92	2261.36
1827.27	2295.32
1827.61	2427.6
1827.95	2582.6
1828.3	2509.36
1828.64	2386.08
1828.98	2279.08
1829.33	2028.28
1829.67	1997.76
1830.02	2103.48
1830.36	2136.16
1830.7	2305.76
1831.05	2597.6
1831.39	2633.56
1831.73	2585.56
1832.08	2652.04
1832.42	2553
1832.76	2437.48
1833.1	2396.92
1833.45	2310.32
1833.79	2181.04
1834.13	2133.88
1834.48	2114.84
1834.82	2084.32
1835.16	2118.84
1835.51	2144.68
1835.85	2144.6
1836.19	2132.52
1836.54	2039.6
1836.88	1910.72
1837.22	1760.32
1837.56	1602.76
1837.91	1481.12
1838.25	1523.16
1838.59	1664
1838.94	1795.96
1839.28	1921.8
1839.62	1948.12
1839.96	1918.56
1840.31	1773.96
1840.65	1618.24
1840.99	1463.2
1841.34	1566.28
1841.68	1667.28
1842.02	1761.56
1842.36	1932.24
1842.71	2033.96
1843.05	1827.24
1843.39	1693.2
1843.73	1722.32
1844.08	1734.36
1844.42	1877.12
1844.76	2127
1845.1	2191
1845.45	2087.4
1845.79	2045.52
1846.13	1989.04
1846.47	1912
1846.81	1825.76
1847.16	1770.92
1847.5	1766.04
1847.84	1821.24
1848.18	1850.44
1848.53	1932.68
1848.87	2035.68
1849.21	2028.48
1849.55	1936.2
1849.89	1866.52
1850.24	1806.52
1850.58	1729.48
1850.92	1679.88
1851.26	1620.32
1851.6	1586.68
1851.95	1565.52
1852.29	1545.24
1852.63	1517
1852.97	1497.6
1853.31	1444.44
1853.66	1371.76
1854	1292.08
1854.34	1207.32
1854.68	1223.96
1855.02	1268.64
1855.36	1299.16
1855.71	1337.44
1856.05	1372.08
1856.39	1312.64
1856.73	1220.84
1857.07	1165.64
1857.41	1142.08
1857.76	1121.16
1858.1	1101.84
1858.44	1084.04
1858.78	1076.04
1859.12	1036.08
1859.46	990.36
1859.8	920.56
1860.15	850.28
1860.49	797.76
1860.83	832.12
1861.17	875.84
1861.51	894.64
1861.85	931.56
1862.19	910.24
1862.53	834.52
1862.88	788.04
1863.22	773.04
1863.56	759.16
1863.9	752.88
1864.24	765
1864.58	735.04
1864.92	712.12
1865.26	692.68
1865.6	684.4
1865.94	635.52
1866.29	597.84
1866.63	562.72
1866.97	524.96
1867.31	487.96
1867.65	449.68
1867.99	428.56
1868.33	409.68
1868.67	374.12
1869.01	342.8
1869.35	333.2
1869.69	356.72
1870.03	379.24
1870.37	413.8
1870.72	463.72
1871.06	483.4
1871.4	442.12
1871.74	397.84
1872.08	351.8
1872.42	310.6
1872.76	307.96
1873.1	321.76
1873.44	323.2
1873.78	322.12
1874.12	300.6
1874.46	254.84
1874.8	226.08
1875.14	236.36
1875.48	250.04
1875.82	260.24
1876.16	269.2
1876.5	275.52
1876.84	264.24
1877.18	253.96
1877.52	244.8
1877.86	231.2
1878.2	201.24
1878.54	167.2
1878.88	145.72
1879.22	129
1879.56	117.4
1879.9	106.8
1880.24	97.88
1880.58	88.36
1880.92	85.92
1881.26	89.84
1881.6	86.16
1881.94	80.2
1882.28	72.04
1882.62	64.36
1882.96	61.76
1883.3	74.24
1883.64	82.64
1883.98	87.92
1884.32	91.96
1884.66	82.32
1885	63.24
1885.34	50.52
1885.68	44.96
1886.02	38.68
1886.36	35
1886.7	31.2
1887.04	28.68
1887.38	25.04
1887.72	21.04
1888.06	17
1888.39	14.6
1888.73	15.32
1889.07	24.28
1889.41	35.16
1889.75	35.48
1890.09	46.68
1890.43	58.88
1890.77	57.64
1891.11	46.44
1891.45	45.76
1891.79	35.16
1892.13	20.44
1892.47	10.32
1892.8	10.36
1893.14	10
1893.48	15.84
1893.82	21.16
1894.16	22.28
1894.5	20.92
1894.84	21.16
1895.18	15.36
1895.52	13.56
1895.86	14.12
1896.19	16.12
1896.53	19.24
1896.87	24.24
1897.21	23.4
1897.55	25.52
1897.89	29.24
1898.23	38.4
1898.57	39.68
1898.9	39.68
1899.24	40.96
1899.58	40.76
1899.92	35.56
1900.26	34.4
1900.6	39.8
1900.94	42.64
1901.27	47.12
1901.61	48.52
1901.95	54.32
1902.29	57.92
1902.63	61.96
1902.97	66.68
1903.3	71.16
1903.64	74.64
1903.98	75.24
1904.32	77.48
1904.66	75.24
1905	77.84
1905.33	77.72
1905.67	83.44
1906.01	86.88
1906.35	92.64
1906.69	92.12
1907.02	96.08
1907.36	95.4
1907.7	100.2
1908.04	102.44
1908.38	108.28
1908.71	109.56
1909.05	115.36
1909.39	113.68
1909.73	114.16
1910.07	112.28
1910.4	116.92
1910.74	115.84
1911.08	120.48
1911.42	123.32
1911.76	128.24
1912.09	128.16
1912.43	133.88
1912.77	136.68
1913.11	141.72
1913.44	146.24
1913.78	151.08
1914.12	152.68
1914.46	156.04
1914.79	158.16
1915.13	159.92
1915.47	159.4
1915.81	162.04
1916.14	161.88
1916.48	161.4
1916.82	163.48
1917.16	168.6
1917.49	170.12
1917.83	171.72
1918.17	176.04
1918.5	176.52
1918.84	175.76
1919.18	178.28
1919.52	178.6
1919.85	177.48
1920.19	179.96
1920.53	183.28
1920.87	182.96
1921.2	185.76
1921.54	189.8
1921.88	189.92
1922.21	190.32
1922.55	192.92
1922.89	194.6
1923.22	192.44
1923.56	195.24
1923.9	194.44
1924.23	193.8
1924.57	191.64
1924.91	194.96
1925.25	190.64
1925.58	193.88
1925.92	194.16
1926.26	196.56
1926.59	193.36
1926.93	200.32
1927.27	197.84
1927.6	197.12
1927.94	195.48
1928.28	198.76
1928.61	191.76
1928.95	192.16
1929.29	191.92
1929.62	193.2
1929.96	189.96
1930.29	194.56
1930.63	194.04
1930.97	193
1931.3	194.52
1931.64	194.44
1931.98	190.64
1932.31	189.12
1932.65	191.24
1932.99	186.32
1933.32	187.8
1933.66	188.12
1933.99	186.92
1934.33	185.24
1934.67	187.4
1935	182.92
1935.34	181.12
1935.67	183.4
1936.01	179.12
1936.35	177.16
1936.68	179.64
1937.02	179.2
1937.35	176
1937.69	176.92
1938.03	174.72
1938.36	170.44
1938.7	171.56
1939.03	170.88
1939.37	169.44
1939.7	170.64
1940.04	172
1940.38	168.8
1940.71	168.68
1941.05	168.4
1941.38	165.84
1941.72	163.52
1942.05	163.92
1942.39	159.84
1942.73	157.92
1943.06	157.84
1943.4	154.96
1943.73	151.88
1944.07	151.76
1944.4	150.72
1944.74	147.52
1945.07	149.28
1945.41	147.8
1945.74	145.8
1946.08	145.48
1946.42	144.16
1946.75	140.76
1947.09	139.04
1947.42	139.8
1947.76	136.88
1948.09	136.24
1948.43	136.88
1948.76	136.32
1949.1	133.96
1949.43	134.44
1949.77	132.76
1950.1	129.28
1950.44	126.64
1950.77	126.64
1951.11	122.92
1951.44	121.04
1951.78	121.28
1952.11	123.24
1952.45	119.92
1952.78	121.4
1953.12	122.52
1953.45	120.2
1953.79	116.24
1954.12	116.08
1954.46	113.92
1954.79	109.36
1955.12	108.6
1955.46	109.6
1955.79	108.36
1956.13	107
1956.46	108.64
1956.8	106.28
1957.13	103.96
1957.47	102.64
1957.8	103.16
1958.14	101.24
1958.47	101.92
1958.8	101.16
1959.14	101.32
1959.47	97.72
1959.81	96
1960.14	96.04
1960.48	97.24
1960.81	93
1961.14	94.44
1961.48	92.64
1961.81	90.2
1962.15	87.04
1962.48	88.84
1962.82	85.84
1963.15	85.6
1963.48	85.88
1963.82	85.88
1964.15	85.72
1964.49	83.32
1964.82	83.12
1965.15	82.12
1965.49	80.28
1965.82	78.72
1966.16	80.2
1966.49	79.4
1966.82	78
1967.16	78.16
1967.49	75.64
1967.83	73.48
1968.16	72.96
1968.49	73.84
1968.83	70.24
1969.16	70.6
1969.49	70.88
1969.83	69.92
1970.16	66.24
1970.49	67.32
1970.83	66.68
1971.16	64.48
1971.5	62.64
1971.83	62.52
1972.16	62.36
1972.5	61.16
1972.83	61.64
1973.16	60.72
1973.5	60.68
1973.83	58.24
1974.16	57.4
1974.5	56.64
1974.83	55.96
1975.16	54.52
1975.5	55
1975.83	54.68
1976.16	53.8
1976.49	52.92
1976.83	51.56
1977.16	50.12
1977.49	48.12
1977.83	47.48
1978.16	46.32
1978.49	47.36
1978.83	46.84
1979.16	46.56
1979.49	44.8
1979.83	46.4
1980.16	44.64
1980.49	41.88
1980.82	41.28
1981.16	39.16
1981.49	35.72
1981.82	33.36
1982.15	34
1982.49	33.24
1982.82	34.56
1983.15	34.92
1983.49	35.84
1983.82	35.36
1984.15	33.72
1984.48	31.4
1984.82	29.64
1985.15	27.88
1985.48	27.28
1985.81	26.08
1986.15	25.76
1986.48	25.32
1986.81	25.24
1987.14	22.48
1987.48	23.4
1987.81	23.68
1988.14	21.6
1988.47	20.44
1988.81	20.64
1989.14	19.16
1989.47	16.12
1989.8	17.4
1990.13	16.44
1990.47	14.68
1990.8	12
1991.13	12.96
1991.46	12.56
1991.79	11.2
1992.13	10.6
1992.46	12.76
1992.79	12.04
1993.12	9.72
1993.45	8.96
1993.79	9.36
1994.12	7.32
1994.45	5.92
1994.78	6.12
1995.11	5.64
1995.45	4.56
1995.78	4.36
1996.11	4.52
1996.44	4.16
1996.77	4.12
1997.1	4.32
1997.44	3.84
1997.77	3.52
1998.1	3.08
1998.43	2.84
1998.76	2.6
1999.09	2.08
1999.43	0.64
1999.76	0.32
2000.09	0.08
2000.42	-0.16
2000.75	-1.28
2001.08	-0.4
2001.41	-0.04
2001.75	8.32667e-17
2002.08	0.04
2002.41	1.28
2002.74	1
2003.07	0.8
2003.4	0.6
2003.73	0.4
2004.06	0.84
2004.4	1.2
2004.73	1.08
2005.06	1
2005.39	1.04
2005.72	0.32
2006.05	0.24
2006.38	0.4
2006.71	0.52
2007.04	0.4
2007.37	1.08
2007.71	0.92
2008.04	0.56
2008.37	0.68
2008.7	0.88
2009.03	0.44
2009.36	0.44
2009.69	0.48
2010.02	0.52
2010.35	0.84
2010.68	0.92
2011.01	1.04
2011.34	1.32
2011.67	1.76
2012.01	1.48
2012.34	1.44
2012.67	1.64
2013	1.88
2013.33	1.68
2013.66	1.56
2013.99	1.96
2014.32	2.08
2014.65	1.92
2014.98	1.68
2015.31	2.28
2015.64	2.36
2015.97	3.16
2016.3	3.12
2016.63	3.12
2016.96	3.12
2017.29	1.92
2017.62	0.68
2017.95	0.48
2018.28	0.28
2018.61	-0.32
2018.94	1.24
2019.27	2.36
2019.6	2.56
2019.93	3.16
2020.26	3.56
2020.59	3.52
2020.92	4.36
2021.25	4.52
2021.58	4.32
2021.91	4.72
2022.24	5.4
2022.57	4.92
2022.9	6.12
2023.23	7.24
2023.56	6.96
2023.89	6.2
2024.22	6.6
2024.55	6.24
2024.88	6.48
2025.21	7.08
2025.54	8.16
2025.87	7.36
2026.2	7.08
2026.53	7.28
2026.86	8
2027.19	8.52
2027.52	9.16
2027.85	9.64
2028.18	9.28
2028.51	10
2028.84	9.72
2029.16	9.8
2029.49	11.36
2029.82	11.32
2030.15	10.84
2030.48	9.8
2030.81	10.12
2031.14	8.56
2031.47	9.56
2031.8	9.12
2032.13	10.28
2032.46	10.32
2032.79	11.48
2033.12	10.84
2033.44	11.84
2033.77	12.12
2034.1	12.56
2034.43	11.32
2034.76	11.28
2035.09	11.04
2035.42	10.56
2035.75	10
2036.08	10.24
2036.41	10.92
2036.73	10.96
2037.06	11.08
2037.39	11.28
2037.72	12.68
2038.05	12.88
2038.38	13.04
2038.71	12
2039.04	10.96
2039.36	9.28
2039.69	9.56
2040.02	8.24
2040.35	7.96
2040.68	9.12
2041.01	9.4
2041.34	7.72
2041.66	8.24
2041.99	8.84
2042.32	7.84
2042.65	7.64
2042.98	8.08
2043.31	7.92
2043.63	7.48
2043.96	8.6
2044.29	8.56
2044.62	8.52
2044.95	8.76
2045.28	8.36
2045.6	7.32
2045.93	8.36
2046.26	7.96
2046.59	7.4
2046.92	7.68
2047.24	7.76
2047.57	5.8
2047.9	5.8
2048.23	5.08
2048.56	4.64
2048.88	5.16
2049.21	5.2
2049.54	4.92
2049.87	5.2
2050.2	5.84
2050.52	5.84
2050.85	6.64
2051.18	5.8
2051.51	5.44
2051.83	4.72
2052.16	3.68
2052.49	2.68
2052.82	3.48
2053.15	4.32
2053.47	5.16
2053.8	5.72
2054.13	6
2054.46	5.16
2054.78	4.16
2055.11	3.4
2055.44	2.84
2055.77	2.8
2056.09	3.36
2056.42	3.52
2056.75	3.16
2057.08	2.64
2057.4	2.8
2057.73	2.92
2058.06	2.56
2058.38	2.76
2058.71	2.88
2059.04	2.64
2059.37	2.24
2059.69	2.88
2060.02	2.92
2060.35	2.88
2060.67	3
2061	3.08
2061.33	2.24
2061.66	2.88
2061.98	2.8
2062.31	2.96
2062.64	2.92
2062.96	2.84
2063.29	2.4
2063.62	2.08
2063.94	2.04
2064.27	2.28
2064.6	1.88
2064.92	1.4
2065.25	1.64
2065.58	1.08
2065.91	1.16
2066.23	1.56
2066.56	1.92
2066.89	1.72
2067.21	1.72
2067.54	1
2067.87	1.4
2068.19	1.12
2068.52	1
2068.84	1.2
2069.17	1.12
2069.5	0.84
2069.82	0.64
2070.15	0.68
2070.48	0.44
2070.8	0.6
2071.13	0.88
2071.46	1.32
2071.78	1.68
2072.11	1.52
2072.43	1.44
2072.76	1.28
2073.09	1.36
2073.41	1
2073.74	1.2
2074.07	1.72
2074.39	1.92
2074.72	1.44
2075.04	1.56
2075.37	1.68
2075.7	1.04
2076.02	0.6
2076.35	0.92
2076.67	1.4
2077	1.68
2077.33	1.72
2077.65	1.84
2077.98	1.56
2078.3	0.84
2078.63	0.6
2078.95	0.96
2079.28	0.88
2079.61	0.76
2079.93	1.12
2080.26	0.84
2080.58	1.48
2080.91	1.72
2081.23	2.24
2081.56	2.28
2081.89	2.76
2082.21	1.92
2082.54	1.88
2082.86	1.52
2083.19	1.6
2083.51	1
2083.84	0.8
2084.16	0.56
2084.49	0.48
2084.81	0.12
2085.14	0.32
2085.46	0.32
2085.79	0.4
2086.12	0.64
2086.44	0.76
2086.77	1.04
2087.09	1.28
2087.42	1.68
2087.74	1.88
2088.07	1.8
2088.39	1.36
2088.72	1.72
2089.04	1.52
2089.37	1.2
2089.69	1.04
2090.02	1.32
2090.34	0.36
2090.67	0.84
2090.99	-0.96
2091.32	-0.96
2091.64	-0.84
2091.97	-0.24
2092.29	-1
2092.62	1.24
2092.94	1.28
2093.26	1.4
2093.59	1.48
2093.91	0.56
2094.24	0.56
2094.56	0.64
2094.89	0.32
2095.21	0.8
2095.54	2.12
2095.86	2.24
2096.19	2.76
2096.51	2.52
2096.84	1.84
2097.16	1.64
2097.48	1.2
2097.81	0.72
2098.13	1.04
2098.46	0.56
2098.78	1.04
2099.11	1
2099.43	1.16
2099.75	1.12
2100.08	2.2
2100.4	1.72
2100.73	2
2101.05	1.76
2101.38	1.96
2101.7	1.32
2102.02	1.56
2102.35	1.72
2102.67	1.96
2103	2.64
2103.32	2.96
2103.64	3.36
2103.97	3.12
2104.29	3.36
2104.62	2.56
2104.94	2.56
2105.26	2.24
2105.59	2.04
2105.91	1.64
2106.23	1.6
2106.56	1.2
2106.88	0.92
2107.21	0.8
2107.53	1.08
2107.85	0.84
2108.18	0.84
2108.5	0.72
2108.82	0.8
2109.15	0.8
2109.47	0.76
2109.79	1
2110.12	1
2110.44	1.12
2110.76	1
2111.09	1.08
2111.41	1.16
2111.73	1.44
2112.06	1.24
2112.38	1.16
2112.7	1.04
2113.03	1.08
2113.35	0.92
2113.67	1
2114	1.28
2114.32	1.68
2114.64	1.56
2114.97	1.96
2115.29	1.88
2115.61	1.52
2115.94	1.24
2116.26	1.12
2116.58	0.52
2116.91	-0.36
2117.23	-0.48
2117.55	-0.48
2117.87	-0.44
2118.2	-0.48
2118.52	0.76
2118.84	1.16
2119.17	1.6
2119.49	1.52
2119.81	1.6
2120.13	1.16
2120.46	0.84
2120.78	-0.72
2121.1	-0.28
2121.42	-1.33357e-17
2121.75	0.08
2122.07	0.12
2122.39	1.6
2122.72	1.32
2123.04	1.16
2123.36	1.16
2123.68	1
2124.01	0.68
2124.33	0.72
2124.65	1.4
2124.97	1.44
2125.29	1.6
2125.62	1.72
2125.94	1.68
2126.26	0.96
2126.58	1
2126.91	0.08
2127.23	0.04
2127.55	0.08
2127.87	0.16
2128.2	0.04
2128.52	0.8
2128.84	0.8
2129.16	0.52
2129.48	0.52
2129.81	0.72
2130.13	0.72
2130.45	0.92
2130.77	1.28
2131.09	1.28
2131.42	1.08
2131.74	1.4
2132.06	1.2
2132.38	0.92
2132.7	0.96
2133.02	1.04
2133.35	0.96
2133.67	0.76
2133.99	0.84
2134.31	-5.32885e-17
2134.63	0.16
2134.96	0.36
2135.28	0.88
2135.6	1
2135.92	1.96
2136.24	1.92
2136.56	1.48
2136.88	1.72
2137.21	2
2137.53	2.04
2137.85	2.08
2138.17	1.84
2138.49	1.12
2138.81	0.68
2139.13	0.36
2139.46	0.08
2139.78	0.6
2140.1	1.12
2140.42	1.36
2140.74	1.36
2141.06	1.4
2141.38	1.12
2141.7	1.4
2142.03	1.56
2142.35	1.68
2142.67	1.96
2142.99	1.96
2143.31	1.4
2143.63	1.12
2143.95	1.2
2144.27	0.92
2144.59	1.24
2144.91	1
2145.24	0.76
2145.56	0.56
2145.88	0.56
2146.2	0.24
2146.52	0.24
2146.84	0.32
2147.16	0.28
2147.48	0.48
2147.8	0.84
2148.12	0.88
2148.44	1.04
2148.76	1.12
2149.08	1.32
2149.41	1.28
2149.73	1.28
2150.05	1.12
2150.37	0.96
2150.69	0.52
2151.01	0.2
2151.33	0.4
2151.65	0.64
2151.97	0.8
2152.29	0.84
2152.61	0.44
2152.93	0.28
2153.25	0.44
2153.57	0.28
2153.89	0.24
2154.21	0.56
2154.53	0.48
2154.85	0.12
2155.17	0.36
2155.49	0.36
2155.81	0.6
2156.13	0.68
2156.45	0.72
2156.77	0.76
2157.09	0.76
2157.41	0.6
2157.73	0.8
2158.05	0.84
2158.37	0.64
2158.69	0.84
2159.01	1.12
2159.33	1.04
2159.65	0.96
2159.97	0.88
2160.29	1
2160.61	0.84
2160.93	0.8
2161.25	0.72
2161.57	1
2161.89	0.76
2162.21	0.64
2162.53	0.68
2162.85	0.2
2163.17	0.08
2163.49	0.08
2163.81	0.08
2164.13	-0.2
2164.45	-0.36
2164.77	-0.52
2165.08	-0.44
2165.4	-0.36
2165.72	-0.16
2166.04	1.52
2166.36	1.68
2166.68	1.88
2167	1.88
2167.32	1.84
2167.64	1.08
2167.96	0.92
2168.28	0.68
2168.6	0.68
2168.92	0.72
2169.24	0.68
2169.55	0.72
2169.87	0.68
2170.19	0.68
2170.51	0.48
2170.83	0.28
2171.15	0.24
2171.47	0.16
2171.79	0.12
2172.11	0.68
2172.43	0.6
2172.74	0.8
2173.06	1.2
2173.38	1.36
2173.7	1.12
2174.02	1.44
2174.34	1.44
2174.66	1.12
2174.98	0.92
2175.29	0.6
2175.61	0.56
2175.93	0.44
2176.25	0.56
2176.57	0.56
2176.89	0.92
2177.21	0.96
2177.52	1.32
2177.84	1.16
2178.16	1.4
2178.48	1.2
2178.8	0.88
2179.12	0.56
2179.43	0.68
2179.75	-0.48
2180.07	-0.36
2180.39	-0.36
2180.71	-0.2
2181.03	-0.08
2181.34	1.08
2181.66	0.92
2181.98	1.28
2182.3	1.28
2182.62	1.52
2182.93	1.08
2183.25	1.16
2183.57	1.2
2183.89	1.28
2184.21	0.92
2184.52	1.32
2184.84	1.16
2185.16	0.84
2185.48	0.48
2185.8	0.64
2186.11	0.76
2186.43	0.96
2186.75	0.88
2187.07	0.64
2187.39	-0.48
2187.7	-0.72
2188.02	-1.28
2188.34	-1.28
2188.66	-1.04
2188.97	-0.08
2189.29	0.08
2189.61	0.52
2189.93	0.64
2190.24	0.64
2190.56	0.84
2190.88	1
2191.2	1.04
2191.51	0.92
2191.83	1.04
2192.15	0.68
2192.47	0.28
2192.78	0.16
2193.1	0.28
2193.42	0.52
2193.74	0.76
2194.05	0.76
2194.37	0.72
2194.69	0.72
2195	0.84
2195.32	0.64
2195.64	1.12
2195.96	1.64
2196.27	1.52
2196.59	1
2196.91	1.04
2197.22	0.6
2197.54	0.16
2197.86	0.28
2198.18	0.32
2198.49	0.6
2198.81	0.68
2199.13	1.08
2199.44	1.32
2199.76	1.44
2200.08	1.16
2200.39	1.04
2200.71	1.2
2201.03	0.84
2201.34	0.96
2201.66	0.88
2201.98	0.92
2202.29	0.6
2202.61	0.84
2202.93	1
2203.24	1.2
2203.56	1.24
2203.88	1
2204.19	0.76
2204.51	0.4
2204.83	0.48
2205.14	0.4
2205.46	0.56
2205.78	0.68
2206.09	0.84
2206.41	0.36
2206.72	0.24
2207.04	0.08
2207.36	-0.36
2207.67	-0.52
2207.99	-0.32
2208.31	-0.08
2208.62	-0.16
2208.94	0.16
2209.25	0.12
2209.57	0.2
2209.89	0.12
2210.2	0.16
2210.52	0.32
2210.83	0.52
2211.15	0.8
2211.47	1.24
2211.78	1.28
2212.1	0.72
2212.41	0.96
2212.73	0.88
2213.05	0.4
2213.36	0.32
2213.68	1.24
2213.99	0.8
2214.31	0.52
2214.62	0.52
2214.94	0.68
2215.26	0.16
2215.57	0.16
2215.89	0.52
2216.2	0.52
2216.52	0.36
2216.83	0.36
2217.15	0.4
2217.46	0.2
2217.78	0.24
2218.1	0.08
2218.41	0.12
2218.73	0.2
2219.04	0.04
2219.36	-2.10945e-17
2219.67	0.24
2219.99	0.4
2220.3	0.4
2220.62	0.72
2220.93	0.72
2221.25	0.64
2221.56	0.44
2221.88	0.36
2222.19	0.08
2222.51	0.08
2222.82	-1.32
2223.14	-1.24
2223.45	-1
2223.77	-0.84
2224.08	-0.48
2224.4	0.92
2224.71	1.04
2225.03	0.76
2225.34	0.92
2225.66	-0.68
2225.97	-0.6
2226.29	-0.72
2226.6	-0.52
2226.92	-0.48
2227.23	0.88
2227.55	0.8
2227.86	0.72
2228.18	0.8
2228.49	0.4
2228.81	0.52
2229.12	0.8
2229.44	0.8
2229.75	0.52
2230.07	0.8
2230.38	0.6
2230.69	0.88
2231.01	1.24
2231.32	1.28
2231.64	1
2231.95	1.6
2232.27	1.44
2232.58	1.52
2232.9	1.56
2233.21	1.8
2233.52	1.36
2233.84	1.4
2234.15	1.36
2234.47	1.6
2234.78	1.4
2235.1	1.28
2235.41	1.24
2235.72	0.84
2236.04	0.52
2236.35	0.76
2236.67	0.24
2236.98	-0.16
2237.29	-6.88333e-17
2237.61	0.08
2237.92	-0.2
2238.24	0.44
2238.55	0.56
2238.86	0.4
2239.18	0.4
2239.49	-0.32
2239.8	-0.48
2240.12	-0.2
2240.43	-0.04
2240.75	-0.08
2241.06	0.64
2241.37	0.76
2241.69	0.72
2242	0.6
2242.31	1.2
2242.63	1.36
2242.94	1.48
2243.26	0.56
2243.57	0.52
2243.88	-0.12
2244.2	-0.28
2244.51	-0.48
2244.82	0.64
2245.14	0.64
2245.45	0.64
2245.76	0.72
2246.08	0.64
2246.39	0.08
2246.7	0.08
2247.02	0.08
2247.33	0
2247.64	0.32
2247.96	0.52
2248.27	1.48
2248.58	0.6
2248.9	0.6
2249.21	0.28
2249.52	0.08
2249.83	-0.6
2250.15	0.4
2250.46	0.76
2250.77	0.76
2251.09	1.04
2251.4	1.24
2251.71	1.32
2252.03	1.68
2252.34	2.28
2252.65	2.12
2252.96	1.64
2253.28	1.56
2253.59	1.12
2253.9	0.52
2254.21	0.88
2254.53	0.88
2254.84	0.68
2255.15	0.44
2255.47	0.64
2255.78	0.24
2256.09	0.8
2256.4	1
2256.72	1.08
2257.03	0.88
2257.34	0.8
2257.65	0.32
2257.97	0.2
2258.28	0.36
2258.59	0.36
2258.9	0.36
2259.22	0.32
2259.53	0.4
2259.84	0.12
2260.15	0.6
2260.46	0.88
2260.78	1.12
2261.09	1.04
2261.4	1.44
2261.71	1.08
2262.03	1.2
2262.34	0.92
2262.65	1
2262.96	0.68
2263.27	0.56
2263.59	0.28
2263.9	0.32
2264.21	0.28
2264.52	0.56
2264.83	1.16
2265.15	1.44
2265.46	1.76
2265.77	1.76
2266.08	1.64
2266.39	1.12
2266.7	0.72
2267.02	0.56
2267.33	0.36
2267.64	0.12
2267.95	0.04
2268.26	0.04
2268.57	0.12
2268.89	0.6
2269.2	0.72
2269.51	0.88
2269.82	0.88
2270.13	1.08
2270.44	0.8
2270.76	0.88
2271.07	1.56
2271.38	1
2271.69	0.68
2272	0.68
2272.31	0.28
2272.62	-1.08
2272.93	-0.48
2273.25	-0.28
2273.56	2.88669e-17
2273.87	0.2
2274.18	1
2274.49	1.12
2274.8	0.76
2275.11	0.52
2275.42	0.88
2275.74	0.6
2276.05	0.44
2276.36	0.84
2276.67	0.88
2276.98	0.76
2277.29	0.76
2277.6	0.96
2277.91	0.64
2278.22	0.36
2278.53	0.16
2278.85	0.16
2279.16	-0.76
2279.47	-0.8
2279.78	-0.52
2280.09	-0.56
2280.4	-0.04
2280.71	0.88
2281.02	0.84
2281.33	0.72
2281.64	0.76
2281.95	0.32
2282.26	0.12
2282.57	0.32
2282.88	0.32
2283.19	0.36
2283.5	0.84
2283.82	1.2
2284.13	1.04
2284.44	1.04
2284.75	0.88
2285.06	0.4
2285.37	0.16
2285.68	0.2
2285.99	0.2
2286.3	0.44
2286.61	0.68
2286.92	0.96
2287.23	1
2287.54	1
2287.85	0.96
2288.16	0.68
2288.47	0.4
2288.78	0.36
2289.09	0.48
2289.4	0.36
2289.71	0.32
2290.02	0.36
2290.33	0.44
2290.64	0.32
2290.95	0.32
2291.26	0.32
2291.57	0.16
2291.88	-0.32
2292.19	-0.32
2292.5	-0.32
2292.81	-0.32
2293.12	-0.32
2293.43	0
2293.74	0
2294.05	0
2294.36	0
2294.67	0
2294.98	0
2295.29	0
2295.6	0
2295.91	0
2296.21	0
2296.52	0
2296.83	0
2297.14	0
2297.45	0
2297.76	0
2298.07	0
2298.38	0
2298.69	0
2299	0
2299.31	0
2299.62	0
2299.93	0
2300.24	0
2300.55	0
2300.85	0
2301.16	0
2301.47	0
2301.78	0
2302.09	0
2302.4	0
2302.71	0
2303.02	0
2303.33	0
2303.64	0
2303.94	0
2304.25	0
2304.56	0
2304.87	0
2305.18	0
2305.49	0
2305.8	0
2306.11	0
2306.42	0
2306.72	0
2307.03	0
2307.34	0
2307.65	0
2307.96	0
2308.27	0
2308.58	0
2308.88	0
2309.19	0
2309.5	0
2309.81	0
2310.12	0
2310.43	0
2310.74	0
2311.04	0
2311.35	0
2311.66	0
2311.97	0
2312.28	0
2312.59	0
2312.89	0
2313.2	0
2313.51	0
2313.82	0
2314.13	0
2314.43	0
2314.74	0
2315.05	0
2315.36	0
2315.67	0
2315.97	0
2316.28	0
2316.59	0
2316.9	0
2317.21	0
2317.51	0
2317.82	0
2318.13	0
2318.44	0
2318.75	0
2319.05	0
2319.36	0
2319.67	0
2319.98	0
2320.28	0
2320.59	0
2320.9	0
2321.21	0
2321.51	0
2321.82	0
2322.13	0
2322.44	0
2322.74	0
2323.05	0
2323.36	0
2323.67	0
2323.97	0
2324.28	0
2324.59	0
2324.9	0
2325.2	0
2325.51	0
2325.82	0
2326.13	0
2326.43	0
2326.74	0
2327.05	0
2327.35	0
2327.66	0
2327.97	0
2328.27	0
2328.58	0
2328.89	0
2329.2	0
2329.5	0
2329.81	0
2330.12	0
2330.42	0
2330.73	0
2331.04	0
2331.34	0
2331.65	0
2331.96	0
2332.26	0
2332.57	0
2332.88	0
2333.18	0
2333.49	0
2333.8	0
2334.1	0
2334.41	0
2334.72	0
2335.02	0
2335.33	0
2335.64	0
2335.94	0
2336.25	0
2336.56	0
2336.86	0
2337.17	0
2337.48	0
2337.78	0
2338.09	0
2338.39	0
2338.7	0
2339.01	0
2339.31	0
2339.62	0
2339.93	0
2340.23	0
2340.54	0
2340.84	0
2341.15	0
2341.46	0
2341.76	0
2342.07	0
2342.37	0
2342.68	0
2342.99	0
2343.29	0
2343.6	0
2343.9	0
2344.21	0
2344.51	0
2344.82	0
2345.13	0
2345.43	0
2345.74	0
2346.04	0
2346.35	0
2346.65	0
2346.96	0
2347.27	0
2347.57	0
2347.88	0
2348.18	0
2348.49	0
2348.79	0
2349.1	0
2349.4	0
2349.71	0
2350.01	0
2350.32	0
2350.63	0
2350.93	0
2351.24	0
2351.54	0
2351.85	0
2352.15	0
2352.46	0
2352.76	0
2353.07	0
2353.37	0
2353.68	0
2353.98	0
2354.29	0
2354.59	0
2354.9	0
2355.2	0
2355.51	0
2355.81	0
2356.12	0
2356.42	0
2356.73	0
2357.03	0
2357.34	0
2357.64	0
2357.95	0
2358.25	0
2358.55	0
2358.86	0
2359.16	0
2359.47	0
2359.77	0
2360.08	0
2360.38	0
2360.69	0
2360.99	0
2361.3	0
2361.6	0
2361.9	0
2362.21	0
2362.51	0
2362.82	0
2363.12	0
2363.43	0
2363.73	0
2364.04	0
2364.34	0
2364.64	0
2364.95	0
2365.25	0
2365.56	0
2365.86	0
2366.16	0
2366.47	0
2366.77	0
2367.08	0
2367.38	0
2367.68	0
2367.99	0
2368.29	0
2368.6	0
2368.9	0
2369.2	0
2369.51	0
2369.81	0
2370.12	0
2370.42	0
2370.72	0
2371.03	0
2371.33	0
2371.63	0
2371.94	0
2372.24	0
2372.55	0
2372.85	0
2373.15	0
2373.46	0
2373.76	0
2374.06	0
2374.37	0
2374.67	0
2374.97	0
2375.28	0
2375.58	0
2375.88	0
2376.19	0
2376.49	0
2376.79	0
2377.1	0
2377.4	0
2377.7	0
2378.01	0
2378.31	0
2378.61	0
2378.92	0
2379.22	0
2379.52	0
2379.82	0
2380.13	0
2380.43	0
2380.73	0
2381.04	0
2381.34	0
2381.64	0
2381.95	0
2382.25	0
2382.55	0
2382.85	0
2383.16	0
2383.46	0
2383.76	0
2384.06	0
2384.37	0
2384.67	0
2384.97	0
2385.28	0
2385.58	0
2385.88	0
2386.18	0
2386.49	0
2386.79	0
2387.09	0
2387.39	0
2387.69	0
2388	0
2388.3	0
2388.6	0
2388.9	0
2389.21	0
2389.51	0
2389.81	0
2390.11	0
2390.42	0
2390.72	0
2391.02	0
2391.32	0
2391.62	0
2391.93	0
2392.23	0
2392.53	0
2392.83	0
2393.13	0
2393.44	0
2393.74	0
2394.04	0
2394.34	0
2394.64	0
2394.95	0
2395.25	0
2395.55	0
2395.85	0
2396.15	0
2396.45	0
2396.76	0
2397.06	0
2397.36	0
2397.66	0
2397.96	0
2398.26	0
2398.57	0
2398.87	0
2399.17	0
2399.47	0
2399.77	0
2400.07	0
2400.37	0
2400.68	0
2400.98	0
2401.28	0
2401.58	0
2401.88	0
2402.18	0
2402.48	0
2402.79	0
2403.09	0
2403.39	0
2403.69	0
2403.99	0
2404.29	0
2404.59	0
2404.89	0
2405.19	0
2405.5	0
2405.8	0
2406.1	0
2406.4	0
2406.7	0
2407	0
2407.3	0
2407.6	0
2407.9	0
2408.2	0
2408.5	0
2408.8	0
2409.11	0
2409.41	0
2409.71	0
2410.01	0
2410.31	0
2410.61	0
2410.91	0
2411.21	0
2411.51	0
2411.81	0
2412.11	0
2412.41	0
2412.71	0
2413.01	0
2413.31	0
2413.61	0
2413.91	0
2414.21	0
2414.51	0
2414.81	0
2415.12	0
2415.42	0
2415.72	0
2416.02	0
2416.32	0
2416.62	0
2416.92	0
2417.22	0
2417.52	0
2417.82	0
2418.12	0
2418.42	0
2418.72	0
2419.02	0
2419.32	0
2419.62	0
2419.92	0
2420.22	0
2420.52	0
2420.82	0
2421.12	0
2421.42	0
2421.71	0
2422.01	0
2422.31	0
2422.61	0
2422.91	0
2423.21	0
2423.51	0
2423.81	0
2424.11	0
2424.41	0
2424.71	0
2425.01	0
2425.31	0
2425.61	0
2425.91	0
2426.21	0
2426.51	0
2426.81	0
2427.11	0
2427.41	0
2427.7	0
2428	0
2428.3	0
2428.6	0
2428.9	0
2429.2	0
2429.5	0
2429.8	0
2430.1	0
2430.4	0
2430.7	0
2430.99	0
2431.29	0
2431.59	0
2431.89	0
2432.19	0
2432.49	0
2432.79	0
2433.09	0
2433.39	0
2433.68	0
2433.98	0
2434.28	0
2434.58	0
2434.88	0
2435.18	0
2435.48	0
2435.78	0
2436.07	0
2436.37	0
2436.67	0
2436.97	0
2437.27	0
2437.57	0
2437.86	0
2438.16	0
2438.46	0
2438.76	0
2439.06	0
2439.36	0
2439.66	0
2439.95	0
2440.25	0
2440.55	0
2440.85	0
2441.15	0
2441.44	0
2441.74	0
2442.04	0
2442.34	0
2442.64	0
2442.93	0
2443.23	0
2443.53	0
2443.83	0
2444.13	0
2444.42	0
2444.72	0
2445.02	0
2445.32	0
2445.62	0
2445.91	0
2446.21	0
2446.51	0
2446.81	0
2447.1	0
2447.4	0
2447.7	0
2448	0
2448.3	0
2448.59	0
2448.89	0
2449.19	0
2449.49	0
2449.78	0
2450.08	0
2450.38	0
2450.68	0
2450.97	0
2451.27	0
2451.57	0
2451.87	0
2452.16	0
2452.46	0
2452.76	0
2453.05	0
2453.35	0
2453.65	0
2453.95	0
2454.24	0
2454.54	0
2454.84	0
2455.13	0
2455.43	0
2455.73	0
2456.03	0
2456.32	0
2456.62	0
2456.92	0
2457.21	0
2457.51	0
2457.81	0
2458.1	0
2458.4	0
2458.7	0
2458.99	0
2459.29	0
2459.59	0
2459.88	0
2460.18	0
2460.48	0
2460.77	0
2461.07	0
2461.37	0
2461.66	0
2461.96	0
2462.26	0
2462.55	0
2462.85	0
2463.15	0
2463.44	0
2463.74	0
2464.04	0
2464.33	0
2464.63	0
2464.92	0
2465.22	0
2465.52	0
2465.81	0
2466.11	0
2466.41	0
2466.7	0
2467	0
2467.29	0
2467.59	0
2467.89	0
2468.18	0
2468.48	0
2468.77	0
2469.07	0
2469.37	0
2469.66	0
2469.96	0
2470.25	0
2470.55	0
2470.84	0
2471.14	0
2471.44	0
2471.73	0
2472.03	0
2472.32	0
2472.62	0
2472.91	0
2473.21	0
2473.51	0
2473.8	0
2474.1	0
2474.39	0
2474.69	0
2474.98	0
2475.28	0
2475.57	0
2475.87	0
2476.17	0
2476.46	0
2476.76	0
2477.05	0
2477.35	0
2477.64	0
2477.94	0
2478.23	0
2478.53	0
2478.82	0
2479.12	0
2479.41	0
2479.71	0
2480	0
2480.3	0
2480.59	0
2480.89	0
2481.18	0
2481.48	0
2481.77	0
2482.07	0
2482.36	0
2482.66	0
2482.95	0
2483.25	0
2483.54	0
2483.84	0
2484.13	0
2484.43	0
2484.72	0
2485.02	0
2485.31	0
2485.6	0
2485.9	0
2486.19	0
2486.49	0
2486.78	0
2487.08	0
2487.37	0
2487.67	0
2487.96	0
2488.26	0
2488.55	0
2488.84	0
2489.14	0
2489.43	0
2489.73	0
2490.02	0
2490.32	0
2490.61	0
2490.9	0
2491.2	0
2491.49	0
2491.79	0
2492.08	0
2492.37	0
2492.67	0
2492.96	0
2493.26	0
2493.55	0
2493.84	0
2494.14	0
2494.43	0
2494.73	0
2495.02	0
2495.31	0
2495.61	0
2495.9	0
2496.2	0
2496.49	0
2496.78	0
2497.08	0
2497.37	0
2497.66	0
2497.96	0
2498.25	0
2498.54	0
2498.84	0
2499.13	0
2499.43	0
2499.72	0
2500.01	0
2500.31	0
2500.6	0
2500.89	0
2501.19	0
2501.48	0
2501.77	0
2502.07	0
2502.36	0
2502.65	0
2502.95	0
2503.24	0
2503.53	0
2503.82	0
2504.12	0
2504.41	0
2504.7	0
2505	0
2505.29	0
2505.58	0
2505.88	0
2506.17	0
2506.46	0
2506.76	0
2507.05	0
2507.34	0
2507.63	0
2507.93	0
2508.22	0
2508.51	0
2508.8	0
2509.1	0
2509.39	0
2509.68	0
2509.98	0
2510.27	0
2510.56	0
2510.85	0
2511.15	0
2511.44	0
2511.73	0
2512.02	0
2512.32	0
2512.61	0
2512.9	0
2513.19	0
2513.49	0
2513.78	0
2514.07	0
2514.36	0
2514.65	0
2514.95	0
2515.24	0
2515.53	0
2515.82	0
2516.12	0
2516.41	0
2516.7	0
2516.99	0
2517.28	0
2517.58	0
2517.87	0
2518.16	0
2518.45	0
2518.74	0
2519.04	0
2519.33	0
2519.62	0
2519.91	0
2520.2	0
2520.5	0
2520.79	0
2521.08	0
2521.37	0
2521.66	0
2521.95	0
2522.25	0
2522.54	0
2522.83	0
2523.12	0
2523.41	0
2523.7	0
2523.99	0
2524.29	0
2524.58	0
2524.87	0
2525.16	0
2525.45	0
2525.74	0
2526.03	0
2526.33	0
2526.62	0
2526.91	0
2527.2	0
2527.49	0
2527.78	0
2528.07	0
2528.36	0
2528.66	0
2528.95	0
2529.24	0
2529.53	0
2529.82	0
2530.11	0
2530.4	0
2530.69	0
2530.98	0
2531.27	0
2531.57	0
2531.86	0
2532.15	0
2532.44	0
2532.73	0
2533.02	0
2533.31	0
2533.6	0
2533.89	0
2534.18	0
2534.47	0
2534.76	0
2535.05	0
2535.35	0
2535.64	0
2535.93	0
2536.22	0
2536.51	0
2536.8	0
2537.09	0
2537.38	0
2537.67	0
2537.96	0
2538.25	0
2538.54	0
2538.83	0
2539.12	0
2539.41	0
2539.7	0
2539.99	0
2540.28	0
2540.57	0
2540.86	0
2541.15	0
2541.44	0
2541.73	0
2542.02	0
2542.31	0
2542.6	0
2542.89	0
2543.18	0
2543.47	0
2543.76	0
2544.05	0
2544.34	0
2544.63	0
2544.92	0
2545.21	0
2545.5	0
2545.79	0
2546.08	0
2546.37	0
2546.66	0
2546.95	0
2547.24	0
2547.53	0
2547.82	0
2548.11	0
2548.4	0
2548.69	0
2548.98	0
2549.27	0
2549.55	0
2549.84	0
2550.13	0
2550.42	0
2550.71	0
2551	0
2551.29	0
2551.58	0
2551.87	0
2552.16	0
2552.45	0
2552.74	0
2553.03	0
2553.31	0
2553.6	0
2553.89	0
2554.18	0
2554.47	0
2554.76	0
2555.05	0
2555.34	0
2555.63	0
2555.92	0
2556.2	0
2556.49	0
2556.78	0
2557.07	0
2557.36	0
2557.65	0
2557.94	0
2558.23	0
2558.51	0
2558.8	0
2559.09	0
2559.38	0
2559.67	0
2559.96	0
2560.25	0
2560.53	0
2560.82	0
2561.11	0
2561.4	0
2561.69	0
2561.98	0
2562.27	0
2562.55	0
2562.84	0
2563.13	0
2563.42	0
2563.71	0
2564	0
2564.28	0
2564.57	0
2564.86	0
2565.15	0
2565.44	0
2565.72	0
2566.01	0
2566.3	0
2566.59	0
2566.88	0
2567.16	0
2567.45	0
2567.74	0
2568.03	0
2568.32	0
2568.6	0
2568.89	0
2569.18	0
2569.47	0
2569.75	0

