Source: Spectrum Viewer

Chart: Pulse Spectrum

Series: 
Wavelength (nm)	S (a.u.)
1179.9	0
1180.29	0
1180.68	0
1181.06	0
1181.45	0
1181.83	0
1182.22	0
1182.6	0
1182.99	0
1183.38	0
1183.76	0
1184.15	0
1184.53	0
1184.92	0
1185.3	0
1185.69	0
1186.07	0
1186.46	0
1186.85	0
1187.23	0
1187.62	0
1188	0
1188.39	0
1188.77	0
1189.16	0
1189.54	0
1189.93	0
1190.31	0
1190.7	0
1191.08	0
1191.47	0
1191.85	0
1192.24	0
1192.62	0
1193.01	0
1193.39	0
1193.78	0
1194.16	0
1194.55	0
1194.93	0
1195.32	0
1195.7	0
1196.09	0
1196.47	0
1196.86	0
1197.24	0
1197.63	0
1198.01	0
1198.4	0
1198.78	0
1199.16	0
1199.55	0
1199.93	0
1200.32	0
1200.7	0
1201.09	0
1201.47	0
1201.86	0
1202.24	0
1202.63	0
1203.01	0
1203.39	0
1203.78	0
1204.16	0
1204.55	0
1204.93	0
1205.32	0
1205.7	0
1206.08	0
1206.47	0
1206.85	0
1207.24	0
1207.62	0
1208	0
1208.39	0
1208.77	0
1209.16	0
1209.54	0
1209.92	0
1210.31	0
1210.69	0
1211.08	0
1211.46	0
1211.84	0
1212.23	0
1212.61	0
1213	0
1213.38	0
1213.76	0
1214.15	0
1214.53	0
1214.91	0
1215.3	0
1215.68	0
1216.06	0
1216.45	0
1216.83	0
1217.22	0
1217.6	0
1217.98	0
1218.37	0
1218.75	0
1219.13	0
1219.52	0
1219.9	0
1220.28	0
1220.67	0
1221.05	0
1221.43	0
1221.82	0
1222.2	0
1222.58	0
1222.97	0
1223.35	0
1223.73	0
1224.11	0
1224.5	0
1224.88	0
1225.26	0
1225.65	0
1226.03	0
1226.41	0
1226.8	0
1227.18	0
1227.56	0
1227.94	0
1228.33	0
1228.71	0
1229.09	0
1229.47	0
1229.86	0
1230.24	0
1230.62	0
1231.01	0
1231.39	0
1231.77	0
1232.15	0
1232.54	0
1232.92	0
1233.3	0
1233.68	0
1234.07	0
1234.45	0
1234.83	0
1235.21	0
1235.6	0
1235.98	0
1236.36	0
1236.74	0
1237.12	0
1237.51	0
1237.89	0
1238.27	0
1238.65	0
1239.04	0
1239.42	0
1239.8	0
1240.18	0
1240.56	0
1240.95	0
1241.33	0
1241.71	0
1242.09	0
1242.47	0
1242.86	0
1243.24	0
1243.62	0
1244	0
1244.38	0
1244.77	0
1245.15	0
1245.53	0
1245.91	0
1246.29	0
1246.67	0
1247.06	0
1247.44	0
1247.82	0
1248.2	0
1248.58	0
1248.96	0
1249.34	0
1249.73	0
1250.11	0
1250.49	0
1250.87	0
1251.25	0
1251.63	0
1252.01	0
1252.4	0
1252.78	0
1253.16	0
1253.54	0
1253.92	0
1254.3	0
1254.68	0
1255.06	0
1255.45	0
1255.83	0
1256.21	0
1256.59	0
1256.97	0
1257.35	0
1257.73	0
1258.11	0
1258.49	0
1258.87	0
1259.26	0
1259.64	0
1260.02	0
1260.4	0
1260.78	0
1261.16	0
1261.54	0
1261.92	0
1262.3	0
1262.68	0
1263.06	0
1263.44	0
1263.82	0
1264.21	0
1264.59	0
1264.97	0
1265.35	0
1265.73	0
1266.11	0
1266.49	0
1266.87	0
1267.25	0
1267.63	0
1268.01	0
1268.39	0
1268.77	0
1269.15	0
1269.53	0
1269.91	0
1270.29	0
1270.67	0
1271.05	0
1271.43	0
1271.81	0
1272.19	0
1272.57	0
1272.95	0
1273.33	0
1273.71	0
1274.09	0
1274.47	0
1274.85	0
1275.23	0
1275.61	0
1275.99	0
1276.37	0
1276.75	0
1277.13	0
1277.51	0
1277.89	0
1278.27	0
1278.65	0
1279.03	0
1279.41	0
1279.79	0
1280.17	0
1280.55	0
1280.93	0
1281.31	0
1281.69	0
1282.07	0
1282.45	0
1282.82	0
1283.2	0
1283.58	0
1283.96	0
1284.34	0
1284.72	0
1285.1	0
1285.48	0
1285.86	0
1286.24	0
1286.62	0
1287	0
1287.38	0
1287.75	0
1288.13	0
1288.51	0
1288.89	0
1289.27	0
1289.65	0
1290.03	0
1290.41	0
1290.79	0
1291.17	0
1291.54	0
1291.92	0
1292.3	0
1292.68	0
1293.06	0
1293.44	0
1293.82	0
1294.2	0
1294.57	0
1294.95	0
1295.33	0
1295.71	0
1296.09	0
1296.47	0
1296.85	0
1297.22	0
1297.6	0
1297.98	0
1298.36	0
1298.74	0
1299.12	0
1299.5	0
1299.87	0
1300.25	0
1300.63	0
1301.01	0
1301.39	0
1301.77	0
1302.14	0
1302.52	0
1302.9	0
1303.28	0
1303.66	0
1304.03	0
1304.41	0
1304.79	0
1305.17	0
1305.55	0
1305.92	0
1306.3	0
1306.68	0
1307.06	0
1307.44	0
1307.81	0
1308.19	0
1308.57	0
1308.95	0
1309.32	0
1309.7	0
1310.08	0
1310.46	0
1310.84	0
1311.21	0
1311.59	0
1311.97	0
1312.35	0
1312.72	0
1313.1	0
1313.48	0
1313.86	0
1314.23	0
1314.61	0
1314.99	0
1315.37	0
1315.74	0
1316.12	0
1316.5	0
1316.87	0
1317.25	0
1317.63	0
1318.01	0
1318.38	0
1318.76	0
1319.14	0
1319.52	0
1319.89	0
1320.27	0
1320.65	0
1321.02	0
1321.4	0
1321.78	0
1322.15	0
1322.53	0
1322.91	0
1323.29	0
1323.66	0
1324.04	0
1324.42	0
1324.79	0
1325.17	0
1325.55	0
1325.92	0
1326.3	0
1326.68	0
1327.05	0
1327.43	0
1327.81	0
1328.18	0
1328.56	0
1328.94	0
1329.31	0
1329.69	0
1330.06	0
1330.44	0
1330.82	0
1331.19	0
1331.57	0
1331.95	0
1332.32	0
1332.7	0
1333.08	0
1333.45	0
1333.83	0
1334.2	0
1334.58	0
1334.96	0
1335.33	0
1335.71	0
1336.08	0
1336.46	0
1336.84	0
1337.21	0
1337.59	0
1337.96	0
1338.34	0
1338.72	0
1339.09	0
1339.47	0
1339.84	0
1340.22	0
1340.6	0
1340.97	0
1341.35	0
1341.72	0
1342.1	0
1342.47	0
1342.85	0
1343.23	0
1343.6	0
1343.98	0
1344.35	0
1344.73	0
1345.1	0
1345.48	0
1345.85	0
1346.23	0
1346.61	0
1346.98	0
1347.36	0
1347.73	0
1348.11	0
1348.48	0
1348.86	0
1349.23	0
1349.61	0
1349.98	0
1350.36	0
1350.73	0
1351.11	0
1351.48	0
1351.86	0
1352.23	0
1352.61	0
1352.98	0
1353.36	0
1353.73	0
1354.11	0
1354.48	0
1354.86	0
1355.23	0
1355.61	0
1355.98	0
1356.36	0
1356.73	0
1357.11	0
1357.48	0
1357.86	0
1358.23	0
1358.61	0
1358.98	0
1359.35	0
1359.73	0
1360.1	0
1360.48	0
1360.85	0
1361.23	0
1361.6	0
1361.98	0
1362.35	0
1362.72	0
1363.1	0
1363.47	0
1363.85	0
1364.22	0
1364.6	0
1364.97	0
1365.34	0
1365.72	0
1366.09	0
1366.47	0
1366.84	0
1367.22	0
1367.59	0
1367.96	0
1368.34	0
1368.71	0
1369.09	0
1369.46	-0.72
1369.83	-0.72
1370.21	-0.68
1370.58	-0.36
1370.96	-0.2
1371.33	0.68
1371.7	0.72
1372.08	0.76
1372.45	0.44
1372.82	0.32
1373.2	0.6
1373.57	0.56
1373.95	0.56
1374.32	1
1374.69	1.08
1375.07	0.64
1375.44	0.76
1375.81	0.92
1376.19	0.56
1376.56	0.44
1376.93	0.64
1377.31	0.52
1377.68	0.28
1378.05	0.4
1378.43	0.4
1378.8	0.32
1379.17	0.32
1379.55	0.72
1379.92	0.52
1380.29	0.56
1380.67	0.44
1381.04	0.68
1381.41	0.4
1381.79	0.4
1382.16	0.48
1382.53	0.68
1382.91	-0.4
1383.28	-0.12
1383.65	-0.12
1384.03	-0.16
1384.4	-0.36
1384.77	0.56
1385.14	0.16
1385.52	0.24
1385.89	0.28
1386.26	0.28
1386.64	0.2
1387.01	0.2
1387.38	0.12
1387.75	0
1388.13	0.28
1388.5	0.68
1388.87	0.96
1389.25	1.08
1389.62	0.88
1389.99	0.44
1390.36	0.04
1390.74	-0.24
1391.11	-0.2
1391.48	0.04
1391.85	0.32
1392.23	0.48
1392.6	0.48
1392.97	0.32
1393.34	0.52
1393.72	0.56
1394.09	0.48
1394.46	0.56
1394.83	0.68
1395.21	0.92
1395.58	0.92
1395.95	1.16
1396.32	1.12
1396.69	1.08
1397.07	0.6
1397.44	0.44
1397.81	0.12
1398.18	0.16
1398.55	0.12
1398.93	0.12
1399.3	0.24
1399.67	0.32
1400.04	0.24
1400.41	0.2
1400.79	0.2
1401.16	0.2
1401.53	0.32
1401.9	0.32
1402.27	0.64
1402.65	0.68
1403.02	0.8
1403.39	0.6
1403.76	0.4
1404.13	0.08
1404.51	0.12
1404.88	-0.12
1405.25	-0.04
1405.62	0.28
1405.99	0.6
1406.36	0.76
1406.74	1.28
1407.11	1.24
1407.48	1.12
1407.85	-0.12
1408.22	-0.04
1408.59	-0.04
1408.96	0.2
1409.34	0.2
1409.71	1.12
1410.08	0.84
1410.45	0.44
1410.82	0.16
1411.19	0.16
1411.56	0.16
1411.93	0.24
1412.31	0.12
1412.68	0.12
1413.05	0.12
1413.42	0.2
1413.79	0.08
1414.16	-0.12
1414.53	0.12
1414.9	-0.08
1415.27	0.36
1415.65	0.56
1416.02	0.88
1416.39	0.64
1416.76	0.96
1417.13	0.44
1417.5	0.6
1417.87	0.48
1418.24	0.48
1418.61	0.56
1418.98	0.8
1419.35	0.44
1419.73	0.6
1420.1	0.6
1420.47	0.4
1420.84	0.16
1421.21	0.32
1421.58	0.16
1421.95	0.32
1422.32	0.56
1422.69	0.8
1423.06	1
1423.43	1
1423.8	0.84
1424.17	1.16
1424.54	1.12
1424.91	0.8
1425.28	1.28
1425.65	1.28
1426.02	1.12
1426.39	1.16
1426.76	0.64
1427.14	0.24
1427.51	0.44
1427.88	0.24
1428.25	0.04
1428.62	0.64
1428.99	0.56
1429.36	0.36
1429.73	0.2
1430.1	0.16
1430.47	0.16
1430.84	0.36
1431.21	0.36
1431.58	0.32
1431.95	0.4
1432.32	0.2
1432.69	6.66107e-18
1433.06	0.36
1433.43	0.48
1433.8	0.44
1434.17	0.6
1434.54	0.68
1434.91	0.44
1435.28	0.44
1435.64	0.4
1436.01	-0.28
1436.38	-0.24
1436.75	-0.04
1437.12	-0.16
1437.49	-0.16
1437.86	0.44
1438.23	0.44
1438.6	0.4
1438.97	0.64
1439.34	0.64
1439.71	0.72
1440.08	1.08
1440.45	0.8
1440.82	-0.04
1441.19	0.16
1441.56	0.08
1441.93	-0.32
1442.3	-0.32
1442.67	-1.32
1443.03	-1.52
1443.4	-1.16
1443.77	-1.16
1444.14	-1.16
1444.51	0.48
1444.88	0.56
1445.25	0.64
1445.62	0.84
1445.99	0.84
1446.36	0.88
1446.73	1
1447.09	0.56
1447.46	0.28
1447.83	0.32
1448.2	0.24
1448.57	-0.08
1448.94	-0.08
1449.31	2.10945e-17
1449.68	-0.04
1450.05	1.74861e-17
1450.41	0.4
1450.78	0
1451.15	0.04
1451.52	0.44
1451.89	0.44
1452.26	0.16
1452.63	0.88
1453	1.04
1453.36	0.68
1453.73	0.96
1454.1	1.16
1454.47	1.08
1454.84	1
1455.21	0.96
1455.57	0.36
1455.94	0.16
1456.31	0.08
1456.68	-0.12
1457.05	-0.04
1457.42	0.24
1457.78	0.24
1458.15	0.2
1458.52	0.2
1458.89	0.64
1459.26	0.96
1459.63	1.36
1459.99	1.24
1460.36	1.24
1460.73	1
1461.1	0.68
1461.47	0.28
1461.83	0.32
1462.2	0.56
1462.57	0.28
1462.94	0.36
1463.31	0.44
1463.67	0.72
1464.04	0.28
1464.41	0.32
1464.78	-0.36
1465.15	-0.44
1465.51	-0.64
1465.88	-0.44
1466.25	-0.04
1466.62	0.72
1466.98	0.96
1467.35	1.16
1467.72	1.16
1468.09	0.96
1468.46	0.84
1468.82	0.6
1469.19	0.28
1469.56	0.56
1469.93	0.36
1470.29	0.32
1470.66	0.32
1471.03	0.6
1471.4	0.4
1471.76	0.4
1472.13	0.4
1472.5	0.4
1472.86	0.12
1473.23	0.24
1473.6	0.2
1473.97	0.52
1474.33	0.6
1474.7	0.6
1475.07	0.44
1475.44	0.6
1475.8	0.24
1476.17	0.2
1476.54	0.2
1476.9	0.2
1477.27	0.12
1477.64	0.76
1478	0.72
1478.37	0.72
1478.74	0.68
1479.11	0.8
1479.47	0.4
1479.84	0.56
1480.21	0.88
1480.57	1.08
1480.94	0.88
1481.31	0.68
1481.67	0.52
1482.04	0.64
1482.41	0.44
1482.77	0.72
1483.14	0.72
1483.51	0.76
1483.87	0.32
1484.24	0.32
1484.61	0.08
1484.97	0.16
1485.34	0.2
1485.71	-0.8
1486.07	-0.8
1486.44	-0.52
1486.81	0.28
1487.17	0.44
1487.54	1.48
1487.9	1.6
1488.27	2.04
1488.64	1.48
1489	1.36
1489.37	1.44
1489.74	1.32
1490.1	0.68
1490.47	0.36
1490.83	0.24
1491.2	0.28
1491.57	0.28
1491.93	0.2
1492.3	0.2
1492.66	0.2
1493.03	0.16
1493.4	0.24
1493.76	0.2
1494.13	0.2
1494.49	0.2
1494.86	0.2
1495.23	0.12
1495.59	0.12
1495.96	-1.28
1496.32	-1.08
1496.69	-1.2
1497.06	-1.16
1497.42	-1.72
1497.79	-0.12
1498.15	-0.24
1498.52	0.4
1498.88	0.52
1499.25	1.2
1499.62	1.24
1499.98	1.16
1500.35	0.6
1500.71	0.68
1501.08	0.56
1501.44	0.32
1501.81	0.32
1502.17	0.44
1502.54	0.28
1502.9	0.28
1503.27	0.28
1503.64	0.84
1504	0.76
1504.37	0.88
1504.73	0.88
1505.1	0.96
1505.46	0.4
1505.83	0.28
1506.19	0.08
1506.56	0.08
1506.92	0.12
1507.29	0.2
1507.65	0.44
1508.02	0.68
1508.38	0.84
1508.75	0.72
1509.11	0.64
1509.48	0.52
1509.84	0.52
1510.21	0.36
1510.57	0.44
1510.94	0.68
1511.3	0.72
1511.67	0.48
1512.03	0.6
1512.4	0.6
1512.76	0.52
1513.13	-0.32
1513.49	-0.48
1513.85	-0.48
1514.22	-0.56
1514.58	-0.68
1514.95	0.56
1515.31	0.92
1515.68	0.84
1516.04	0.84
1516.41	0.88
1516.77	0.48
1517.14	0.32
1517.5	0.28
1517.86	0.48
1518.23	0.6
1518.59	0.56
1518.96	0.56
1519.32	0.68
1519.69	0.48
1520.05	0.4
1520.41	0.28
1520.78	0.32
1521.14	0.4
1521.51	0.76
1521.87	0.68
1522.24	0.68
1522.6	0.92
1522.96	0.92
1523.33	0.6
1523.69	0.64
1524.06	0.76
1524.42	0.8
1524.78	1.56
1525.15	1.52
1525.51	1.64
1525.88	2.12
1526.24	1.84
1526.6	0.88
1526.97	0.88
1527.33	0.8
1527.69	0.24
1528.06	0.36
1528.42	0.36
1528.79	0.48
1529.15	-0.44
1529.51	-0.48
1529.88	-0.24
1530.24	-0.24
1530.6	4.21755e-17
1530.97	0.96
1531.33	1.08
1531.69	1.08
1532.06	1.08
1532.42	0.72
1532.78	0.68
1533.15	0.56
1533.51	0.12
1533.87	0.28
1534.24	0.48
1534.6	0.72
1534.96	0.8
1535.33	1.08
1535.69	0.92
1536.05	0.76
1536.42	0.4
1536.78	0.52
1537.14	0.56
1537.51	0.56
1537.87	0.52
1538.23	0.52
1538.6	0.56
1538.96	0.48
1539.32	0.56
1539.68	0.68
1540.05	0.96
1540.41	0.96
1540.77	0.72
1541.14	0.72
1541.5	0.92
1541.86	1.32
1542.23	1.36
1542.59	1.44
1542.95	1.52
1543.31	1.28
1543.68	0.64
1544.04	0.44
1544.4	0.36
1544.76	0.2
1545.13	0.32
1545.49	0.28
1545.85	0.36
1546.21	0.64
1546.58	0.64
1546.94	0.64
1547.3	0.72
1547.66	0.8
1548.03	0.52
1548.39	0.56
1548.75	0.36
1549.11	0.48
1549.48	0.28
1549.84	0.4
1550.2	0.48
1550.56	0.48
1550.93	0.88
1551.29	1.04
1551.65	1.04
1552.01	0.92
1552.37	1.04
1552.74	0.52
1553.1	0.52
1553.46	0.4
1553.82	0.4
1554.18	0.32
1554.55	0.68
1554.91	0.48
1555.27	0.52
1555.63	0.68
1555.99	0.84
1556.36	0.68
1556.72	-0.92
1557.08	-0.96
1557.44	-0.8
1557.8	-1
1558.17	-1.28
1558.53	0.48
1558.89	0.48
1559.25	0.16
1559.61	0.24
1559.97	0.32
1560.34	0.24
1560.7	0.6
1561.06	1.12
1561.42	1.04
1561.78	1.48
1562.14	1.08
1562.5	0.72
1562.87	0.48
1563.23	0.84
1563.59	0.44
1563.95	1
1564.31	1
1564.67	0.96
1565.03	0.72
1565.4	0.68
1565.76	1.04
1566.12	1.2
1566.48	0.96
1566.84	1.48
1567.2	1.52
1567.56	0.96
1567.92	1.12
1568.29	1.52
1568.65	1
1569.01	1
1569.37	0.68
1569.73	0.44
1570.09	0.2
1570.45	0.12
1570.81	0.12
1571.17	0.48
1571.53	0.84
1571.89	0.68
1572.26	0.76
1572.62	1.12
1572.98	1.24
1573.34	1.04
1573.7	1.44
1574.06	1.52
1574.42	1.88
1574.78	1.84
1575.14	1.6
1575.5	1.48
1575.86	0.6
1576.22	-1.44334e-17
1576.58	-0.08
1576.94	-6.66107e-18
1577.3	-0.28
1577.67	0.4
1578.03	0.32
1578.39	0.32
1578.75	0.24
1579.11	0.32
1579.47	0.4
1579.83	0.52
1580.19	0.52
1580.55	0.8
1580.91	0.8
1581.27	0.72
1581.63	0.8
1581.99	0.92
1582.35	0.84
1582.71	0.88
1583.07	1.2
1583.43	1
1583.79	1.04
1584.15	1.04
1584.51	1.12
1584.87	1
1585.23	1.04
1585.59	0.8
1585.95	1.2
1586.31	1.08
1586.67	1.04
1587.03	1
1587.39	1.2
1587.75	0.6
1588.11	0.68
1588.47	0.52
1588.83	0.36
1589.19	0.28
1589.55	0.36
1589.91	0.2
1590.27	0.44
1590.63	0.44
1590.99	0.36
1591.35	0.28
1591.71	0.28
1592.07	0.32
1592.42	0.48
1592.78	0.44
1593.14	0.44
1593.5	0.76
1593.86	0.52
1594.22	0.4
1594.58	0.84
1594.94	0.84
1595.3	0.52
1595.66	0.72
1596.02	0.96
1596.38	0.52
1596.74	0.52
1597.1	0.52
1597.46	0.28
1597.81	0
1598.17	0
1598.53	0
1598.89	0.04
1599.25	0.12
1599.61	0.28
1599.97	0.28
1600.33	0.28
1600.69	0.36
1601.05	0.36
1601.4	0.32
1601.76	-0.04
1602.12	0.04
1602.48	-0.08
1602.84	-0.16
1603.2	-0.2
1603.56	0.52
1603.92	0.88
1604.28	0.88
1604.63	1
1604.99	0.92
1605.35	0.56
1605.71	0.16
1606.07	0.24
1606.43	0.12
1606.79	0.12
1607.14	0.32
1607.5	0.36
1607.86	1.12
1608.22	1.12
1608.58	1.12
1608.94	0.92
1609.29	0.84
1609.65	0.04
1610.01	0.32
1610.37	0.32
1610.73	0.4
1611.09	0.4
1611.44	0.4
1611.8	0.36
1612.16	0.44
1612.52	0.84
1612.88	0.84
1613.24	0.8
1613.59	0.6
1613.95	0.52
1614.31	0.24
1614.67	0.4
1615.03	0.52
1615.38	0.52
1615.74	0.76
1616.1	1.28
1616.46	1.4
1616.82	1.84
1617.17	1.84
1617.53	1.68
1617.89	0.96
1618.25	0.68
1618.6	0.24
1618.96	0.28
1619.32	0.36
1619.68	0.52
1620.04	0.68
1620.39	0.48
1620.75	0.4
1621.11	0.28
1621.47	0.2
1621.82	0.28
1622.18	0.48
1622.54	0.76
1622.9	0.76
1623.25	-0.2
1623.61	-0.04
1623.97	-0.12
1624.33	-0.16
1624.68	-0.2
1625.04	0.92
1625.4	1.24
1625.75	0.84
1626.11	0.84
1626.47	0.88
1626.83	0.84
1627.18	0.12
1627.54	0.48
1627.9	0.24
1628.26	0.84
1628.61	0.64
1628.97	0.88
1629.33	0.88
1629.68	0.96
1630.04	0.84
1630.4	0.24
1630.75	0.2
1631.11	0.28
1631.47	0.16
1631.83	-0.28
1632.18	0.32
1632.54	0.12
1632.9	0.12
1633.25	0.4
1633.61	0.4
1633.97	0.64
1634.32	1.12
1634.68	1.04
1635.04	1.16
1635.39	1.12
1635.75	0.88
1636.11	0.4
1636.46	1.16
1636.82	0.8
1637.18	0.92
1637.53	1.36
1637.89	1.52
1638.25	0.88
1638.6	0.88
1638.96	1.24
1639.31	0.8
1639.67	1.28
1640.03	1.32
1640.38	1.44
1640.74	1.32
1641.1	1.52
1641.45	1
1641.81	0.92
1642.16	1.44
1642.52	1.04
1642.88	0.84
1643.23	0.12
1643.59	0.2
1643.95	-0.28
1644.3	-0.24
1644.66	-0.12
1645.01	0.56
1645.37	0.56
1645.73	0.44
1646.08	0.4
1646.44	0.28
1646.79	-0.12
1647.15	0.24
1647.51	0.36
1647.86	0.6
1648.22	0.64
1648.57	0.28
1648.93	-0.24
1649.28	-0.4
1649.64	-0.44
1650	-0.32
1650.35	0.36
1650.71	0.44
1651.06	0.68
1651.42	0.48
1651.77	0.12
1652.13	0.12
1652.48	0.36
1652.84	0.16
1653.2	0.4
1653.55	0.76
1653.91	0.88
1654.26	0.6
1654.62	0.6
1654.97	0.52
1655.33	0.64
1655.68	0.52
1656.04	0.6
1656.39	0.92
1656.75	1.12
1657.1	1.32
1657.46	1.4
1657.81	1.28
1658.17	0.92
1658.52	0.68
1658.88	0.2
1659.23	0.16
1659.59	0.56
1659.94	0.56
1660.3	0.56
1660.65	0.68
1661.01	0.76
1661.36	0.4
1661.72	0.4
1662.07	0.52
1662.43	1.64
1662.78	1.68
1663.14	2.32
1663.49	2.6
1663.85	2.76
1664.2	2.28
1664.56	2.64
1664.91	0.16
1665.27	-0.12
1665.62	-0.48
1665.98	-1.08
1666.33	-1.4
1666.69	0.76
1667.04	1.16
1667.39	1.16
1667.75	1.24
1668.1	1.96
1668.46	1.6
1668.81	2.12
1669.17	2.32
1669.52	2.6
1669.88	1.84
1670.23	2.68
1670.58	1.88
1670.94	1.8
1671.29	1.4
1671.65	1.64
1672	1.08
1672.36	1.32
1672.71	1.72
1673.06	2.16
1673.42	2.4
1673.77	2.48
1674.13	2.24
1674.48	1.84
1674.83	2
1675.19	1.68
1675.54	2.04
1675.9	2.72
1676.25	3.28
1676.6	3.16
1676.96	3.52
1677.31	3.6
1677.67	3.4
1678.02	4.12
1678.37	4.6
1678.73	5.16
1679.08	6.04
1679.43	6.96
1679.79	6.4
1680.14	7.12
1680.5	7.24
1680.85	6.48
1681.2	5.48
1681.56	6.16
1681.91	5.36
1682.26	4.6
1682.62	5.48
1682.97	6.56
1683.32	6.04
1683.68	7.08
1684.03	9.32
1684.38	9.72
1684.74	10.2
1685.09	10.68
1685.44	9.48
1685.8	8.24
1686.15	7.2
1686.5	7.88
1686.86	8.92
1687.21	9.6
1687.56	9.44
1687.92	9.6
1688.27	8.64
1688.62	8.48
1688.98	8.8
1689.33	9.84
1689.68	10.64
1690.03	11.6
1690.39	12.36
1690.74	13
1691.09	14.24
1691.45	13.96
1691.8	13.36
1692.15	12.96
1692.5	13.6
1692.86	12.6
1693.21	13.64
1693.56	14.24
1693.92	14.96
1694.27	14.48
1694.62	15.64
1694.97	15.36
1695.33	16.08
1695.68	15.32
1696.03	15.6
1696.38	14.8
1696.74	15.72
1697.09	14.28
1697.44	14.24
1697.79	15.04
1698.15	14.32
1698.5	14.32
1698.85	15.88
1699.2	15.68
1699.56	13.72
1699.91	14.44
1700.26	13.48
1700.61	13.2
1700.97	13.16
1701.32	14.56
1701.67	13.88
1702.02	13.6
1702.37	13.68
1702.73	13.4
1703.08	11.84
1703.43	11.92
1703.78	12.8
1704.13	13
1704.49	14.48
1704.84	14.84
1705.19	14.68
1705.54	15.4
1705.89	14.2
1706.25	13.48
1706.6	15.92
1706.95	16
1707.3	14.8
1707.65	14.8
1708.01	14.64
1708.36	12.84
1708.71	14.28
1709.06	13.92
1709.41	15.08
1709.76	15.88
1710.12	15.8
1710.47	14.08
1710.82	14.44
1711.17	12.44
1711.52	12.64
1711.87	13
1712.23	13.72
1712.58	14.2
1712.93	14.72
1713.28	14.6
1713.63	13.72
1713.98	14.6
1714.33	14.8
1714.69	16.24
1715.04	15.92
1715.39	17.96
1715.74	18.04
1716.09	19.48
1716.44	20.08
1716.79	21.52
1717.14	21.8
1717.5	20.84
1717.85	20.8
1718.2	20.96
1718.55	21.08
1718.9	21.72
1719.25	25.08
1719.6	25.84
1719.95	26.92
1720.3	27.64
1720.65	29.64
1721.01	28.36
1721.36	28.28
1721.71	28.36
1722.06	26.88
1722.41	26.12
1722.76	28.24
1723.11	30.8
1723.46	32.68
1723.81	35.96
1724.16	37.12
1724.51	37.92
1724.86	38.6
1725.21	39.28
1725.56	41.88
1725.92	42.36
1726.27	44.16
1726.62	43.88
1726.97	43.72
1727.32	42.76
1727.67	43.72
1728.02	42.52
1728.37	42.64
1728.72	43.4
1729.07	45
1729.42	45.56
1729.77	47.08
1730.12	48.88
1730.47	51.28
1730.82	52.12
1731.17	54.6
1731.52	55.96
1731.87	55.96
1732.22	55.4
1732.57	55.32
1732.92	55.44
1733.27	54.36
1733.62	55.92
1733.97	56.6
1734.32	57.52
1734.67	57.84
1735.02	59.88
1735.37	58.6
1735.72	57.68
1736.07	55.36
1736.42	55.16
1736.77	55.4
1737.12	56.72
1737.47	58.52
1737.82	60.04
1738.17	59.36
1738.52	59.44
1738.87	58.92
1739.22	58.56
1739.57	58.68
1739.92	59.96
1740.27	60.28
1740.62	62.08
1740.97	62.24
1741.32	62.6
1741.67	62.12
1742.02	60.32
1742.37	59.28
1742.72	59.76
1743.06	60.56
1743.41	62.4
1743.76	62.48
1744.11	60.84
1744.46	59.28
1744.81	57.64
1745.16	54.52
1745.51	53.8
1745.86	52.64
1746.21	52.08
1746.56	53.32
1746.91	52.76
1747.26	54.64
1747.6	57.44
1747.95	59.16
1748.3	57.24
1748.65	57.36
1749	56.6
1749.35	54.88
1749.7	54.92
1750.05	54.44
1750.4	55.04
1750.75	54.28
1751.09	53.52
1751.44	50.96
1751.79	51.76
1752.14	49.44
1752.49	47.16
1752.84	49.72
1753.19	48.48
1753.54	49
1753.88	50.4
1754.23	50.2
1754.58	48.56
1754.93	50.2
1755.28	45.96
1755.63	47.28
1755.98	47.84
1756.32	43.68
1756.67	42.88
1757.02	44.84
1757.37	39.88
1757.72	41.76
1758.07	42.88
1758.42	43.44
1758.76	43.12
1759.11	43.56
1759.46	42.84
1759.81	43.56
1760.16	39.84
1760.5	39.52
1760.85	39.24
1761.2	36.68
1761.55	36.72
1761.9	38.76
1762.25	38.88
1762.59	42
1762.94	42.08
1763.29	44.6
1763.64	48.08
1763.99	48.44
1764.33	50.64
1764.68	52.84
1765.03	51.24
1765.38	54.08
1765.73	55.12
1766.07	55.04
1766.42	59.52
1766.77	62.48
1767.12	61.84
1767.46	65.92
1767.81	67.72
1768.16	68.72
1768.51	71
1768.85	75.56
1769.2	77.76
1769.55	79.96
1769.9	85.2
1770.25	91.6
1770.59	95.12
1770.94	99.16
1771.29	104.32
1771.64	108.2
1771.98	110.2
1772.33	113.84
1772.68	121.68
1773.02	126.76
1773.37	132.28
1773.72	142.32
1774.07	147
1774.41	153.36
1774.76	156.92
1775.11	157
1775.46	158.64
1775.8	163.44
1776.15	165.6
1776.5	179.32
1776.84	187.36
1777.19	198.36
1777.54	212.16
1777.89	221.92
1778.23	228.64
1778.58	239.96
1778.93	241.64
1779.27	247.8
1779.62	252.4
1779.97	252.84
1780.31	256.64
1780.66	268.76
1781.01	274.32
1781.35	291.2
1781.7	308.56
1782.05	319.44
1782.39	331.76
1782.74	339.6
1783.09	347.04
1783.43	360.84
1783.78	370.8
1784.13	379.52
1784.47	386.04
1784.82	380.48
1785.17	386.44
1785.51	399.56
1785.86	412.92
1786.21	442.56
1786.55	468.52
1786.9	483.48
1787.25	502.84
1787.59	506.88
1787.94	503.68
1788.29	510
1788.63	511.04
1788.98	517.4
1789.32	525.52
1789.67	518.8
1790.02	521.72
1790.36	549.76
1790.71	583.48
1791.06	618.72
1791.4	667.44
1791.75	716.68
1792.09	747.12
1792.44	770.4
1792.79	783.44
1793.13	814.28
1793.48	824.6
1793.82	812.6
1794.17	805.28
1794.52	800.68
1794.86	770.56
1795.21	752.64
1795.55	715.36
1795.9	662.6
1796.24	738.36
1796.59	823.76
1796.94	894.64
1797.28	995.92
1797.63	1060.52
1797.97	1027.12
1798.32	986.6
1798.66	974.96
1799.01	991.8
1799.36	1003.08
1799.7	1013.48
1800.05	1055.76
1800.39	1024.92
1800.74	1021.68
1801.08	1140.76
1801.43	1199.04
1801.77	1208.4
1802.12	1258.04
1802.46	1287.96
1802.81	1244.2
1803.15	1214.8
1803.5	1204
1803.85	1189.28
1804.19	1120.08
1804.54	1105.96
1804.88	1131.68
1805.23	1104.32
1805.57	1140.36
1805.92	1262.44
1806.26	1306.44
1806.61	1292.68
1806.95	1348.32
1807.3	1453
1807.64	1511.04
1807.99	1531.84
1808.33	1572.44
1808.68	1546.4
1809.02	1477.16
1809.37	1501.2
1809.71	1548.48
1810.06	1592.88
1810.4	1645.68
1810.75	1603.92
1811.09	1536.4
1811.43	1614.32
1811.78	1718.08
1812.12	1868.36
1812.47	2029.84
1812.81	2078.28
1813.16	2034.56
1813.5	1986.4
1813.85	1905.24
1814.19	1867.44
1814.54	1841.48
1814.88	1760.84
1815.23	1680.76
1815.57	1582.92
1815.91	1412.96
1816.26	1316.64
1816.6	1405.16
1816.95	1480.52
1817.29	1557.52
1817.64	1747.36
1817.98	1918.44
1818.32	1999.64
1818.67	2073.8
1819.01	2151.64
1819.36	2183.64
1819.7	2127.84
1820.05	2023.12
1820.39	2010.28
1820.73	1992.08
1821.08	1949.4
1821.42	1975.04
1821.77	1948.36
1822.11	1786.8
1822.45	1710.08
1822.8	1697.04
1823.14	1556.44
1823.49	1542.52
1823.83	1752.04
1824.17	1904.56
1824.52	2000.56
1824.86	2169.84
1825.2	2215.84
1825.55	2093.96
1825.89	1935.2
1826.24	1794
1826.58	1834.4
1826.92	1904.12
1827.27	1943.08
1827.61	2065.36
1827.95	2159.24
1828.3	2057.84
1828.64	1949.6
1828.98	1840.96
1829.33	1659.88
1829.67	1692.96
1830.02	1792.8
1830.36	1844.88
1830.7	2028.72
1831.05	2246.68
1831.39	2229.2
1831.73	2199.84
1832.08	2226.4
1832.42	2120
1832.76	2034.12
1833.1	2010.12
1833.45	1922.2
1833.79	1831.56
1834.13	1813.32
1834.48	1793.96
1834.82	1783.72
1835.16	1823.8
1835.51	1835.8
1835.85	1822.28
1836.19	1807.68
1836.54	1707.8
1836.88	1606.16
1837.22	1492.76
1837.56	1372.84
1837.91	1311.6
1838.25	1398.72
1838.59	1513
1838.94	1615.64
1839.28	1703.6
1839.62	1699.16
1839.96	1635.32
1840.31	1521.96
1840.65	1391.76
1840.99	1304.56
1841.34	1418.28
1841.68	1506.2
1842.02	1589.76
1842.36	1734.64
1842.71	1772.4
1843.05	1579.28
1843.39	1497.84
1843.73	1524.16
1844.08	1555.48
1844.42	1701.4
1844.76	1893.52
1845.1	1904
1845.45	1817.72
1845.79	1775.92
1846.13	1706.92
1846.47	1632.4
1846.81	1563.88
1847.16	1539.52
1847.5	1547.8
1847.84	1578.56
1848.18	1618.2
1848.53	1687.44
1848.87	1727.88
1849.21	1694.2
1849.55	1620
1849.89	1551.4
1850.24	1498.84
1850.58	1449.4
1850.92	1403.16
1851.26	1372.56
1851.6	1349.96
1851.95	1324.96
1852.29	1312.88
1852.63	1280.4
1852.97	1245.68
1853.31	1193.32
1853.66	1127.76
1854	1106.2
1854.34	1095.48
1854.68	1114.32
1855.02	1137.04
1855.36	1177.48
1855.71	1150.76
1856.05	1132.28
1856.39	1088.56
1856.73	1042.2
1857.07	1006.72
1857.41	992.6
1857.76	972.56
1858.1	955.52
1858.44	929.04
1858.78	912.16
1859.12	879.84
1859.46	845.28
1859.8	796.92
1860.15	745.6
1860.49	717.36
1860.83	754.56
1861.17	796.64
1861.51	809
1861.85	835.72
1862.19	814.6
1862.53	753.48
1862.88	720.52
1863.22	714
1863.56	702.88
1863.9	696.24
1864.24	706.12
1864.58	681
1864.92	659.52
1865.26	653.2
1865.6	644.12
1865.94	601.2
1866.29	570.12
1866.63	542.96
1866.97	507.28
1867.31	475.88
1867.65	447.04
1867.99	436.96
1868.33	419.8
1868.67	392.24
1869.01	369.24
1869.35	366.96
1869.69	392.84
1870.03	417
1870.37	454.72
1870.72	500.4
1871.06	508.72
1871.4	462.04
1871.74	420.64
1872.08	372
1872.42	337.16
1872.76	346.4
1873.1	359.88
1873.44	361.84
1873.78	362.48
1874.12	337.8
1874.46	284.6
1874.8	263.68
1875.14	280.36
1875.48	290.76
1875.82	302.04
1876.16	317.96
1876.5	321.72
1876.84	305.24
1877.18	295.8
1877.52	286.56
1877.86	268.92
1878.2	238.36
1878.54	208.2
1878.88	188.96
1879.22	173.08
1879.56	160.4
1879.9	149.8
1880.24	140.72
1880.58	130.28
1880.92	130.44
1881.26	132.44
1881.6	125.48
1881.94	118.72
1882.28	111.04
1882.62	102.32
1882.96	106.24
1883.3	123.72
1883.64	133.92
1883.98	141.76
1884.32	143.72
1884.66	127.6
1885	104.64
1885.34	91.84
1885.68	84.44
1886.02	77.44
1886.36	75.36
1886.7	71.76
1887.04	66.6
1887.38	59.4
1887.72	53.16
1888.06	45.08
1888.39	41.04
1888.73	39.84
1889.07	49.08
1889.41	61.24
1889.75	63.24
1890.09	78.12
1890.43	95.16
1890.77	93.76
1891.11	80.92
1891.45	77.32
1891.79	60.44
1892.13	39.56
1892.47	27.96
1892.8	25.24
1893.14	25.08
1893.48	28.36
1893.82	34.04
1894.16	37.16
1894.5	36.32
1894.84	34.92
1895.18	30.4
1895.52	23.2
1895.86	20.88
1896.19	21.24
1896.53	22.48
1896.87	25.12
1897.21	25.96
1897.55	26.96
1897.89	29.48
1898.23	37.16
1898.57	36.84
1898.9	36.56
1899.24	35.08
1899.58	32.6
1899.92	26.44
1900.26	26.08
1900.6	29.8
1900.94	30.56
1901.27	33.04
1901.61	32.76
1901.95	33.6
1902.29	36.56
1902.63	39.2
1902.97	41.84
1903.3	46.12
1903.64	51.48
1903.98	49.28
1904.32	51.48
1904.66	51.36
1905	54.16
1905.33	54.28
1905.67	57.24
1906.01	59.24
1906.35	63.12
1906.69	62.56
1907.02	64.52
1907.36	66.28
1907.7	71.6
1908.04	73.24
1908.38	78.6
1908.71	80.52
1909.05	85.96
1909.39	83.64
1909.73	85.68
1910.07	83.2
1910.4	84.84
1910.74	85
1911.08	90.16
1911.42	93.56
1911.76	99.16
1912.09	101.8
1912.43	105.84
1912.77	106.32
1913.11	109.8
1913.44	111.44
1913.78	115.64
1914.12	116.56
1914.46	122.12
1914.79	121.44
1915.13	122.84
1915.47	121.28
1915.81	124.24
1916.14	125.36
1916.48	129.92
1916.82	134.6
1917.16	142.2
1917.49	144.68
1917.83	148.16
1918.17	151.72
1918.5	151.96
1918.84	152.12
1919.18	154.92
1919.52	155.48
1919.85	156.04
1920.19	159.88
1920.53	162.44
1920.87	164.04
1921.2	166.76
1921.54	171.28
1921.88	171.8
1922.21	173.96
1922.55	174.52
1922.89	176.28
1923.22	172.84
1923.56	176.96
1923.9	176.68
1924.23	178.92
1924.57	176.72
1924.91	184.36
1925.25	182.56
1925.58	186
1925.92	188.12
1926.26	189.48
1926.59	183.96
1926.93	185.08
1927.27	182.28
1927.6	180.6
1927.94	181.64
1928.28	183.68
1928.61	182.6
1928.95	186
1929.29	185.6
1929.62	187.44
1929.96	186.68
1930.29	188.92
1930.63	188.56
1930.97	186.88
1931.3	188.4
1931.64	191.6
1931.98	191.68
1932.31	189.52
1932.65	195.6
1932.99	191.24
1933.32	192.08
1933.66	192.76
1933.99	192.68
1934.33	187
1934.67	190.12
1935	186.6
1935.34	184.72
1935.67	187.2
1936.01	189.92
1936.35	188.92
1936.68	190.88
1937.02	194.16
1937.35	195.44
1937.69	196.88
1938.03	196.92
1938.36	194.12
1938.7	194.64
1939.03	193.48
1939.37	190.2
1939.7	189.6
1940.04	191.76
1940.38	186.2
1940.71	184.8
1941.05	185.24
1941.38	183.68
1941.72	179.84
1942.05	180.52
1942.39	177.44
1942.73	177
1943.06	176.72
1943.4	174.24
1943.73	173.44
1944.07	171.76
1944.4	168.28
1944.74	166.52
1945.07	169.6
1945.41	168.8
1945.74	166.84
1946.08	167.68
1946.42	167.72
1946.75	163.84
1947.09	162.44
1947.42	164.96
1947.76	159.52
1948.09	156.24
1948.43	156.56
1948.76	152.92
1949.1	147.36
1949.43	146.68
1949.77	141.88
1950.1	137.12
1950.44	135.04
1950.77	133.64
1951.11	130.88
1951.44	128.6
1951.78	127.28
1952.11	126.24
1952.45	124.4
1952.78	124.48
1953.12	125.32
1953.45	123.88
1953.79	121.36
1954.12	121.76
1954.46	119.6
1954.79	116.56
1955.12	114.04
1955.46	113.64
1955.79	109.68
1956.13	107.68
1956.46	106.8
1956.8	104
1957.13	96.76
1957.47	94.32
1957.8	92.6
1958.14	87.44
1958.47	85.12
1958.8	86.68
1959.14	83.96
1959.47	80.24
1959.81	81.28
1960.14	81.12
1960.48	76.88
1960.81	76.44
1961.14	77.28
1961.48	74.56
1961.81	71.52
1962.15	71.28
1962.48	68.64
1962.82	63.88
1963.15	62.04
1963.48	61.68
1963.82	61.28
1964.15	59.68
1964.49	60.56
1964.82	57.96
1965.15	54.08
1965.49	51.36
1965.82	50.52
1966.16	48.4
1966.49	46.52
1966.82	44.64
1967.16	43.28
1967.49	39.92
1967.83	35.88
1968.16	35.84
1968.49	34.84
1968.83	32.32
1969.16	31.64
1969.49	30.64
1969.83	28.12
1970.16	25.68
1970.49	23.36
1970.83	22.52
1971.16	22.08
1971.5	20.56
1971.83	21.36
1972.16	20.96
1972.5	18.2
1972.83	16.92
1973.16	16.4
1973.5	13.96
1973.83	13.2
1974.16	11.76
1974.5	9.44
1974.83	8.64
1975.16	8.76
1975.5	7.92
1975.83	7.84
1976.16	8.8
1976.49	8.28
1976.83	7
1977.16	7.04
1977.49	6.68
1977.83	5.44
1978.16	4.48
1978.49	4.68
1978.83	3.32
1979.16	3.08
1979.49	2.84
1979.83	2.92
1980.16	2.32
1980.49	2.28
1980.82	2.12
1981.16	2.36
1981.49	2.52
1981.82	2.2
1982.15	2.08
1982.49	1.8
1982.82	1.6
1983.15	1.28
1983.49	1.16
1983.82	1.04
1984.15	1.48
1984.48	1.8
1984.82	1.88
1985.15	2.52
1985.48	3.12
1985.81	2.92
1986.15	2.6
1986.48	2.76
1986.81	2.92
1987.14	3.48
1987.48	3.56
1987.81	4.24
1988.14	4.04
1988.47	3.56
1988.81	3.16
1989.14	3.56
1989.47	2.8
1989.8	3.48
1990.13	3.52
1990.47	4.24
1990.8	4.92
1991.13	6.76
1991.46	8.44
1991.79	8.76
1992.13	7.6
1992.46	6.56
1992.79	5.8
1993.12	4.92
1993.45	5.12
1993.79	6.96
1994.12	8.04
1994.45	8.08
1994.78	7.8
1995.11	9.52
1995.45	10
1995.78	10.24
1996.11	10.48
1996.44	12.12
1996.77	11.08
1997.1	10.6
1997.44	11
1997.77	12
1998.1	11.32
1998.43	12
1998.76	12.8
1999.09	14.12
1999.43	11.48
1999.76	12.76
2000.09	13.28
2000.42	12.92
2000.75	12.12
2001.08	15
2001.41	14.6
2001.75	14.24
2002.08	15.08
2002.41	16.56
2002.74	17.16
2003.07	18.16
2003.4	18.36
2003.73	17.96
2004.06	16.68
2004.4	16.52
2004.73	16
2005.06	17.4
2005.39	18.84
2005.72	18.52
2006.05	17.88
2006.38	18.2
2006.71	18.32
2007.04	17.08
2007.37	19.36
2007.71	21.48
2008.04	21
2008.37	20.76
2008.7	22.92
2009.03	22.2
2009.36	21.24
2009.69	21.36
2010.02	21.96
2010.35	19.96
2010.68	19.36
2011.01	20.2
2011.34	19.52
2011.67	17.52
2012.01	16.76
2012.34	15.36
2012.67	13.08
2013	13.76
2013.33	13.76
2013.66	14.52
2013.99	14.6
2014.32	14.48
2014.65	12.76
2014.98	12.72
2015.31	11.76
2015.64	11.6
2015.97	12.32
2016.3	12.56
2016.63	12.4
2016.96	11.56
2017.29	10.64
2017.62	9.64
2017.95	10.12
2018.28	8.84
2018.61	8.76
2018.94	10.04
2019.27	9.4
2019.6	8.4
2019.93	8.88
2020.26	8.12
2020.59	7.2
2020.92	7.28
2021.25	6.56
2021.58	6
2021.91	6.24
2022.24	6.28
2022.57	5.68
2022.9	5.32
2023.23	5.76
2023.56	5.96
2023.89	5.48
2024.22	4.88
2024.55	4.8
2024.88	4.24
2025.21	3.8
2025.54	3.48
2025.87	3.6
2026.2	4.08
2026.53	3.92
2026.86	3.6
2027.19	4.48
2027.52	4.24
2027.85	3.36
2028.18	3.28
2028.51	3.44
2028.84	2.36
2029.16	2.8
2029.49	3
2029.82	2.64
2030.15	2.12
2030.48	0.96
2030.81	0.68
2031.14	0.4
2031.47	0.2
2031.8	0.28
2032.13	2.32
2032.46	1.96
2032.79	2.16
2033.12	2.32
2033.44	2.72
2033.77	2.04
2034.1	3.08
2034.43	3.68
2034.76	4.52
2035.09	5
2035.42	4.96
2035.75	4.08
2036.08	3.28
2036.41	2.88
2036.73	2.32
2037.06	2.04
2037.39	2.12
2037.72	2.48
2038.05	2.36
2038.38	2.44
2038.71	2.2
2039.04	1.76
2039.36	1.96
2039.69	1.76
2040.02	1.2
2040.35	1.12
2040.68	1.8
2041.01	1.24
2041.34	0.92
2041.66	2.08
2041.99	2.48
2042.32	2.16
2042.65	2.24
2042.98	2.24
2043.31	2.44
2043.63	2.16
2043.96	2.24
2044.29	2.2
2044.62	2.84
2044.95	2.08
2045.28	2.44
2045.6	2.48
2045.93	2.6
2046.26	2.16
2046.59	1.8
2046.92	1.24
2047.24	1.2
2047.57	0.96
2047.9	0.72
2048.23	0.4
2048.56	1.2
2048.88	1.6
2049.21	1.88
2049.54	2.08
2049.87	2.32
2050.2	1.88
2050.52	1.92
2050.85	2.68
2051.18	2.88
2051.51	3.44
2051.83	3.2
2052.16	3.32
2052.49	2.32
2052.82	2.64
2053.15	1.8
2053.47	1.56
2053.8	1.04
2054.13	1.28
2054.46	1.08
2054.78	1.64
2055.11	1.8
2055.44	1.6
2055.77	1.6
2056.09	1.24
2056.42	0.88
2056.75	0.76
2057.08	1
2057.4	0.92
2057.73	0.96
2058.06	1.36
2058.38	1.28
2058.71	1.32
2059.04	1.12
2059.37	1.64
2059.69	1.64
2060.02	2.04
2060.35	2.24
2060.67	2.48
2061	2.52
2061.33	2.32
2061.66	2.32
2061.98	2.28
2062.31	2.4
2062.64	2.52
2062.96	2.6
2063.29	2.92
2063.62	2.44
2063.94	2.48
2064.27	2.16
2064.6	1.48
2064.92	0.92
2065.25	1.6
2065.58	1.68
2065.91	1.52
2066.23	2.2
2066.56	2.16
2066.89	1.56
2067.21	1.84
2067.54	1.56
2067.87	1.16
2068.19	2.08
2068.52	2.08
2068.84	1.32
2069.17	2.08
2069.5	2.4
2069.82	1.92
2070.15	1.8
2070.48	2.32
2070.8	2
2071.13	2.04
2071.46	2.04
2071.78	2.92
2072.11	3.24
2072.43	2.68
2072.76	2.52
2073.09	1.96
2073.41	1.44
2073.74	1.12
2074.07	1.36
2074.39	1.4
2074.72	1.72
2075.04	1.92
2075.37	1.52
2075.7	1.6
2076.02	1.68
2076.35	1.6
2076.67	1.08
2077	1.24
2077.33	1.4
2077.65	1.12
2077.98	1.12
2078.3	1.36
2078.63	1.4
2078.95	1.24
2079.28	1.24
2079.61	0.68
2079.93	0.64
2080.26	0.8
2080.58	0.84
2080.91	0.96
2081.23	2.04
2081.56	2.12
2081.89	2.4
2082.21	2.12
2082.54	1.92
2082.86	1.32
2083.19	1.52
2083.51	0.76
2083.84	1.12
2084.16	1.32
2084.49	1.2
2084.81	0.96
2085.14	1.16
2085.46	1.04
2085.79	1.12
2086.12	1.12
2086.44	1.16
2086.77	1.76
2087.09	1.64
2087.42	1.36
2087.74	1.52
2088.07	1.36
2088.39	0.88
2088.72	1.36
2089.04	1.8
2089.37	2.04
2089.69	2.6
2090.02	2.4
2090.34	1.8
2090.67	1.56
2090.99	-1
2091.32	-1.72
2091.64	-1.84
2091.97	-1.36
2092.29	-1.4
2092.62	1.12
2092.94	1.8
2093.26	2.12
2093.59	2
2093.91	1.16
2094.24	0.84
2094.56	0.16
2094.89	0.04
2095.21	-0.28
2095.54	0.44
2095.86	0.6
2096.19	1
2096.51	0.92
2096.84	1.2
2097.16	1.24
2097.48	1.24
2097.81	1.36
2098.13	1.36
2098.46	0.68
2098.78	0.72
2099.11	0.8
2099.43	0.32
2099.75	0.2
2100.08	0.56
2100.4	0.72
2100.73	0.48
2101.05	0.52
2101.38	0.64
2101.7	0.76
2102.02	1
2102.35	0.96
2102.67	1.08
2103	0.96
2103.32	1.16
2103.64	0.84
2103.97	1.16
2104.29	1.4
2104.62	1.4
2104.94	1
2105.26	0.48
2105.59	0.4
2105.91	0.24
2106.23	0.44
2106.56	0.64
2106.88	1.52
2107.21	1.6
2107.53	1.76
2107.85	1.88
2108.18	1.68
2108.5	1.2
2108.82	1.2
2109.15	0.84
2109.47	0.8
2109.79	0.92
2110.12	0.88
2110.44	1.04
2110.76	1.24
2111.09	1.52
2111.41	1.64
2111.73	1.72
2112.06	1.24
2112.38	1.48
2112.7	0.4
2113.03	0.24
2113.35	0.56
2113.67	0.88
2114	0.72
2114.32	1.4
2114.64	1.4
2114.97	1
2115.29	0.76
2115.61	0.76
2115.94	1.04
2116.26	1.16
2116.58	1.24
2116.91	0.28
2117.23	-0.08
2117.55	-0.52
2117.87	-0.56
2118.2	-0.36
2118.52	0.68
2118.84	0.68
2119.17	0.76
2119.49	0.84
2119.81	1.44
2120.13	1.24
2120.46	1.6
2120.78	0.84
2121.1	0.8
2121.42	0.04
2121.75	0.12
2122.07	-0.24
2122.39	0.56
2122.72	0.68
2123.04	0.52
2123.36	1.08
2123.68	1.24
2124.01	1.32
2124.33	1.08
2124.65	1.76
2124.97	1.68
2125.29	1.64
2125.62	1.6
2125.94	1.92
2126.26	1.24
2126.58	0.96
2126.91	-0.16
2127.23	-0.12
2127.55	-0.16
2127.87	0.04
2128.2	0.2
2128.52	1.56
2128.84	1.8
2129.16	1.64
2129.48	1.68
2129.81	1.32
2130.13	1.08
2130.45	0.8
2130.77	1.2
2131.09	1.04
2131.42	1.12
2131.74	1.36
2132.06	1.28
2132.38	0.8
2132.7	0.96
2133.02	1.48
2133.35	1.36
2133.67	1.44
2133.99	1.72
2134.31	1
2134.63	0.64
2134.96	0.4
2135.28	0.44
2135.6	0.56
2135.92	1.04
2136.24	0.92
2136.56	1.08
2136.88	0.92
2137.21	1.12
2137.53	1.28
2137.85	1.2
2138.17	0.64
2138.49	0.92
2138.81	0.2
2139.13	0.16
2139.46	0.12
2139.78	0.84
2140.1	0.92
2140.42	1.04
2140.74	1.28
2141.06	1.28
2141.38	1.2
2141.7	1.72
2142.03	2.2
2142.35	2.24
2142.67	2.56
2142.99	2.6
2143.31	2
2143.63	1.72
2143.95	1.88
2144.27	1.6
2144.59	1.6
2144.91	1.24
2145.24	1.28
2145.56	0.76
2145.88	0.76
2146.2	0.6
2146.52	0.68
2146.84	0.44
2147.16	0.44
2147.48	0.36
2147.8	0.44
2148.12	0.48
2148.44	0.44
2148.76	0.56
2149.08	0.56
2149.41	0.6
2149.73	1.08
2150.05	1.4
2150.37	1.44
2150.69	1.44
2151.01	1.84
2151.33	2.16
2151.65	2.32
2151.97	2.24
2152.29	2.36
2152.61	1.6
2152.93	0.92
2153.25	0.92
2153.57	0.8
2153.89	0.64
2154.21	0.64
2154.53	0.84
2154.85	0.44
2155.17	0.88
2155.49	1.32
2155.81	1.6
2156.13	1.48
2156.45	1.76
2156.77	1.52
2157.09	1.68
2157.41	1.52
2157.73	1.24
2158.05	1.24
2158.37	1.36
2158.69	1
2159.01	1.16
2159.33	1.28
2159.65	1
2159.97	0.92
2160.29	0.8
2160.61	0.72
2160.93	0.6
2161.25	0.72
2161.57	0.48
2161.89	0.4
2162.21	0.44
2162.53	0.76
2162.85	0.32
2163.17	0.4
2163.49	0.92
2163.81	0.84
2164.13	0.52
2164.45	0.24
2164.77	0.52
2165.08	0.16
2165.4	0.24
2165.72	1.08
2166.04	1.52
2166.36	1.28
2166.68	1.2
2167	1.64
2167.32	0.96
2167.64	1.08
2167.96	1.68
2168.28	1.64
2168.6	1.2
2168.92	1.12
2169.24	1.08
2169.55	0.44
2169.87	0.52
2170.19	0.56
2170.51	1.12
2170.83	1.12
2171.15	1.6
2171.47	1.6
2171.79	1.52
2172.11	0.88
2172.43	0.96
2172.74	0.52
2173.06	0.52
2173.38	0.44
2173.7	0.52
2174.02	0.56
2174.34	0.72
2174.66	0.56
2174.98	0.72
2175.29	0.68
2175.61	0.92
2175.93	0.64
2176.25	0.72
2176.57	0.8
2176.89	1.2
2177.21	1.16
2177.52	1.32
2177.84	1.44
2178.16	1.2
2178.48	0.76
2178.8	0.36
2179.12	0.32
2179.43	0.2
2179.75	-0.48
2180.07	-0.2
2180.39	-0.08
2180.71	0.12
2181.03	0.12
2181.34	0.88
2181.66	0.6
2181.98	0.88
2182.3	0.56
2182.62	0.92
2182.93	0.72
2183.25	0.88
2183.57	0.96
2183.89	1.08
2184.21	0.76
2184.52	1.04
2184.84	1.16
2185.16	0.68
2185.48	0.6
2185.8	0.48
2186.11	0.32
2186.43	0.48
2186.75	0.76
2187.07	0.36
2187.39	0.68
2187.7	1.04
2188.02	0.08
2188.34	-0.04
2188.66	0.36
2188.97	0.28
2189.29	-0.08
2189.61	0.48
2189.93	0.4
2190.24	0.48
2190.56	0.52
2190.88	1
2191.2	1.08
2191.51	1.44
2191.83	1.48
2192.15	1.2
2192.47	0.88
2192.78	0.92
2193.1	0.56
2193.42	0.52
2193.74	0.8
2194.05	0.8
2194.37	1.2
2194.69	1.36
2195	0.84
2195.32	0.64
2195.64	0.56
2195.96	0.08
2196.27	-0.08
2196.59	-0.28
2196.91	-0.36
2197.22	-0.44
2197.54	-0.48
2197.86	-0.56
2198.18	0.08
2198.49	0.24
2198.81	0.4
2199.13	0.48
2199.44	0.64
2199.76	0.6
2200.08	0.48
2200.39	0.6
2200.71	0.88
2201.03	0.8
2201.34	1.48
2201.66	1.44
2201.98	1.2
2202.29	1.36
2202.61	1.28
2202.93	0.76
2203.24	0.96
2203.56	1.24
2203.88	0.72
2204.19	0.72
2204.51	0.64
2204.83	0.44
2205.14	0.16
2205.46	0.12
2205.78	0.12
2206.09	0.08
2206.41	0.08
2206.72	0.4
2207.04	0.44
2207.36	0.28
2207.67	0.28
2207.99	0.32
2208.31	0.24
2208.62	0.36
2208.94	0.8
2209.25	0.76
2209.57	0.92
2209.89	0.8
2210.2	0.76
2210.52	0.52
2210.83	0.56
2211.15	0.64
2211.47	0.48
2211.78	0.4
2212.1	0.08
2212.41	0.8
2212.73	0.6
2213.05	0.68
2213.36	0.8
2213.68	1.44
2213.99	0.8
2214.31	1.48
2214.62	1.44
2214.94	1.28
2215.26	0.96
2215.57	0.84
2215.89	0.08
2216.2	0.12
2216.52	0.2
2216.83	0.24
2217.15	0.36
2217.46	0.44
2217.78	0.52
2218.1	0.48
2218.41	0.84
2218.73	0.76
2219.04	0.68
2219.36	0.52
2219.67	0.64
2219.99	0.36
2220.3	0.32
2220.62	0.36
2220.93	0.52
2221.25	0.56
2221.56	0.8
2221.88	0.84
2222.19	0.8
2222.51	0.72
2222.82	-0.88
2223.14	-1.28
2223.45	-1.32
2223.77	-1.16
2224.08	-1.08
2224.4	0.6
2224.71	0.84
2225.03	0.88
2225.34	0.72
2225.66	-0.36
2225.97	-0.64
2226.29	-0.88
2226.6	-0.72
2226.92	-0.52
2227.23	0.8
2227.55	0.8
2227.86	0.8
2228.18	0.88
2228.49	0.88
2228.81	0.48
2229.12	0.6
2229.44	0.68
2229.75	0.4
2230.07	0.32
2230.38	0.32
2230.69	0.48
2231.01	0.8
2231.32	1.08
2231.64	1.2
2231.95	1.2
2232.27	1
2232.58	0.84
2232.9	0.6
2233.21	0.36
2233.52	0.4
2233.84	0.4
2234.15	0.32
2234.47	0.96
2234.78	0.96
2235.1	1.08
2235.41	1
2235.72	0.88
2236.04	0.28
2236.35	0.28
2236.67	-0.4
2236.98	-0.36
2237.29	-0.4
2237.61	-0.48
2237.92	-0.2
2238.24	0.6
2238.55	0.76
2238.86	0.8
2239.18	0.92
2239.49	-0.08
2239.8	-0.2
2240.12	0.12
2240.43	0.08
2240.75	0.12
2241.06	0.84
2241.37	1
2241.69	0.64
2242	0.72
2242.31	0.56
2242.63	0.56
2242.94	0.4
2243.26	-0.2
2243.57	-0.28
2243.88	-0.12
2244.2	-0.12
2244.51	-0.24
2244.82	0.2
2245.14	0.24
2245.45	0.36
2245.76	0.44
2246.08	0.4
2246.39	0.92
2246.7	0.96
2247.02	1.56
2247.33	1.48
2247.64	1.52
2247.96	1.28
2248.27	1.28
2248.58	-0.52
2248.9	-0.52
2249.21	-0.36
2249.52	-0.36
2249.83	-0.12
2250.15	1.08
2250.46	1.12
2250.77	0.96
2251.09	0.68
2251.4	0.36
2251.71	0.24
2252.03	0.2
2252.34	0.2
2252.65	0.44
2252.96	0.48
2253.28	0.32
2253.59	0.32
2253.9	0.72
2254.21	0.76
2254.53	0.72
2254.84	0.36
2255.15	0.68
2255.47	0.24
2255.78	0.24
2256.09	0.4
2256.4	1.12
2256.72	0.84
2257.03	0.92
2257.34	1.52
2257.65	1.44
2257.97	1.16
2258.28	1.12
2258.59	1.36
2258.9	0.6
2259.22	0.52
2259.53	0.52
2259.84	0.52
2260.15	0.2
2260.46	0.72
2260.78	1.08
2261.09	1.04
2261.4	1.24
2261.71	1.4
2262.03	0.88
2262.34	0.76
2262.65	0.76
2262.96	0.56
2263.27	0.56
2263.59	0.56
2263.9	1.2
2264.21	1.48
2264.52	1.68
2264.83	2.08
2265.15	2.08
2265.46	1.2
2265.77	1.36
2266.08	1.2
2266.39	0.64
2266.7	0.64
2267.02	0.68
2267.33	-0.12
2267.64	-0.08
2267.95	-0.08
2268.26	-0.2
2268.57	-0.12
2268.89	0.36
2269.2	0.4
2269.51	0.4
2269.82	0.4
2270.13	0.72
2270.44	1.04
2270.76	0.52
2271.07	0.52
2271.38	-0.08
2271.69	-0.28
2272	-0.72
2272.31	-0.24
2272.62	-0.92
2272.93	-0.12
2273.25	-0.36
2273.56	-0.36
2273.87	-0.04
2274.18	1.16
2274.49	1.16
2274.8	1.32
2275.11	1.76
2275.42	1.6
2275.74	1.44
2276.05	1.24
2276.36	1.32
2276.67	0.84
2276.98	0.96
2277.29	1.4
2277.6	1.52
2277.91	1.48
2278.22	1.08
2278.53	0.8
2278.85	0.08
2279.16	-0.92
2279.47	-0.88
2279.78	-0.44
2280.09	-0.52
2280.4	-0.6
2280.71	0.6
2281.02	0.36
2281.33	0.44
2281.64	0.68
2281.95	0.96
2282.26	0.64
2282.57	0.64
2282.88	0.52
2283.19	0.44
2283.5	0.2
2283.82	0.28
2284.13	0.32
2284.44	0.88
2284.75	0.12
2285.06	0.12
2285.37	0.24
2285.68	0.24
2285.99	-0.2
2286.3	0.76
2286.61	0.84
2286.92	0.72
2287.23	0.68
2287.54	0.56
2287.85	0.48
2288.16	0.44
2288.47	0.4
2288.78	0.72
2289.09	0.72
2289.4	0.84
2289.71	0.76
2290.02	0.76
2290.33	0.44
2290.64	0.48
2290.95	0.16
2291.26	0.56
2291.57	1.12
2291.88	0.72
2292.19	0.68
2292.5	0.6
2292.81	0.2
2293.12	-0.4
2293.43	0
2293.74	0
2294.05	0
2294.36	0
2294.67	0
2294.98	0
2295.29	0
2295.6	0
2295.91	0
2296.21	0
2296.52	0
2296.83	0
2297.14	0
2297.45	0
2297.76	0
2298.07	0
2298.38	0
2298.69	0
2299	0
2299.31	0
2299.62	0
2299.93	0
2300.24	0
2300.55	0
2300.85	0
2301.16	0
2301.47	0
2301.78	0
2302.09	0
2302.4	0
2302.71	0
2303.02	0
2303.33	0
2303.64	0
2303.94	0
2304.25	0
2304.56	0
2304.87	0
2305.18	0
2305.49	0
2305.8	0
2306.11	0
2306.42	0
2306.72	0
2307.03	0
2307.34	0
2307.65	0
2307.96	0
2308.27	0
2308.58	0
2308.88	0
2309.19	0
2309.5	0
2309.81	0
2310.12	0
2310.43	0
2310.74	0
2311.04	0
2311.35	0
2311.66	0
2311.97	0
2312.28	0
2312.59	0
2312.89	0
2313.2	0
2313.51	0
2313.82	0
2314.13	0
2314.43	0
2314.74	0
2315.05	0
2315.36	0
2315.67	0
2315.97	0
2316.28	0
2316.59	0
2316.9	0
2317.21	0
2317.51	0
2317.82	0
2318.13	0
2318.44	0
2318.75	0
2319.05	0
2319.36	0
2319.67	0
2319.98	0
2320.28	0
2320.59	0
2320.9	0
2321.21	0
2321.51	0
2321.82	0
2322.13	0
2322.44	0
2322.74	0
2323.05	0
2323.36	0
2323.67	0
2323.97	0
2324.28	0
2324.59	0
2324.9	0
2325.2	0
2325.51	0
2325.82	0
2326.13	0
2326.43	0
2326.74	0
2327.05	0
2327.35	0
2327.66	0
2327.97	0
2328.27	0
2328.58	0
2328.89	0
2329.2	0
2329.5	0
2329.81	0
2330.12	0
2330.42	0
2330.73	0
2331.04	0
2331.34	0
2331.65	0
2331.96	0
2332.26	0
2332.57	0
2332.88	0
2333.18	0
2333.49	0
2333.8	0
2334.1	0
2334.41	0
2334.72	0
2335.02	0
2335.33	0
2335.64	0
2335.94	0
2336.25	0
2336.56	0
2336.86	0
2337.17	0
2337.48	0
2337.78	0
2338.09	0
2338.39	0
2338.7	0
2339.01	0
2339.31	0
2339.62	0
2339.93	0
2340.23	0
2340.54	0
2340.84	0
2341.15	0
2341.46	0
2341.76	0
2342.07	0
2342.37	0
2342.68	0
2342.99	0
2343.29	0
2343.6	0
2343.9	0
2344.21	0
2344.51	0
2344.82	0
2345.13	0
2345.43	0
2345.74	0
2346.04	0
2346.35	0
2346.65	0
2346.96	0
2347.27	0
2347.57	0
2347.88	0
2348.18	0
2348.49	0
2348.79	0
2349.1	0
2349.4	0
2349.71	0
2350.01	0
2350.32	0
2350.63	0
2350.93	0
2351.24	0
2351.54	0
2351.85	0
2352.15	0
2352.46	0
2352.76	0
2353.07	0
2353.37	0
2353.68	0
2353.98	0
2354.29	0
2354.59	0
2354.9	0
2355.2	0
2355.51	0
2355.81	0
2356.12	0
2356.42	0
2356.73	0
2357.03	0
2357.34	0
2357.64	0
2357.95	0
2358.25	0
2358.55	0
2358.86	0
2359.16	0
2359.47	0
2359.77	0
2360.08	0
2360.38	0
2360.69	0
2360.99	0
2361.3	0
2361.6	0
2361.9	0
2362.21	0
2362.51	0
2362.82	0
2363.12	0
2363.43	0
2363.73	0
2364.04	0
2364.34	0
2364.64	0
2364.95	0
2365.25	0
2365.56	0
2365.86	0
2366.16	0
2366.47	0
2366.77	0
2367.08	0
2367.38	0
2367.68	0
2367.99	0
2368.29	0
2368.6	0
2368.9	0
2369.2	0
2369.51	0
2369.81	0
2370.12	0
2370.42	0
2370.72	0
2371.03	0
2371.33	0
2371.63	0
2371.94	0
2372.24	0
2372.55	0
2372.85	0
2373.15	0
2373.46	0
2373.76	0
2374.06	0
2374.37	0
2374.67	0
2374.97	0
2375.28	0
2375.58	0
2375.88	0
2376.19	0
2376.49	0
2376.79	0
2377.1	0
2377.4	0
2377.7	0
2378.01	0
2378.31	0
2378.61	0
2378.92	0
2379.22	0
2379.52	0
2379.82	0
2380.13	0
2380.43	0
2380.73	0
2381.04	0
2381.34	0
2381.64	0
2381.95	0
2382.25	0
2382.55	0
2382.85	0
2383.16	0
2383.46	0
2383.76	0
2384.06	0
2384.37	0
2384.67	0
2384.97	0
2385.28	0
2385.58	0
2385.88	0
2386.18	0
2386.49	0
2386.79	0
2387.09	0
2387.39	0
2387.69	0
2388	0
2388.3	0
2388.6	0
2388.9	0
2389.21	0
2389.51	0
2389.81	0
2390.11	0
2390.42	0
2390.72	0
2391.02	0
2391.32	0
2391.62	0
2391.93	0
2392.23	0
2392.53	0
2392.83	0
2393.13	0
2393.44	0
2393.74	0
2394.04	0
2394.34	0
2394.64	0
2394.95	0
2395.25	0
2395.55	0
2395.85	0
2396.15	0
2396.45	0
2396.76	0
2397.06	0
2397.36	0
2397.66	0
2397.96	0
2398.26	0
2398.57	0
2398.87	0
2399.17	0
2399.47	0
2399.77	0
2400.07	0
2400.37	0
2400.68	0
2400.98	0
2401.28	0
2401.58	0
2401.88	0
2402.18	0
2402.48	0
2402.79	0
2403.09	0
2403.39	0
2403.69	0
2403.99	0
2404.29	0
2404.59	0
2404.89	0
2405.19	0
2405.5	0
2405.8	0
2406.1	0
2406.4	0
2406.7	0
2407	0
2407.3	0
2407.6	0
2407.9	0
2408.2	0
2408.5	0
2408.8	0
2409.11	0
2409.41	0
2409.71	0
2410.01	0
2410.31	0
2410.61	0
2410.91	0
2411.21	0
2411.51	0
2411.81	0
2412.11	0
2412.41	0
2412.71	0
2413.01	0
2413.31	0
2413.61	0
2413.91	0
2414.21	0
2414.51	0
2414.81	0
2415.12	0
2415.42	0
2415.72	0
2416.02	0
2416.32	0
2416.62	0
2416.92	0
2417.22	0
2417.52	0
2417.82	0
2418.12	0
2418.42	0
2418.72	0
2419.02	0
2419.32	0
2419.62	0
2419.92	0
2420.22	0
2420.52	0
2420.82	0
2421.12	0
2421.42	0
2421.71	0
2422.01	0
2422.31	0
2422.61	0
2422.91	0
2423.21	0
2423.51	0
2423.81	0
2424.11	0
2424.41	0
2424.71	0
2425.01	0
2425.31	0
2425.61	0
2425.91	0
2426.21	0
2426.51	0
2426.81	0
2427.11	0
2427.41	0
2427.7	0
2428	0
2428.3	0
2428.6	0
2428.9	0
2429.2	0
2429.5	0
2429.8	0
2430.1	0
2430.4	0
2430.7	0
2430.99	0
2431.29	0
2431.59	0
2431.89	0
2432.19	0
2432.49	0
2432.79	0
2433.09	0
2433.39	0
2433.68	0
2433.98	0
2434.28	0
2434.58	0
2434.88	0
2435.18	0
2435.48	0
2435.78	0
2436.07	0
2436.37	0
2436.67	0
2436.97	0
2437.27	0
2437.57	0
2437.86	0
2438.16	0
2438.46	0
2438.76	0
2439.06	0
2439.36	0
2439.66	0
2439.95	0
2440.25	0
2440.55	0
2440.85	0
2441.15	0
2441.44	0
2441.74	0
2442.04	0
2442.34	0
2442.64	0
2442.93	0
2443.23	0
2443.53	0
2443.83	0
2444.13	0
2444.42	0
2444.72	0
2445.02	0
2445.32	0
2445.62	0
2445.91	0
2446.21	0
2446.51	0
2446.81	0
2447.1	0
2447.4	0
2447.7	0
2448	0
2448.3	0
2448.59	0
2448.89	0
2449.19	0
2449.49	0
2449.78	0
2450.08	0
2450.38	0
2450.68	0
2450.97	0
2451.27	0
2451.57	0
2451.87	0
2452.16	0
2452.46	0
2452.76	0
2453.05	0
2453.35	0
2453.65	0
2453.95	0
2454.24	0
2454.54	0
2454.84	0
2455.13	0
2455.43	0
2455.73	0
2456.03	0
2456.32	0
2456.62	0
2456.92	0
2457.21	0
2457.51	0
2457.81	0
2458.1	0
2458.4	0
2458.7	0
2458.99	0
2459.29	0
2459.59	0
2459.88	0
2460.18	0
2460.48	0
2460.77	0
2461.07	0
2461.37	0
2461.66	0
2461.96	0
2462.26	0
2462.55	0
2462.85	0
2463.15	0
2463.44	0
2463.74	0
2464.04	0
2464.33	0
2464.63	0
2464.92	0
2465.22	0
2465.52	0
2465.81	0
2466.11	0
2466.41	0
2466.7	0
2467	0
2467.29	0
2467.59	0
2467.89	0
2468.18	0
2468.48	0
2468.77	0
2469.07	0
2469.37	0
2469.66	0
2469.96	0
2470.25	0
2470.55	0
2470.84	0
2471.14	0
2471.44	0
2471.73	0
2472.03	0
2472.32	0
2472.62	0
2472.91	0
2473.21	0
2473.51	0
2473.8	0
2474.1	0
2474.39	0
2474.69	0
2474.98	0
2475.28	0
2475.57	0
2475.87	0
2476.17	0
2476.46	0
2476.76	0
2477.05	0
2477.35	0
2477.64	0
2477.94	0
2478.23	0
2478.53	0
2478.82	0
2479.12	0
2479.41	0
2479.71	0
2480	0
2480.3	0
2480.59	0
2480.89	0
2481.18	0
2481.48	0
2481.77	0
2482.07	0
2482.36	0
2482.66	0
2482.95	0
2483.25	0
2483.54	0
2483.84	0
2484.13	0
2484.43	0
2484.72	0
2485.02	0
2485.31	0
2485.6	0
2485.9	0
2486.19	0
2486.49	0
2486.78	0
2487.08	0
2487.37	0
2487.67	0
2487.96	0
2488.26	0
2488.55	0
2488.84	0
2489.14	0
2489.43	0
2489.73	0
2490.02	0
2490.32	0
2490.61	0
2490.9	0
2491.2	0
2491.49	0
2491.79	0
2492.08	0
2492.37	0
2492.67	0
2492.96	0
2493.26	0
2493.55	0
2493.84	0
2494.14	0
2494.43	0
2494.73	0
2495.02	0
2495.31	0
2495.61	0
2495.9	0
2496.2	0
2496.49	0
2496.78	0
2497.08	0
2497.37	0
2497.66	0
2497.96	0
2498.25	0
2498.54	0
2498.84	0
2499.13	0
2499.43	0
2499.72	0
2500.01	0
2500.31	0
2500.6	0
2500.89	0
2501.19	0
2501.48	0
2501.77	0
2502.07	0
2502.36	0
2502.65	0
2502.95	0
2503.24	0
2503.53	0
2503.82	0
2504.12	0
2504.41	0
2504.7	0
2505	0
2505.29	0
2505.58	0
2505.88	0
2506.17	0
2506.46	0
2506.76	0
2507.05	0
2507.34	0
2507.63	0
2507.93	0
2508.22	0
2508.51	0
2508.8	0
2509.1	0
2509.39	0
2509.68	0
2509.98	0
2510.27	0
2510.56	0
2510.85	0
2511.15	0
2511.44	0
2511.73	0
2512.02	0
2512.32	0
2512.61	0
2512.9	0
2513.19	0
2513.49	0
2513.78	0
2514.07	0
2514.36	0
2514.65	0
2514.95	0
2515.24	0
2515.53	0
2515.82	0
2516.12	0
2516.41	0
2516.7	0
2516.99	0
2517.28	0
2517.58	0
2517.87	0
2518.16	0
2518.45	0
2518.74	0
2519.04	0
2519.33	0
2519.62	0
2519.91	0
2520.2	0
2520.5	0
2520.79	0
2521.08	0
2521.37	0
2521.66	0
2521.95	0
2522.25	0
2522.54	0
2522.83	0
2523.12	0
2523.41	0
2523.7	0
2523.99	0
2524.29	0
2524.58	0
2524.87	0
2525.16	0
2525.45	0
2525.74	0
2526.03	0
2526.33	0
2526.62	0
2526.91	0
2527.2	0
2527.49	0
2527.78	0
2528.07	0
2528.36	0
2528.66	0
2528.95	0
2529.24	0
2529.53	0
2529.82	0
2530.11	0
2530.4	0
2530.69	0
2530.98	0
2531.27	0
2531.57	0
2531.86	0
2532.15	0
2532.44	0
2532.73	0
2533.02	0
2533.31	0
2533.6	0
2533.89	0
2534.18	0
2534.47	0
2534.76	0
2535.05	0
2535.35	0
2535.64	0
2535.93	0
2536.22	0
2536.51	0
2536.8	0
2537.09	0
2537.38	0
2537.67	0
2537.96	0
2538.25	0
2538.54	0
2538.83	0
2539.12	0
2539.41	0
2539.7	0
2539.99	0
2540.28	0
2540.57	0
2540.86	0
2541.15	0
2541.44	0
2541.73	0
2542.02	0
2542.31	0
2542.6	0
2542.89	0
2543.18	0
2543.47	0
2543.76	0
2544.05	0
2544.34	0
2544.63	0
2544.92	0
2545.21	0
2545.5	0
2545.79	0
2546.08	0
2546.37	0
2546.66	0
2546.95	0
2547.24	0
2547.53	0
2547.82	0
2548.11	0
2548.4	0
2548.69	0
2548.98	0
2549.27	0
2549.55	0
2549.84	0
2550.13	0
2550.42	0
2550.71	0
2551	0
2551.29	0
2551.58	0
2551.87	0
2552.16	0
2552.45	0
2552.74	0
2553.03	0
2553.31	0
2553.6	0
2553.89	0
2554.18	0
2554.47	0
2554.76	0
2555.05	0
2555.34	0
2555.63	0
2555.92	0
2556.2	0
2556.49	0
2556.78	0
2557.07	0
2557.36	0
2557.65	0
2557.94	0
2558.23	0
2558.51	0
2558.8	0
2559.09	0
2559.38	0
2559.67	0
2559.96	0
2560.25	0
2560.53	0
2560.82	0
2561.11	0
2561.4	0
2561.69	0
2561.98	0
2562.27	0
2562.55	0
2562.84	0
2563.13	0
2563.42	0
2563.71	0
2564	0
2564.28	0
2564.57	0
2564.86	0
2565.15	0
2565.44	0
2565.72	0
2566.01	0
2566.3	0
2566.59	0
2566.88	0
2567.16	0
2567.45	0
2567.74	0
2568.03	0
2568.32	0
2568.6	0
2568.89	0
2569.18	0
2569.47	0
2569.75	0

