Source: Spectrum Viewer

Chart: Pulse Spectrum

Series: 
Wavelength (nm)	S (a.u.)
1179.9	0
1180.29	0
1180.68	0
1181.06	0
1181.45	0
1181.83	0
1182.22	0
1182.6	0
1182.99	0
1183.38	0
1183.76	0
1184.15	0
1184.53	0
1184.92	0
1185.3	0
1185.69	0
1186.07	0
1186.46	0
1186.85	0
1187.23	0
1187.62	0
1188	0
1188.39	0
1188.77	0
1189.16	0
1189.54	0
1189.93	0
1190.31	0
1190.7	0
1191.08	0
1191.47	0
1191.85	0
1192.24	0
1192.62	0
1193.01	0
1193.39	0
1193.78	0
1194.16	0
1194.55	0
1194.93	0
1195.32	0
1195.7	0
1196.09	0
1196.47	0
1196.86	0
1197.24	0
1197.63	0
1198.01	0
1198.4	0
1198.78	0
1199.16	0
1199.55	0
1199.93	0
1200.32	0
1200.7	0
1201.09	0
1201.47	0
1201.86	0
1202.24	0
1202.63	0
1203.01	0
1203.39	0
1203.78	0
1204.16	0
1204.55	0
1204.93	0
1205.32	0
1205.7	0
1206.08	0
1206.47	0
1206.85	0
1207.24	0
1207.62	0
1208	0
1208.39	0
1208.77	0
1209.16	0
1209.54	0
1209.92	0
1210.31	0
1210.69	0
1211.08	0
1211.46	0
1211.84	0
1212.23	0
1212.61	0
1213	0
1213.38	0
1213.76	0
1214.15	0
1214.53	0
1214.91	0
1215.3	0
1215.68	0
1216.06	0
1216.45	0
1216.83	0
1217.22	0
1217.6	0
1217.98	0
1218.37	0
1218.75	0
1219.13	0
1219.52	0
1219.9	0
1220.28	0
1220.67	0
1221.05	0
1221.43	0
1221.82	0
1222.2	0
1222.58	0
1222.97	0
1223.35	0
1223.73	0
1224.11	0
1224.5	0
1224.88	0
1225.26	0
1225.65	0
1226.03	0
1226.41	0
1226.8	0
1227.18	0
1227.56	0
1227.94	0
1228.33	0
1228.71	0
1229.09	0
1229.47	0
1229.86	0
1230.24	0
1230.62	0
1231.01	0
1231.39	0
1231.77	0
1232.15	0
1232.54	0
1232.92	0
1233.3	0
1233.68	0
1234.07	0
1234.45	0
1234.83	0
1235.21	0
1235.6	0
1235.98	0
1236.36	0
1236.74	0
1237.12	0
1237.51	0
1237.89	0
1238.27	0
1238.65	0
1239.04	0
1239.42	0
1239.8	0
1240.18	0
1240.56	0
1240.95	0
1241.33	0
1241.71	0
1242.09	0
1242.47	0
1242.86	0
1243.24	0
1243.62	0
1244	0
1244.38	0
1244.77	0
1245.15	0
1245.53	0
1245.91	0
1246.29	0
1246.67	0
1247.06	0
1247.44	0
1247.82	0
1248.2	0
1248.58	0
1248.96	0
1249.34	0
1249.73	0
1250.11	0
1250.49	0
1250.87	0
1251.25	0
1251.63	0
1252.01	0
1252.4	0
1252.78	0
1253.16	0
1253.54	0
1253.92	0
1254.3	0
1254.68	0
1255.06	0
1255.45	0
1255.83	0
1256.21	0
1256.59	0
1256.97	0
1257.35	0
1257.73	0
1258.11	0
1258.49	0
1258.87	0
1259.26	0
1259.64	0
1260.02	0
1260.4	0
1260.78	0
1261.16	0
1261.54	0
1261.92	0
1262.3	0
1262.68	0
1263.06	0
1263.44	0
1263.82	0
1264.21	0
1264.59	0
1264.97	0
1265.35	0
1265.73	0
1266.11	0
1266.49	0
1266.87	0
1267.25	0
1267.63	0
1268.01	0
1268.39	0
1268.77	0
1269.15	0
1269.53	0
1269.91	0
1270.29	0
1270.67	0
1271.05	0
1271.43	0
1271.81	0
1272.19	0
1272.57	0
1272.95	0
1273.33	0
1273.71	0
1274.09	0
1274.47	0
1274.85	0
1275.23	0
1275.61	0
1275.99	0
1276.37	0
1276.75	0
1277.13	0
1277.51	0
1277.89	0
1278.27	0
1278.65	0
1279.03	0
1279.41	0
1279.79	0
1280.17	0
1280.55	0
1280.93	0
1281.31	0
1281.69	0
1282.07	0
1282.45	0
1282.82	0
1283.2	0
1283.58	0
1283.96	0
1284.34	0
1284.72	0
1285.1	0
1285.48	0
1285.86	0
1286.24	0
1286.62	0
1287	0
1287.38	0
1287.75	0
1288.13	0
1288.51	0
1288.89	0
1289.27	0
1289.65	0
1290.03	0
1290.41	0
1290.79	0
1291.17	0
1291.54	0
1291.92	0
1292.3	0
1292.68	0
1293.06	0
1293.44	0
1293.82	0
1294.2	0
1294.57	0
1294.95	0
1295.33	0
1295.71	0
1296.09	0
1296.47	0
1296.85	0
1297.22	0
1297.6	0
1297.98	0
1298.36	0
1298.74	0
1299.12	0
1299.5	0
1299.87	0
1300.25	0
1300.63	0
1301.01	0
1301.39	0
1301.77	0
1302.14	0
1302.52	0
1302.9	0
1303.28	0
1303.66	0
1304.03	0
1304.41	0
1304.79	0
1305.17	0
1305.55	0
1305.92	0
1306.3	0
1306.68	0
1307.06	0
1307.44	0
1307.81	0
1308.19	0
1308.57	0
1308.95	0
1309.32	0
1309.7	0
1310.08	0
1310.46	0
1310.84	0
1311.21	0
1311.59	0
1311.97	0
1312.35	0
1312.72	0
1313.1	0
1313.48	0
1313.86	0
1314.23	0
1314.61	0
1314.99	0
1315.37	0
1315.74	0
1316.12	0
1316.5	0
1316.87	0
1317.25	0
1317.63	0
1318.01	0
1318.38	0
1318.76	0
1319.14	0
1319.52	0
1319.89	0
1320.27	0
1320.65	0
1321.02	0
1321.4	0
1321.78	0
1322.15	0
1322.53	0
1322.91	0
1323.29	0
1323.66	0
1324.04	0
1324.42	0
1324.79	0
1325.17	0
1325.55	0
1325.92	0
1326.3	0
1326.68	0
1327.05	0
1327.43	0
1327.81	0
1328.18	0
1328.56	0
1328.94	0
1329.31	0
1329.69	0
1330.06	0
1330.44	0
1330.82	0
1331.19	0
1331.57	0
1331.95	0
1332.32	0
1332.7	0
1333.08	0
1333.45	0
1333.83	0
1334.2	0
1334.58	0
1334.96	0
1335.33	0
1335.71	0
1336.08	0
1336.46	0
1336.84	0
1337.21	0
1337.59	0
1337.96	0
1338.34	0
1338.72	0
1339.09	0
1339.47	0
1339.84	0
1340.22	0
1340.6	0
1340.97	0
1341.35	0
1341.72	0
1342.1	0
1342.47	0
1342.85	0
1343.23	0
1343.6	0
1343.98	0
1344.35	0
1344.73	0
1345.1	0
1345.48	0
1345.85	0
1346.23	0
1346.61	0
1346.98	0
1347.36	0
1347.73	0
1348.11	0
1348.48	0
1348.86	0
1349.23	0
1349.61	0
1349.98	0
1350.36	0
1350.73	0
1351.11	0
1351.48	0
1351.86	0
1352.23	0
1352.61	0
1352.98	0
1353.36	0
1353.73	0
1354.11	0
1354.48	0
1354.86	0
1355.23	0
1355.61	0
1355.98	0
1356.36	0
1356.73	0
1357.11	0
1357.48	0
1357.86	0
1358.23	0
1358.61	0
1358.98	0
1359.35	0
1359.73	0
1360.1	0
1360.48	0
1360.85	0
1361.23	0
1361.6	0
1361.98	0
1362.35	0
1362.72	0
1363.1	0
1363.47	0
1363.85	0
1364.22	0
1364.6	0
1364.97	0
1365.34	0
1365.72	0
1366.09	0
1366.47	0
1366.84	0
1367.22	0
1367.59	0
1367.96	0
1368.34	0
1368.71	0
1369.09	0
1369.46	-1
1369.83	-0.88
1370.21	-0.8
1370.58	-0.68
1370.96	-0.64
1371.33	0.36
1371.7	0.48
1372.08	0.72
1372.45	0.6
1372.82	0.56
1373.2	0.56
1373.57	0.32
1373.95	0.08
1374.32	0.44
1374.69	0.72
1375.07	0.72
1375.44	1.24
1375.81	1.36
1376.19	1
1376.56	0.92
1376.93	1.2
1377.31	0.8
1377.68	0.6
1378.05	1
1378.43	0.8
1378.8	0.56
1379.17	0.52
1379.55	0.52
1379.92	0.16
1380.29	0.16
1380.67	0.36
1381.04	0.32
1381.41	0.56
1381.79	0.72
1382.16	0.76
1382.53	0.52
1382.91	-0.44
1383.28	-0.68
1383.65	-0.6
1384.03	-0.36
1384.4	-0.32
1384.77	0.64
1385.14	0.68
1385.52	0.64
1385.89	0.44
1386.26	0.4
1386.64	0.36
1387.01	0.32
1387.38	0.08
1387.75	0.08
1388.13	0.24
1388.5	0.32
1388.87	0.32
1389.25	0.32
1389.62	0.12
1389.99	-0.08
1390.36	-0.16
1390.74	-0.12
1391.11	0.12
1391.48	0.28
1391.85	0.44
1392.23	0.48
1392.6	0.44
1392.97	0.32
1393.34	0.52
1393.72	0.64
1394.09	0.92
1394.46	1.6
1394.83	1.64
1395.21	1.6
1395.58	1.88
1395.95	1.88
1396.32	1.2
1396.69	1.04
1397.07	1.16
1397.44	0.64
1397.81	0.32
1398.18	0.4
1398.55	0.68
1398.93	0.4
1399.3	0.44
1399.67	0.44
1400.04	0.72
1400.41	0.64
1400.79	0.6
1401.16	0.8
1401.53	0.88
1401.9	0.72
1402.27	0.52
1402.65	0.64
1403.02	0.44
1403.39	0.36
1403.76	-0.24
1404.13	-0.12
1404.51	-0.16
1404.88	-0.2
1405.25	0.04
1405.62	0.48
1405.99	0.36
1406.36	0.36
1406.74	0.6
1407.11	0.52
1407.48	0.48
1407.85	-0.6
1408.22	-0.64
1408.59	-0.72
1408.96	-0.32
1409.34	-0.28
1409.71	1.04
1410.08	1.08
1410.45	0.92
1410.82	0.64
1411.19	0.6
1411.56	0.76
1411.93	0.68
1412.31	0.68
1412.68	0.6
1413.05	0.64
1413.42	0.52
1413.79	0.56
1414.16	0.84
1414.53	0.88
1414.9	0.8
1415.27	0.52
1415.65	0.84
1416.02	0.8
1416.39	0.56
1416.76	0.64
1417.13	0.64
1417.5	0.68
1417.87	0.6
1418.24	0.6
1418.61	0.84
1418.98	0.84
1419.35	0.52
1419.73	0.36
1420.1	0.44
1420.47	0.2
1420.84	0.36
1421.21	0.6
1421.58	0.88
1421.95	0.8
1422.32	0.88
1422.69	0.76
1423.06	0.64
1423.43	0.68
1423.8	0.88
1424.17	0.76
1424.54	0.84
1424.91	0.72
1425.28	0.4
1425.65	0.28
1426.02	0.64
1426.39	0.92
1426.76	0.32
1427.14	0.4
1427.51	0.4
1427.88	0.08
1428.25	-0.32
1428.62	0.28
1428.99	0.28
1429.36	0.2
1429.73	0.32
1430.1	0.32
1430.47	0.52
1430.84	0.64
1431.21	0.72
1431.58	0.72
1431.95	0.84
1432.32	0.36
1432.69	0.32
1433.06	0.6
1433.43	0.56
1433.8	0.44
1434.17	0.64
1434.54	0.8
1434.91	0.72
1435.28	0.6
1435.64	0.68
1436.01	0.32
1436.38	-4.21755e-17
1436.75	-0.24
1437.12	0.04
1437.49	-5.88417e-17
1437.86	0.36
1438.23	0.36
1438.6	0.32
1438.97	0.24
1439.34	0.2
1439.71	0.2
1440.08	0.28
1440.45	0.28
1440.82	-0.36
1441.19	-0.08
1441.56	0.04
1441.93	-5.19028e-17
1442.3	-5.19028e-17
1442.67	-0.96
1443.03	-1.24
1443.4	-1.24
1443.77	-1.28
1444.14	-1.28
1444.51	0.16
1444.88	0.16
1445.25	0.32
1445.62	0.6
1445.99	1
1446.36	0.96
1446.73	1.08
1447.09	1.16
1447.46	0.88
1447.83	0.48
1448.2	0.72
1448.57	0.72
1448.94	0.36
1449.31	0.4
1449.68	0.44
1450.05	0.32
1450.41	0.2
1450.78	-0.16
1451.15	-0.2
1451.52	-0.16
1451.89	0.24
1452.26	0.52
1452.63	1.16
1453	1.16
1453.36	1.24
1453.73	0.92
1454.1	0.96
1454.47	0.92
1454.84	0.96
1455.21	0.96
1455.57	0.36
1455.94	0.24
1456.31	0.12
1456.68	0.08
1457.05	-0.08
1457.42	0.48
1457.78	0.28
1458.15	0.76
1458.52	0.76
1458.89	1
1459.26	0.92
1459.63	0.92
1459.99	0.32
1460.36	0.32
1460.73	0.32
1461.1	0.24
1461.47	0.36
1461.83	0.64
1462.2	0.72
1462.57	0.48
1462.94	0.56
1463.31	1.12
1463.67	1.2
1464.04	0.92
1464.41	1.2
1464.78	0.6
1465.15	-0.08
1465.51	-0.44
1465.88	-0.16
1466.25	-0.4
1466.62	0.16
1466.98	0.2
1467.35	0.24
1467.72	0.2
1468.09	0.2
1468.46	0.24
1468.82	0.2
1469.19	0.24
1469.56	0.2
1469.93	0.16
1470.29	0.08
1470.66	0.16
1471.03	0.12
1471.4	0.2
1471.76	0.32
1472.13	0.36
1472.5	0.28
1472.86	0.28
1473.23	0.2
1473.6	0.12
1473.97	0.08
1474.33	0.2
1474.7	0.36
1475.07	0.36
1475.44	0.32
1475.8	0.24
1476.17	0.24
1476.54	0.24
1476.9	0.24
1477.27	0.24
1477.64	0.44
1478	0.48
1478.37	0.68
1478.74	0.72
1479.11	1.36
1479.47	1.48
1479.84	1.32
1480.21	1.12
1480.57	1.48
1480.94	0.96
1481.31	1.24
1481.67	1.24
1482.04	1.28
1482.41	1.12
1482.77	1.04
1483.14	0.56
1483.51	0.6
1483.87	0.36
1484.24	0.52
1484.61	0.52
1484.97	0.72
1485.34	1.04
1485.71	0.2
1486.07	0.24
1486.44	0.52
1486.81	0.28
1487.17	-0.08
1487.54	1
1487.9	0.64
1488.27	0.32
1488.64	0.32
1489	0.64
1489.37	0.68
1489.74	0.72
1490.1	0.72
1490.47	0.88
1490.83	0.68
1491.2	0.44
1491.57	0.36
1491.93	0.36
1492.3	0.44
1492.66	0.44
1493.03	0.64
1493.4	0.6
1493.76	0.8
1494.13	0.64
1494.49	0.64
1494.86	0.4
1495.23	0.44
1495.59	0.76
1495.96	-0.52
1496.32	-0.64
1496.69	-0.44
1497.06	-0.4
1497.42	-1.44
1497.79	-0.04
1498.15	0.04
1498.52	-0.16
1498.88	-0.08
1499.25	0.44
1499.62	-0.16
1499.98	-0.08
1500.35	0.08
1500.71	-0.08
1501.08	0.16
1501.44	0.56
1501.81	0.44
1502.17	0.76
1502.54	1.12
1502.9	0.88
1503.27	0.96
1503.64	1.16
1504	0.72
1504.37	0.4
1504.73	0.72
1505.1	0.96
1505.46	0.88
1505.83	0.84
1506.19	0.8
1506.56	0.52
1506.92	0.2
1507.29	0.28
1507.65	0.44
1508.02	0.6
1508.38	0.64
1508.75	0.84
1509.11	0.76
1509.48	0.6
1509.84	0.6
1510.21	0.52
1510.57	0.52
1510.94	0.4
1511.3	0.52
1511.67	0.44
1512.03	0.68
1512.4	0.52
1512.76	0.56
1513.13	-0.36
1513.49	-0.64
1513.85	-0.76
1514.22	-0.56
1514.58	-0.28
1514.95	0.6
1515.31	1.56
1515.68	1.48
1516.04	1.44
1516.41	1.08
1516.77	1.36
1517.14	1
1517.5	1.2
1517.86	1.16
1518.23	1.16
1518.59	0.8
1518.96	0.52
1519.32	0.48
1519.69	0.52
1520.05	0.52
1520.41	0.52
1520.78	0.52
1521.14	0.44
1521.51	0.28
1521.87	0.28
1522.24	0.64
1522.6	0.64
1522.96	0.72
1523.33	0.68
1523.69	0.68
1524.06	0.32
1524.42	0.2
1524.78	0
1525.15	0
1525.51	0.04
1525.88	0.04
1526.24	0.04
1526.6	0.28
1526.97	0.36
1527.33	0.52
1527.69	0.72
1528.06	0.88
1528.42	0.64
1528.79	0.56
1529.15	-0.4
1529.51	-0.52
1529.88	-0.6
1530.24	-0.44
1530.6	-0.4
1530.97	1.08
1531.33	1.12
1531.69	1.24
1532.06	1.48
1532.42	1.64
1532.78	0.92
1533.15	1
1533.51	1
1533.87	0.84
1534.24	0.68
1534.6	0.84
1534.96	0.76
1535.33	0.56
1535.69	0.4
1536.05	0.6
1536.42	0.44
1536.78	0.6
1537.14	0.68
1537.51	0.6
1537.87	0.52
1538.23	0.72
1538.6	0.48
1538.96	0.52
1539.32	0.52
1539.68	0.84
1540.05	0.76
1540.41	0.72
1540.77	0.6
1541.14	0.72
1541.5	0.24
1541.86	0.48
1542.23	0.48
1542.59	0.56
1542.95	0.88
1543.31	0.88
1543.68	0.52
1544.04	0.8
1544.4	0.72
1544.76	0.4
1545.13	0.48
1545.49	0.52
1545.85	0.56
1546.21	0.56
1546.58	0.52
1546.94	0.48
1547.3	0.72
1547.66	0.44
1548.03	0.56
1548.39	0.48
1548.75	0.6
1549.11	0.32
1549.48	0.52
1549.84	0.4
1550.2	0.56
1550.56	0.4
1550.93	0.44
1551.29	0.24
1551.65	0.24
1552.01	0.08
1552.37	0.2
1552.74	0.28
1553.1	0.24
1553.46	0.24
1553.82	0.32
1554.18	0.2
1554.55	0.08
1554.91	0.08
1555.27	0.56
1555.63	0.76
1555.99	1.04
1556.36	1.12
1556.72	1.15468e-16
1557.08	-0.16
1557.44	-0.2
1557.8	-0.24
1558.17	-0.32
1558.53	0.8
1558.89	0.64
1559.25	0.4
1559.61	0.36
1559.97	0.36
1560.34	0.48
1560.7	0.56
1561.06	0.56
1561.42	0.4
1561.78	0.44
1562.14	-0.08
1562.5	-0.32
1562.87	-0.16
1563.23	-0.2
1563.59	-0.48
1563.95	0.28
1564.31	0.4
1564.67	0.32
1565.03	0.76
1565.4	1.04
1565.76	0.68
1566.12	0.56
1566.48	0.76
1566.84	0.44
1567.2	0.4
1567.56	0.2
1567.92	0.28
1568.29	-6.66107e-18
1568.65	-0.12
1569.01	-0.12
1569.37	-0.12
1569.73	-0.04
1570.09	0.08
1570.45	0.12
1570.81	0.44
1571.17	0.96
1571.53	0.96
1571.89	1.04
1572.26	1.08
1572.62	0.8
1572.98	0.48
1573.34	0.4
1573.7	0.24
1574.06	0.16
1574.42	0.52
1574.78	0.88
1575.14	0.92
1575.5	0.88
1575.86	0.08
1576.22	-0.2
1576.58	-0.4
1576.94	-0.48
1577.3	-0.2
1577.67	0.84
1578.03	0.8
1578.39	0.88
1578.75	1.12
1579.11	0.92
1579.47	0.84
1579.83	0.92
1580.19	0.8
1580.55	0.6
1580.91	0.84
1581.27	1.2
1581.63	1.04
1581.99	1.16
1582.35	1.32
1582.71	1
1583.07	0.48
1583.43	0.48
1583.79	0.44
1584.15	0.2
1584.51	0.56
1584.87	0.56
1585.23	0.8
1585.59	1.12
1585.95	1.28
1586.31	0.92
1586.67	1.16
1587.03	1.12
1587.39	0.84
1587.75	0.68
1588.11	0.72
1588.47	0.56
1588.83	0.72
1589.19	0.48
1589.55	0.64
1589.91	0.88
1590.27	1
1590.63	0.72
1590.99	0.84
1591.35	0.68
1591.71	0.64
1592.07	0.64
1592.42	0.64
1592.78	0.72
1593.14	0.84
1593.5	1.04
1593.86	0.84
1594.22	0.76
1594.58	0.8
1594.94	0.68
1595.3	0.4
1595.66	0.4
1596.02	0.48
1596.38	0.28
1596.74	0.28
1597.1	0.16
1597.46	0.56
1597.81	0.56
1598.17	0.64
1598.53	0.64
1598.89	0.6
1599.25	0.48
1599.61	0.8
1599.97	0.84
1600.33	1
1600.69	1.16
1601.05	0.88
1601.4	0.52
1601.76	1.33357e-17
1602.12	-0.16
1602.48	0.08
1602.84	0.44
1603.2	0.64
1603.56	1.32
1603.92	1.6
1604.28	1.24
1604.63	0.88
1604.99	0.76
1605.35	0.64
1605.71	0.36
1606.07	0.48
1606.43	0.48
1606.79	0.72
1607.14	0.52
1607.5	0.52
1607.86	0.36
1608.22	0.4
1608.58	0.4
1608.94	0.56
1609.29	0.68
1609.65	0.56
1610.01	0.56
1610.37	0.48
1610.73	0.36
1611.09	0.28
1611.44	0.4
1611.8	0.36
1612.16	0.08
1612.52	0.24
1612.88	0.2
1613.24	0.56
1613.59	0.8
1613.95	0.8
1614.31	1.04
1614.67	1.04
1615.03	0.76
1615.38	0.52
1615.74	0.56
1616.1	0.12
1616.46	0.12
1616.82	0.44
1617.17	1.12
1617.53	1.08
1617.89	1.44
1618.25	1.6
1618.6	1.28
1618.96	0.68
1619.32	0.8
1619.68	0.72
1620.04	1.12
1620.39	1.16
1620.75	1.6
1621.11	1.64
1621.47	1.88
1621.82	1.76
1622.18	1.84
1622.54	1.88
1622.9	2
1623.25	0.52
1623.61	0.08
1623.97	0.36
1624.33	0.56
1624.68	0.28
1625.04	1.56
1625.4	1.84
1625.75	0.76
1626.11	0.32
1626.47	0.44
1626.83	0.16
1627.18	0.16
1627.54	0.76
1627.9	0.48
1628.26	0.36
1628.61	0.52
1628.97	0.6
1629.33	1.04
1629.68	1.36
1630.04	1.4
1630.4	0.6
1630.75	0.28
1631.11	0.36
1631.47	0.2
1631.83	0.48
1632.18	1.64
1632.54	2.16
1632.9	1.8
1633.25	1.6
1633.61	1.28
1633.97	1.04
1634.32	0.8
1634.68	1.04
1635.04	1.2
1635.39	1.28
1635.75	1.24
1636.11	1.04
1636.46	0.64
1636.82	0.52
1637.18	0.48
1637.53	0.32
1637.89	0.24
1638.25	0.32
1638.6	0.32
1638.96	0.48
1639.31	0.52
1639.67	0.48
1640.03	0.52
1640.38	0.68
1640.74	0.96
1641.1	1.44
1641.45	1.44
1641.81	1.44
1642.16	1.36
1642.52	1.4
1642.88	0.84
1643.23	0.36
1643.59	0.52
1643.95	0.4
1644.3	3.44166e-17
1644.66	-0.04
1645.01	0.52
1645.37	0.24
1645.73	0.24
1646.08	0.12
1646.44	0.24
1646.79	0.04
1647.15	0.2
1647.51	0.2
1647.86	0.32
1648.22	0.16
1648.57	-0.36
1648.93	-0.52
1649.28	-0.2
1649.64	-0.32
1650	0.04
1650.35	0.68
1650.71	0.76
1651.06	0.44
1651.42	0.88
1651.77	0.56
1652.13	0.56
1652.48	0.68
1652.84	0.8
1653.2	0.6
1653.55	0.84
1653.91	0.84
1654.26	0.76
1654.62	0.64
1654.97	0.44
1655.33	0.16
1655.68	0.28
1656.04	0.36
1656.39	0.6
1656.75	0.68
1657.1	0.76
1657.46	0.64
1657.81	0.48
1658.17	0.24
1658.52	0.72
1658.88	0.72
1659.23	0.92
1659.59	1.04
1659.94	1.2
1660.3	0.64
1660.65	0.8
1661.01	0.72
1661.36	0.6
1661.72	0.44
1662.07	0.72
1662.43	0.56
1662.78	0.44
1663.14	1.16
1663.49	1.2
1663.85	1.08
1664.2	1.56
1664.56	1.72
1664.91	-0.6
1665.27	-0.52
1665.62	-0.12
1665.98	-0.64
1666.33	-0.56
1666.69	1.04
1667.04	1.2
1667.39	0.88
1667.75	0.96
1668.1	1.12
1668.46	1.16
1668.81	1.52
1669.17	2.08
1669.52	2.44
1669.88	2.6
1670.23	2.92
1670.58	2.6
1670.94	2.16
1671.29	2.12
1671.65	1.88
1672	1.72
1672.36	2.36
1672.71	2.4
1673.06	2.32
1673.42	2.6
1673.77	2.8
1674.13	2.28
1674.48	2.52
1674.83	2.96
1675.19	2.64
1675.54	3.36
1675.9	3.8
1676.25	3.84
1676.6	3.36
1676.96	3.76
1677.31	3.72
1677.67	3.72
1678.02	3.36
1678.37	3.4
1678.73	2.76
1679.08	2.12
1679.43	1.48
1679.79	1.56
1680.14	2.04
1680.5	1.88
1680.85	2.32
1681.2	3.04
1681.56	3.08
1681.91	2.32
1682.26	3.24
1682.62	3.04
1682.97	2.08
1683.32	1.6
1683.68	1.92
1684.03	1.32
1684.38	1.04
1684.74	1.12
1685.09	1.8
1685.44	2.12
1685.8	2.52
1686.15	2.88
1686.5	2.96
1686.86	2.68
1687.21	1.92
1687.56	1.68
1687.92	1.2
1688.27	1.52
1688.62	1.6
1688.98	1.76
1689.33	1.72
1689.68	1.52
1690.03	1.04
1690.39	1.32
1690.74	1.56
1691.09	1.76
1691.45	1.52
1691.8	2.4
1692.15	2.04
1692.5	1.84
1692.86	1.32
1693.21	2.28
1693.56	1.84
1693.92	1.64
1694.27	1.56
1694.62	1.92
1694.97	2.28
1695.33	2.4
1695.68	2.56
1696.03	3.16
1696.38	3.52
1696.74	2.72
1697.09	2.24
1697.44	2.36
1697.79	2.08
1698.15	1.52
1698.5	1.4
1698.85	2.12
1699.2	1.48
1699.56	1.88
1699.91	1.8
1700.26	1.72
1700.61	1.76
1700.97	2.12
1701.32	1.32
1701.67	2.2
1702.02	2.36
1702.37	1.68
1702.73	2.28
1703.08	2.44
1703.43	1.8
1703.78	1.76
1704.13	1.72
1704.49	1.44
1704.84	1.6
1705.19	1.6
1705.54	1.28
1705.89	1.4
1706.25	1.2
1706.6	1.08
1706.95	0.96
1707.3	1.56
1707.65	2.24
1708.01	2.04
1708.36	2.16
1708.71	2.04
1709.06	1.44
1709.41	0.68
1709.76	0.88
1710.12	0.6
1710.47	0.52
1710.82	1.28
1711.17	1.12
1711.52	1.04
1711.87	1.04
1712.23	1.4
1712.58	0.72
1712.93	0.8
1713.28	0.88
1713.63	0.84
1713.98	0.68
1714.33	0.6
1714.69	0.52
1715.04	0.2
1715.39	0.2
1715.74	0
1716.09	0.24
1716.44	0.24
1716.79	0.44
1717.14	0.72
1717.5	0.92
1717.85	0.84
1718.2	1
1718.55	0.88
1718.9	0.64
1719.25	0.48
1719.6	0.4
1719.95	0.48
1720.3	0.48
1720.65	0.68
1721.01	0.92
1721.36	0.92
1721.71	1.04
1722.06	0.64
1722.41	0.28
1722.76	0.16
1723.11	0.08
1723.46	0.12
1723.81	0.44
1724.16	0.88
1724.51	1.04
1724.86	1.2
1725.21	1.12
1725.56	1.12
1725.92	1.2
1726.27	1.32
1726.62	1.28
1726.97	1.52
1727.32	1.52
1727.67	1.48
1728.02	1.96
1728.37	2.52
1728.72	2.48
1729.07	2.84
1729.42	3.76
1729.77	3.92
1730.12	4.48
1730.47	4.76
1730.82	4.84
1731.17	4.88
1731.52	4.76
1731.87	5.2
1732.22	6.48
1732.57	8.36
1732.92	9.28
1733.27	10.12
1733.62	11.12
1733.97	11.52
1734.32	11.72
1734.67	12.84
1735.02	13.68
1735.37	14.48
1735.72	15.68
1736.07	17.8
1736.42	19.4
1736.77	20.88
1737.12	22.6
1737.47	25.56
1737.82	25.76
1738.17	27.44
1738.52	31.04
1738.87	34.28
1739.22	36.68
1739.57	40.08
1739.92	42.92
1740.27	46.56
1740.62	49.52
1740.97	50.28
1741.32	53.44
1741.67	57
1742.02	58.04
1742.37	59.8
1742.72	65.32
1743.06	70.24
1743.41	72.72
1743.76	78.36
1744.11	80.88
1744.46	83.2
1744.81	85.8
1745.16	89
1745.51	90.8
1745.86	95.4
1746.21	100.08
1746.56	104.84
1746.91	110.72
1747.26	114.4
1747.6	119.64
1747.95	124.08
1748.3	127.04
1748.65	130.4
1749	136.32
1749.35	141.08
1749.7	144.28
1750.05	150.96
1750.4	157.92
1750.75	161.08
1751.09	165.48
1751.44	174.96
1751.79	176.64
1752.14	181.16
1752.49	189.04
1752.84	191
1753.19	196.4
1753.54	202.96
1753.88	204
1754.23	212.52
1754.58	221.4
1754.93	222.8
1755.28	230.64
1755.63	237.48
1755.98	240.52
1756.32	247.48
1756.67	250.6
1757.02	257.84
1757.37	267.16
1757.72	269.44
1758.07	278.44
1758.42	289.24
1758.76	293
1759.11	301.44
1759.46	309.76
1759.81	313.52
1760.16	321.4
1760.5	324.88
1760.85	329.56
1761.2	338.96
1761.55	340.76
1761.9	347.04
1762.25	357.32
1762.59	361.24
1762.94	368.08
1763.29	373.6
1763.64	379
1763.99	387.08
1764.33	391.4
1764.68	399.16
1765.03	408.56
1765.38	410.44
1765.73	417.96
1766.07	424.4
1766.42	428.16
1766.77	439.36
1767.12	445
1767.46	452.44
1767.81	462.48
1768.16	464.36
1768.51	470
1768.85	478.6
1769.2	481.4
1769.55	488.32
1769.9	493.24
1770.25	498.6
1770.59	501.64
1770.94	503.48
1771.29	509.36
1771.64	516.8
1771.98	516.24
1772.33	521.4
1772.68	529.32
1773.02	535.52
1773.37	537.76
1773.72	549.4
1774.07	563.44
1774.41	565.64
1774.76	573.92
1775.11	582.48
1775.46	576.12
1775.8	576.88
1776.15	578.88
1776.5	572.28
1776.84	581.6
1777.19	590.36
1777.54	594.2
1777.89	604.96
1778.23	618.88
1778.58	620.36
1778.93	627.64
1779.27	636.56
1779.62	640.6
1779.97	641.6
1780.31	643.8
1780.66	639.36
1781.01	632.68
1781.35	630.04
1781.7	630.48
1782.05	636.56
1782.39	643.44
1782.74	647.12
1783.09	651.04
1783.43	657.6
1783.78	660.56
1784.13	671.96
1784.47	680.56
1784.82	686.2
1785.17	670.32
1785.51	663.08
1785.86	648.88
1786.21	648.32
1786.55	651.24
1786.9	670.24
1787.25	680.32
1787.59	704
1787.94	703.56
1788.29	701.12
1788.63	703.88
1788.98	707.48
1789.32	707.92
1789.67	716.44
1790.02	696.32
1790.36	664.36
1790.71	641.72
1791.06	619.04
1791.4	608.48
1791.75	620.16
1792.09	635.88
1792.44	650.4
1792.79	663.48
1793.13	669.84
1793.48	699.32
1793.82	725
1794.17	730.64
1794.52	755.88
1794.86	760.04
1795.21	748.96
1795.55	761.64
1795.9	745.88
1796.24	659.2
1796.59	636.52
1796.94	634.4
1797.28	625.08
1797.63	657.4
1797.97	720.96
1798.32	743.44
1798.66	740.88
1799.01	726.36
1799.36	724
1799.7	721.28
1800.05	719.76
1800.39	734.52
1800.74	723.68
1801.08	704.28
1801.43	717.2
1801.77	723.56
1802.12	704.88
1802.46	712.12
1802.81	734.84
1803.15	742.88
1803.5	754.28
1803.85	784.2
1804.19	788.52
1804.54	757.44
1804.88	750.04
1805.23	735.08
1805.57	686.84
1805.92	659.72
1806.26	673
1806.61	661.76
1806.95	625.92
1807.3	614.52
1807.64	635.56
1807.99	637.68
1808.33	650.08
1808.68	694.12
1809.02	705.72
1809.37	676
1809.71	660.24
1810.06	650.68
1810.4	638.84
1810.75	640.52
1811.09	628.92
1811.43	596.68
1811.78	562.76
1812.12	535.92
1812.47	545.6
1812.81	578.6
1813.16	607.6
1813.5	634.56
1813.85	653.24
1814.19	657.44
1814.54	674.16
1814.88	686.6
1815.23	678.76
1815.57	678.76
1815.91	666.88
1816.26	605.24
1816.6	541.84
1816.95	508.84
1817.29	451.64
1817.64	400
1817.98	394.36
1818.32	411.08
1818.67	426.28
1819.01	455.48
1819.36	493.76
1819.7	524.92
1820.05	530.44
1820.39	524.64
1820.73	540.52
1821.08	549.6
1821.42	556.4
1821.77	596.56
1822.11	605.28
1822.45	570.28
1822.8	555.08
1823.14	552.92
1823.49	492.52
1823.83	451.6
1824.17	458.6
1824.52	456.48
1824.86	460.96
1825.2	499.04
1825.55	533.72
1825.89	560.16
1826.24	557.76
1826.58	520.24
1826.92	496.88
1827.27	483.12
1827.61	462.84
1827.95	480.96
1828.3	517.12
1828.64	538.16
1828.98	573.44
1829.33	582.16
1829.67	530.68
1830.02	495.28
1830.36	470.72
1830.7	421.88
1831.05	412.96
1831.39	458
1831.73	480.32
1832.08	511.88
1832.42	539.44
1832.76	545.76
1833.1	548.24
1833.45	569.36
1833.79	558.6
1834.13	542.2
1834.48	535.76
1834.82	518.48
1835.16	506
1835.51	513.36
1835.85	532.96
1836.19	551.48
1836.54	574.76
1836.88	580.8
1837.22	574.88
1837.56	560.88
1837.91	505.08
1838.25	444.12
1838.59	416.56
1838.94	406.88
1839.28	413.52
1839.62	439.48
1839.96	470.24
1840.31	479.8
1840.65	497.68
1840.99	465.76
1841.34	422.28
1841.68	397.96
1842.02	375
1842.36	347.76
1842.71	381.08
1843.05	424.28
1843.39	409.4
1843.73	386.64
1844.08	357.68
1844.42	314.64
1844.76	306.96
1845.1	347.12
1845.45	371.8
1845.79	380.4
1846.13	394.92
1846.47	399.88
1846.81	402.52
1847.16	399.2
1847.5	382.72
1847.84	370.56
1848.18	364.48
1848.53	350.36
1848.87	357.32
1849.21	393.2
1849.55	414.12
1849.89	420.84
1850.24	433.92
1850.58	440.16
1850.92	439.68
1851.26	437.28
1851.6	433.28
1851.95	426.4
1852.29	427.68
1852.63	424.92
1852.97	430.76
1853.31	440.04
1853.66	447.16
1854	450.96
1854.34	440.16
1854.68	417.12
1855.02	403.48
1855.36	401.04
1855.71	389.56
1856.05	394.92
1856.39	416.52
1856.73	423.64
1857.07	410.88
1857.41	402.84
1857.76	409.12
1858.1	406.24
1858.44	410.04
1858.78	419.04
1859.12	428.96
1859.46	436.44
1859.8	438.12
1860.15	439.72
1860.49	412.24
1860.83	388.4
1861.17	370.48
1861.51	364.64
1861.85	358.24
1862.19	373.48
1862.53	376.88
1862.88	373
1863.22	370.04
1863.56	367.72
1863.9	368
1864.24	374.76
1864.58	380.2
1864.92	381.8
1865.26	377.96
1865.6	385.8
1865.94	396.12
1866.29	399.32
1866.63	400.64
1866.97	402.8
1867.31	402.8
1867.65	394.52
1867.99	380.56
1868.33	376
1868.67	369.24
1869.01	359.88
1869.35	347.48
1869.69	330.96
1870.03	311.88
1870.37	293.68
1870.72	281.56
1871.06	290.28
1871.4	312.08
1871.74	327.84
1872.08	346.08
1872.42	348.76
1872.76	330.16
1873.1	317.16
1873.44	311.88
1873.78	308
1874.12	316
1874.46	331.28
1874.8	325.92
1875.14	303.56
1875.48	290.16
1875.82	277.64
1876.16	264.08
1876.5	256.48
1876.84	267.12
1877.18	273.72
1877.52	278.28
1877.86	291.08
1878.2	306.16
1878.54	311.24
1878.88	313.12
1879.22	315.08
1879.56	314.52
1879.9	313.92
1880.24	313.76
1880.58	307.48
1880.92	298.28
1881.26	287.48
1881.6	286.64
1881.94	288.24
1882.28	291.92
1882.62	290.92
1882.96	279.76
1883.3	261.92
1883.64	249.32
1883.98	241.96
1884.32	241.52
1884.66	257.48
1885	272.36
1885.34	278.28
1885.68	273.44
1886.02	272.48
1886.36	268.12
1886.7	265.72
1887.04	264.84
1887.38	270.28
1887.72	272.96
1888.06	274.92
1888.39	276.72
1888.73	278.64
1889.07	272.68
1889.41	257.96
1889.75	250.56
1890.09	231.32
1890.43	203.48
1890.77	197.56
1891.11	203.48
1891.45	203.36
1891.79	216.4
1892.13	238.04
1892.47	241.84
1892.8	244.04
1893.14	242.8
1893.48	237.4
1893.82	225.08
1894.16	219.36
1894.5	215.08
1894.84	214.76
1895.18	215.04
1895.52	222.76
1895.86	224.56
1896.19	224.2
1896.53	220.92
1896.87	215.4
1897.21	209.56
1897.55	207.36
1897.89	205.8
1898.23	196.96
1898.57	191.32
1898.9	190.88
1899.24	189.32
1899.58	186.16
1899.92	189.28
1900.26	191.36
1900.6	189.28
1900.94	186.6
1901.27	182.84
1901.61	179.44
1901.95	178.72
1902.29	176.56
1902.63	174.4
1902.97	173.72
1903.3	172.04
1903.64	169.44
1903.98	164.16
1904.32	161.08
1904.66	156.8
1905	156.2
1905.33	156.04
1905.67	157.24
1906.01	155.16
1906.35	151.28
1906.69	146.32
1907.02	141.92
1907.36	139
1907.7	137.56
1908.04	138.12
1908.38	137.36
1908.71	135.32
1909.05	133.72
1909.39	129.68
1909.73	125.28
1910.07	122.32
1910.4	121.04
1910.74	118.6
1911.08	118.92
1911.42	119.24
1911.76	118.04
1912.09	115.92
1912.43	113.24
1912.77	111.28
1913.11	109.48
1913.44	109
1913.78	106.96
1914.12	106.8
1914.46	105.32
1914.79	102.92
1915.13	98.32
1915.47	95.4
1915.81	92.84
1916.14	91.64
1916.48	90.64
1916.82	93.16
1917.16	93.72
1917.49	92.36
1917.83	89.92
1918.17	88.2
1918.5	85.24
1918.84	83.44
1919.18	81.76
1919.52	79.32
1919.85	76.56
1920.19	75.44
1920.53	73.84
1920.87	73.92
1921.2	74.4
1921.54	73.96
1921.88	71.56
1922.21	70.52
1922.55	67.92
1922.89	65.96
1923.22	65.44
1923.56	65.24
1923.9	61.56
1924.23	60.88
1924.57	58.76
1924.91	55.36
1925.25	53
1925.58	54.76
1925.92	52.56
1926.26	50.16
1926.59	51.44
1926.93	51.92
1927.27	49.08
1927.6	47.64
1927.94	47.4
1928.28	44.56
1928.61	43.04
1928.95	42.8
1929.29	42
1929.62	40.68
1929.96	40.56
1930.29	39.08
1930.63	36.76
1930.97	35.12
1931.3	37.44
1931.64	33.04
1931.98	32.08
1932.31	31.92
1932.65	31.96
1932.99	28.76
1933.32	33.76
1933.66	32.16
1933.99	33.52
1934.33	33.04
1934.67	33.16
1935	30.52
1935.34	30.36
1935.67	27.56
1936.01	26.44
1936.35	25.92
1936.68	24.76
1937.02	25
1937.35	25.24
1937.69	24.96
1938.03	23.44
1938.36	20.56
1938.7	20.8
1939.03	20.64
1939.37	19.04
1939.7	19.84
1940.04	21.68
1940.38	21.36
1940.71	20.88
1941.05	21.56
1941.38	21.24
1941.72	21.64
1942.05	19.56
1942.39	19.72
1942.73	19.8
1943.06	18.6
1943.4	17.64
1943.73	18
1944.07	17.84
1944.4	17
1944.74	17.16
1945.07	16.16
1945.41	15.48
1945.74	13.76
1946.08	14.28
1946.42	14.32
1946.75	14.36
1947.09	14.6
1947.42	14.64
1947.76	13.32
1948.09	12.68
1948.43	13.36
1948.76	13.12
1949.1	12.8
1949.43	14.2
1949.77	13.64
1950.1	13.04
1950.44	13.12
1950.77	13.6
1951.11	12.76
1951.44	13.12
1951.78	12.04
1952.11	11.84
1952.45	12.2
1952.78	13.16
1953.12	12.12
1953.45	13.28
1953.79	11.76
1954.12	10.88
1954.46	9.48
1954.79	10.28
1955.12	10.28
1955.46	11.6
1955.79	12.2
1956.13	12.68
1956.46	12.2
1956.8	11.44
1957.13	10.92
1957.47	10.08
1957.8	8.88
1958.14	9.12
1958.47	8.64
1958.8	9.36
1959.14	9.72
1959.47	10.68
1959.81	10.96
1960.14	12.16
1960.48	11.44
1960.81	11.44
1961.14	10.16
1961.48	8.68
1961.81	7.76
1962.15	7.28
1962.48	6.76
1962.82	7.92
1963.15	8.44
1963.48	9.56
1963.82	9.36
1964.15	8.52
1964.49	9.24
1964.82	9.28
1965.15	8.6
1965.49	8.32
1965.82	8.96
1966.16	8.16
1966.49	8.56
1966.82	8.12
1967.16	8.56
1967.49	7.6
1967.83	7.04
1968.16	6.08
1968.49	5.08
1968.83	4.52
1969.16	4.16
1969.49	4.32
1969.83	4.4
1970.16	5.4
1970.49	5.68
1970.83	5.96
1971.16	4.64
1971.5	4.48
1971.83	3.96
1972.16	3.08
1972.5	3.24
1972.83	3
1973.16	2.68
1973.5	1.88
1973.83	2.2
1974.16	1.72
1974.5	2.36
1974.83	2.44
1975.16	3
1975.5	2.76
1975.83	2.92
1976.16	2.24
1976.49	2.04
1976.83	2.32
1977.16	2.8
1977.49	2.76
1977.83	3.08
1978.16	3.2
1978.49	2.68
1978.83	2.28
1979.16	2.12
1979.49	2.16
1979.83	1.68
1980.16	1.28
1980.49	0.88
1980.82	0.68
1981.16	0.28
1981.49	0.36
1981.82	0.36
1982.15	0.64
1982.49	1.6
1982.82	1.52
1983.15	1.56
1983.49	1.52
1983.82	1.48
1984.15	1.04
1984.48	1.04
1984.82	0.92
1985.15	1.28
1985.48	1.16
1985.81	0.84
1986.15	1.08
1986.48	0.96
1986.81	0.64
1987.14	1
1987.48	0.8
1987.81	0.76
1988.14	1
1988.47	1.2
1988.81	1.36
1989.14	1.64
1989.47	2.12
1989.8	2.08
1990.13	2.2
1990.47	2.24
1990.8	2.04
1991.13	1.52
1991.46	1.28
1991.79	0.48
1992.13	-0.88
1992.46	-0.52
1992.79	-0.2
1993.12	-0.04
1993.45	0.12
1993.79	1.12
1994.12	0.92
1994.45	1.32
1994.78	1.72
1995.11	2.88
1995.45	3.68
1995.78	3.52
1996.11	2.92
1996.44	2.68
1996.77	2.44
1997.1	1.8
1997.44	2.4
1997.77	2.68
1998.1	2.8
1998.43	2.72
1998.76	3.12
1999.09	3
1999.43	2.52
1999.76	2.52
2000.09	2.28
2000.42	1.92
2000.75	1
2001.08	1.56
2001.41	1.88
2001.75	3.12
2002.08	3.36
2002.41	4.64
2002.74	4.52
2003.07	5.84
2003.4	6.48
2003.73	7.56
2004.06	8.2
2004.4	9
2004.73	7.96
2005.06	6.68
2005.39	6.36
2005.72	5.68
2006.05	5.24
2006.38	5.72
2006.71	6.92
2007.04	6.28
2007.37	7.88
2007.71	8
2008.04	9.16
2008.37	8.68
2008.7	10.08
2009.03	9.12
2009.36	10.04
2009.69	9
2010.02	9
2010.35	8.88
2010.68	9.24
2011.01	9.6
2011.34	8.8
2011.67	8.88
2012.01	9
2012.34	8.44
2012.67	8.8
2013	10.4
2013.33	10.96
2013.66	11.72
2013.99	12.48
2014.32	12.32
2014.65	11.16
2014.98	11.36
2015.31	10.52
2015.64	10.24
2015.97	10.12
2016.3	10.68
2016.63	10
2016.96	10.08
2017.29	9.52
2017.62	9.24
2017.95	8.44
2018.28	8.6
2018.61	7.16
2018.94	7.88
2019.27	8
2019.6	8.64
2019.93	8.84
2020.26	9.44
2020.59	10.24
2020.92	10.04
2021.25	10.24
2021.58	9.52
2021.91	9.8
2022.24	8.92
2022.57	8.72
2022.9	8.56
2023.23	9.32
2023.56	8.64
2023.89	8.12
2024.22	8.44
2024.55	8.88
2024.88	7.96
2025.21	8.8
2025.54	9.92
2025.87	9.28
2026.2	8.12
2026.53	8.6
2026.86	7.56
2027.19	5.56
2027.52	5.36
2027.85	5.76
2028.18	5.64
2028.51	5.68
2028.84	5.96
2029.16	6.72
2029.49	6.92
2029.82	7.4
2030.15	7.08
2030.48	6.88
2030.81	5.4
2031.14	4.04
2031.47	3.04
2031.8	3.44
2032.13	3.84
2032.46	3.68
2032.79	4.08
2033.12	4.4
2033.44	4.52
2033.77	4.12
2034.1	4.08
2034.43	3.88
2034.76	3.72
2035.09	3.84
2035.42	4.64
2035.75	4.96
2036.08	5.24
2036.41	4.32
2036.73	3.88
2037.06	3.08
2037.39	2.84
2037.72	3.52
2038.05	4.04
2038.38	3.68
2038.71	3.76
2039.04	3
2039.36	2.68
2039.69	2.32
2040.02	1.96
2040.35	1.88
2040.68	2.48
2041.01	1.72
2041.34	2.68
2041.66	3.28
2041.99	2.72
2042.32	2.44
2042.65	2.64
2042.98	1.96
2043.31	1.96
2043.63	2.44
2043.96	3.92
2044.29	4.12
2044.62	3.32
2044.95	2.92
2045.28	2.92
2045.6	1.68
2045.93	1.12
2046.26	1.88
2046.59	2.04
2046.92	2.44
2047.24	2.52
2047.57	2.92
2047.9	2.4
2048.23	2.72
2048.56	2.36
2048.88	2.16
2049.21	1.84
2049.54	2.32
2049.87	1.92
2050.2	1.68
2050.52	1.92
2050.85	1.96
2051.18	2
2051.51	1.96
2051.83	2.36
2052.16	2.16
2052.49	2.12
2052.82	2.04
2053.15	2.32
2053.47	1.88
2053.8	2.28
2054.13	2.4
2054.46	1.72
2054.78	1.64
2055.11	1.6
2055.44	1.36
2055.77	1.04
2056.09	1.2
2056.42	1.32
2056.75	2.04
2057.08	1.72
2057.4	1.68
2057.73	1.76
2058.06	2.52
2058.38	2.24
2058.71	2.28
2059.04	2.44
2059.37	2.44
2059.69	2.16
2060.02	1.52
2060.35	1.8
2060.67	1.8
2061	2.32
2061.33	1.36
2061.66	1.36
2061.98	2.04
2062.31	2.4
2062.64	1.84
2062.96	2.24
2063.29	2.76
2063.62	2.16
2063.94	1.92
2064.27	2.04
2064.6	1.04
2064.92	0.68
2065.25	1.56
2065.58	1.52
2065.91	1.44
2066.23	2.28
2066.56	2.56
2066.89	1.44
2067.21	1.92
2067.54	1.96
2067.87	2.04
2068.19	1.68
2068.52	1.76
2068.84	1.4
2069.17	1.36
2069.5	1.24
2069.82	1.64
2070.15	2.12
2070.48	1.92
2070.8	2.04
2071.13	2
2071.46	1.8
2071.78	1.68
2072.11	1.72
2072.43	1.64
2072.76	2.28
2073.09	2.36
2073.41	2
2073.74	2.64
2074.07	2.76
2074.39	2.12
2074.72	2.32
2075.04	2.28
2075.37	1.72
2075.7	2
2076.02	2.08
2076.35	2.72
2076.67	3.24
2077	3.4
2077.33	3.16
2077.65	3.04
2077.98	2.72
2078.3	2.24
2078.63	1.88
2078.95	1.88
2079.28	1.76
2079.61	0.68
2079.93	0.68
2080.26	1.2
2080.58	1.32
2080.91	1.2
2081.23	2.24
2081.56	2.28
2081.89	2
2082.21	1.72
2082.54	1.92
2082.86	1.2
2083.19	0.92
2083.51	0.96
2083.84	1.24
2084.16	1.56
2084.49	1.72
2084.81	2.04
2085.14	2
2085.46	1.52
2085.79	1.56
2086.12	1.32
2086.44	1.28
2086.77	1.52
2087.09	1.92
2087.42	1.36
2087.74	1.4
2088.07	1.64
2088.39	1.56
2088.72	1.6
2089.04	1.92
2089.37	1.88
2089.69	1.76
2090.02	1.4
2090.34	1
2090.67	0.68
2090.99	-1.28
2091.32	-1.4
2091.64	-1.36
2091.97	-0.8
2092.29	-0.4
2092.62	2.2
2092.94	2.04
2093.26	2
2093.59	1.52
2093.91	0.72
2094.24	0.04
2094.56	-0.08
2094.89	-0.2
2095.21	-0.36
2095.54	0.16
2095.86	0.16
2096.19	0.4
2096.51	0.56
2096.84	1.48
2097.16	1.6
2097.48	1.88
2097.81	1.8
2098.13	1.88
2098.46	0.64
2098.78	0.76
2099.11	0.76
2099.43	1.24
2099.75	1
2100.08	1.28
2100.4	0.96
2100.73	1.08
2101.05	0.52
2101.38	0.8
2101.7	1.32
2102.02	1.52
2102.35	1.32
2102.67	1.48
2103	1.36
2103.32	0.92
2103.64	0.68
2103.97	0.92
2104.29	0.8
2104.62	1.36
2104.94	1.28
2105.26	0.68
2105.59	0.28
2105.91	0.32
2106.23	-0.28
2106.56	-0.2
2106.88	0.52
2107.21	0.64
2107.53	1.04
2107.85	1.04
2108.18	1.08
2108.5	1.12
2108.82	0.96
2109.15	0.4
2109.47	0.52
2109.79	0.4
2110.12	0.8
2110.44	1.04
2110.76	1.52
2111.09	1.28
2111.41	1.28
2111.73	0.8
2112.06	0.64
2112.38	0.36
2112.7	-0.24
2113.03	-0.16
2113.35	1.33221e-17
2113.67	-0.08
2114	-0.24
2114.32	0.36
2114.64	0.32
2114.97	0.28
2115.29	0.72
2115.61	0.84
2115.94	0.84
2116.26	1.08
2116.58	0.88
2116.91	-0.56
2117.23	-0.32
2117.55	-0.2
2117.87	-0.2
2118.2	-0.08
2118.52	1.08
2118.84	0.68
2119.17	0.68
2119.49	0.8
2119.81	0.68
2120.13	0.56
2120.46	0.56
2120.78	-0.28
2121.1	-0.24
2121.42	-0.08
2121.75	-0.04
2122.07	3.60836e-18
2122.39	0.96
2122.72	0.76
2123.04	0.64
2123.36	0.68
2123.68	0.92
2124.01	0.76
2124.33	0.96
2124.65	1.16
2124.97	1.2
2125.29	1.28
2125.62	1.44
2125.94	1.4
2126.26	1.4
2126.58	1.56
2126.91	0.2
2127.23	0.48
2127.55	0.08
2127.87	-0.12
2128.2	-0.28
2128.52	0.72
2128.84	0.2
2129.16	0.2
2129.48	0.48
2129.81	1
2130.13	1.28
2130.45	1.88
2130.77	1.88
2131.09	1.56
2131.42	1.04
2131.74	1.04
2132.06	0.64
2132.38	0.72
2132.7	0.84
2133.02	1.12
2133.35	0.92
2133.67	0.72
2133.99	1.32
2134.31	0.6
2134.63	0.4
2134.96	0.56
2135.28	0.88
2135.6	0.72
2135.92	1.44
2136.24	1.32
2136.56	1.12
2136.88	1.24
2137.21	0.72
2137.53	0.92
2137.85	1.32
2138.17	0.68
2138.49	0.4
2138.81	0.44
2139.13	0.28
2139.46	-0.12
2139.78	0.68
2140.1	1.72
2140.42	1.68
2140.74	1.56
2141.06	1.44
2141.38	1.44
2141.7	0.24
2142.03	0.24
2142.35	0.8
2142.67	0.88
2142.99	0.68
2143.31	0.68
2143.63	0.8
2143.95	0.48
2144.27	0.44
2144.59	0.68
2144.91	0.56
2145.24	0.84
2145.56	0.56
2145.88	1.04
2146.2	1.04
2146.52	1.24
2146.84	0.84
2147.16	1.04
2147.48	0.56
2147.8	0.52
2148.12	0.6
2148.44	0.6
2148.76	0.96
2149.08	1.2
2149.41	1.2
2149.73	1.16
2150.05	1.16
2150.37	0.64
2150.69	0.52
2151.01	0.68
2151.33	0.64
2151.65	0.8
2151.97	1.08
2152.29	1.44
2152.61	0.68
2152.93	0.72
2153.25	0.8
2153.57	0.48
2153.89	-1.72083e-17
2154.21	0.12
2154.53	0.24
2154.85	0.32
2155.17	0.52
2155.49	0.4
2155.81	0.76
2156.13	0.84
2156.45	0.72
2156.77	0.72
2157.09	0.92
2157.41	1.24
2157.73	1
2158.05	0.8
2158.37	0.6
2158.69	0.52
2159.01	0.48
2159.33	0.8
2159.65	0.84
2159.97	0.88
2160.29	1.2
2160.61	1.04
2160.93	0.64
2161.25	0.64
2161.57	0.6
2161.89	0.48
2162.21	0.4
2162.53	0.44
2162.85	-0.2
2163.17	-0.04
2163.49	0.04
2163.81	0.12
2164.13	0.08
2164.45	0.08
2164.77	-6.66107e-18
2165.08	-0.28
2165.4	-0.16
2165.72	-0.16
2166.04	0.48
2166.36	0.4
2166.68	0.52
2167	0.2
2167.32	0.2
2167.64	0.52
2167.96	0.72
2168.28	0.92
2168.6	1.2
2168.92	1.24
2169.24	0.92
2169.55	0.76
2169.87	0.52
2170.19	0.6
2170.51	0.64
2170.83	0.72
2171.15	0.88
2171.47	1.16
2171.79	1.12
2172.11	1.04
2172.43	1.2
2172.74	1.2
2173.06	1.56
2173.38	1.24
2173.7	1.48
2174.02	2
2174.34	1.92
2174.66	1.32
2174.98	1.32
2175.29	1.16
2175.61	0.76
2175.93	0.8
2176.25	0.64
2176.57	0.72
2176.89	0.64
2177.21	0.24
2177.52	0.4
2177.84	0.48
2178.16	0.44
2178.48	0.56
2178.8	1.52
2179.12	2.16
2179.43	2.08
2179.75	1.56
2180.07	1.84
2180.39	0.96
2180.71	0.12
2181.03	0.4
2181.34	1.24
2181.66	0.84
2181.98	0.76
2182.3	0.8
2182.62	0.56
2182.93	-0.04
2183.25	0.16
2183.57	0.48
2183.89	0.36
2184.21	0.52
2184.52	0.96
2184.84	0.8
2185.16	0.56
2185.48	0.96
2185.8	0.96
2186.11	0.96
2186.43	0.96
2186.75	0.96
2187.07	0.24
2187.39	-0.32
2187.7	-0.44
2188.02	-1.08
2188.34	-1.16
2188.66	-0.88
2188.97	-0.52
2189.29	-0.28
2189.61	0.44
2189.93	0.44
2190.24	0.44
2190.56	1.12
2190.88	1
2191.2	1.12
2191.51	1.12
2191.83	1.56
2192.15	1.12
2192.47	0.92
2192.78	0.84
2193.1	0.84
2193.42	0.4
2193.74	0.16
2194.05	0.2
2194.37	0.2
2194.69	0.28
2195	-0.12
2195.32	-0.08
2195.64	-0.12
2195.96	-0.16
2196.27	0.04
2196.59	0.08
2196.91	0.04
2197.22	0.2
2197.54	0.2
2197.86	-6.66107e-18
2198.18	0.36
2198.49	0.36
2198.81	0.2
2199.13	0.16
2199.44	0.08
2199.76	0.08
2200.08	0.28
2200.39	0.36
2200.71	0.28
2201.03	0.4
2201.34	0.48
2201.66	0.48
2201.98	0.4
2202.29	0.64
2202.61	0.56
2202.93	0.48
2203.24	0.92
2203.56	1.04
2203.88	0.8
2204.19	0.92
2204.51	0.92
2204.83	0.52
2205.14	0.72
2205.46	0.72
2205.78	0.8
2206.09	1.12
2206.41	0.8
2206.72	0.48
2207.04	0.88
2207.36	0.24
2207.67	0.16
2207.99	0.36
2208.31	0.56
2208.62	0.32
2208.94	0.72
2209.25	0.76
2209.57	0.64
2209.89	0.44
2210.2	0.28
2210.52	0.4
2210.83	0.24
2211.15	0.44
2211.47	0.44
2211.78	0.88
2212.1	0.48
2212.41	0.56
2212.73	0.44
2213.05	0.44
2213.36	0.04
2213.68	0.48
2213.99	0.36
2214.31	0.56
2214.62	0.56
2214.94	0.56
2215.26	0.48
2215.57	0.4
2215.89	0.68
2216.2	0.8
2216.52	0.96
2216.83	2.12
2217.15	2.28
2217.46	1.72
2217.78	2.12
2218.1	1.76
2218.41	0.52
2218.73	0.68
2219.04	1.16
2219.36	0.76
2219.67	0.96
2219.99	1.16
2220.3	0.84
2220.62	0.4
2220.93	0.52
2221.25	0.56
2221.56	0.4
2221.88	0.96
2222.19	1.12
2222.51	0.88
2222.82	-0.32
2223.14	0.44
2223.45	0.12
2223.77	-0.08
2224.08	0.12
2224.4	1.4
2224.71	1.12
2225.03	0.88
2225.34	0.88
2225.66	-0.64
2225.97	-0.8
2226.29	-1.12
2226.6	-1.08
2226.92	-0.76
2227.23	0.72
2227.55	0.72
2227.86	0.52
2228.18	0.64
2228.49	0.52
2228.81	0.36
2229.12	0.48
2229.44	0.48
2229.75	0.6
2230.07	0.4
2230.38	0.4
2230.69	0.28
2231.01	0.6
2231.32	0.48
2231.64	0.52
2231.95	0.52
2232.27	0.8
2232.58	0.48
2232.9	0.56
2233.21	0.6
2233.52	0.92
2233.84	0.92
2234.15	1.08
2234.47	0.84
2234.78	0.76
2235.1	0.44
2235.41	0.2
2235.72	0.16
2236.04	0.16
2236.35	0.4
2236.67	-0.12
2236.98	-0.04
2237.29	-0.08
2237.61	-0.04
2237.92	-0.08
2238.24	0.44
2238.55	0.32
2238.86	0.56
2239.18	0.52
2239.49	-0.28
2239.8	-0.28
2240.12	0.04
2240.43	-0.28
2240.75	-0.28
2241.06	0.32
2241.37	0.68
2241.69	0.36
2242	0.4
2242.31	0.4
2242.63	0.4
2242.94	0.12
2243.26	-0.48
2243.57	-0.52
2243.88	-0.52
2244.2	-0.52
2244.51	0.04
2244.82	0.72
2245.14	0.76
2245.45	0.84
2245.76	1.32
2246.08	0.92
2246.39	0.96
2246.7	1.16
2247.02	1.08
2247.33	0.8
2247.64	0.68
2247.96	0.64
2248.27	0.4
2248.58	-0.12
2248.9	-0.2
2249.21	-0.12
2249.52	-0.2
2249.83	-0.16
2250.15	0.48
2250.46	0.36
2250.77	0.8
2251.09	1.04
2251.4	1.16
2251.71	1.04
2252.03	1.08
2252.34	0.6
2252.65	0.36
2252.96	0.44
2253.28	0.72
2253.59	0.68
2253.9	0.52
2254.21	0.64
2254.53	0.56
2254.84	-0.12
2255.15	-0.12
2255.47	-0.12
2255.78	-0.16
2256.09	-0.16
2256.4	0.36
2256.72	0.76
2257.03	1.24
2257.34	1.52
2257.65	1.36
2257.97	1.28
2258.28	0.88
2258.59	0.44
2258.9	0.48
2259.22	0.72
2259.53	0.88
2259.84	0.88
2260.15	0.96
2260.46	1.04
2260.78	0.8
2261.09	0.8
2261.4	0.8
2261.71	0.68
2262.03	0.72
2262.34	0.84
2262.65	1.04
2262.96	1.28
2263.27	1.28
2263.59	1.08
2263.9	1
2264.21	0.64
2264.52	0.8
2264.83	0.96
2265.15	0.88
2265.46	0.92
2265.77	0.96
2266.08	0.84
2266.39	0.68
2266.7	0.52
2267.02	0.64
2267.33	0.28
2267.64	0.04
2267.95	0.68
2268.26	0.6
2268.57	0.4
2268.89	0.76
2269.2	0.76
2269.51	0.4
2269.82	0.44
2270.13	0.56
2270.44	0.52
2270.76	0.08
2271.07	0.04
2271.38	-0.6
2271.69	-0.48
2272	-0.28
2272.31	-0.08
2272.62	-1.12
2272.93	-0.48
2273.25	-0.64
2273.56	-0.88
2273.87	-0.68
2274.18	0.12
2274.49	0.24
2274.8	0.28
2275.11	0.4
2275.42	0.4
2275.74	0.84
2276.05	0.76
2276.36	0.64
2276.67	0.6
2276.98	0.6
2277.29	0.56
2277.6	0.48
2277.91	0.52
2278.22	0.04
2278.53	0.08
2278.85	0.12
2279.16	-0.68
2279.47	-0.44
2279.78	0.48
2280.09	0.44
2280.4	2.88398e-17
2280.71	1.04
2281.02	0.76
2281.33	0.24
2281.64	0.52
2281.95	0.52
2282.26	0.28
2282.57	0.4
2282.88	0.4
2283.19	0.12
2283.5	0.12
2283.82	0.12
2284.13	0
2284.44	0
2284.75	-0.6
2285.06	-0.44
2285.37	-0.44
2285.68	-0.2
2285.99	0.28
2286.3	0.92
2286.61	0.84
2286.92	0.84
2287.23	0.6
2287.54	0.12
2287.85	0.08
2288.16	0
2288.47	0
2288.78	0
2289.09	0.2
2289.4	0.6
2289.71	0.92
2290.02	1.16
2290.33	1.16
2290.64	0.96
2290.95	0.68
2291.26	0.36
2291.57	0.12
2291.88	-1.11131e-18
2292.19	-1.11131e-18
2292.5	-0.12
2292.81	-0.12
2293.12	-0.12
2293.43	0
2293.74	0
2294.05	0
2294.36	0
2294.67	0
2294.98	0
2295.29	0
2295.6	0
2295.91	0
2296.21	0
2296.52	0
2296.83	0
2297.14	0
2297.45	0
2297.76	0
2298.07	0
2298.38	0
2298.69	0
2299	0
2299.31	0
2299.62	0
2299.93	0
2300.24	0
2300.55	0
2300.85	0
2301.16	0
2301.47	0
2301.78	0
2302.09	0
2302.4	0
2302.71	0
2303.02	0
2303.33	0
2303.64	0
2303.94	0
2304.25	0
2304.56	0
2304.87	0
2305.18	0
2305.49	0
2305.8	0
2306.11	0
2306.42	0
2306.72	0
2307.03	0
2307.34	0
2307.65	0
2307.96	0
2308.27	0
2308.58	0
2308.88	0
2309.19	0
2309.5	0
2309.81	0
2310.12	0
2310.43	0
2310.74	0
2311.04	0
2311.35	0
2311.66	0
2311.97	0
2312.28	0
2312.59	0
2312.89	0
2313.2	0
2313.51	0
2313.82	0
2314.13	0
2314.43	0
2314.74	0
2315.05	0
2315.36	0
2315.67	0
2315.97	0
2316.28	0
2316.59	0
2316.9	0
2317.21	0
2317.51	0
2317.82	0
2318.13	0
2318.44	0
2318.75	0
2319.05	0
2319.36	0
2319.67	0
2319.98	0
2320.28	0
2320.59	0
2320.9	0
2321.21	0
2321.51	0
2321.82	0
2322.13	0
2322.44	0
2322.74	0
2323.05	0
2323.36	0
2323.67	0
2323.97	0
2324.28	0
2324.59	0
2324.9	0
2325.2	0
2325.51	0
2325.82	0
2326.13	0
2326.43	0
2326.74	0
2327.05	0
2327.35	0
2327.66	0
2327.97	0
2328.27	0
2328.58	0
2328.89	0
2329.2	0
2329.5	0
2329.81	0
2330.12	0
2330.42	0
2330.73	0
2331.04	0
2331.34	0
2331.65	0
2331.96	0
2332.26	0
2332.57	0
2332.88	0
2333.18	0
2333.49	0
2333.8	0
2334.1	0
2334.41	0
2334.72	0
2335.02	0
2335.33	0
2335.64	0
2335.94	0
2336.25	0
2336.56	0
2336.86	0
2337.17	0
2337.48	0
2337.78	0
2338.09	0
2338.39	0
2338.7	0
2339.01	0
2339.31	0
2339.62	0
2339.93	0
2340.23	0
2340.54	0
2340.84	0
2341.15	0
2341.46	0
2341.76	0
2342.07	0
2342.37	0
2342.68	0
2342.99	0
2343.29	0
2343.6	0
2343.9	0
2344.21	0
2344.51	0
2344.82	0
2345.13	0
2345.43	0
2345.74	0
2346.04	0
2346.35	0
2346.65	0
2346.96	0
2347.27	0
2347.57	0
2347.88	0
2348.18	0
2348.49	0
2348.79	0
2349.1	0
2349.4	0
2349.71	0
2350.01	0
2350.32	0
2350.63	0
2350.93	0
2351.24	0
2351.54	0
2351.85	0
2352.15	0
2352.46	0
2352.76	0
2353.07	0
2353.37	0
2353.68	0
2353.98	0
2354.29	0
2354.59	0
2354.9	0
2355.2	0
2355.51	0
2355.81	0
2356.12	0
2356.42	0
2356.73	0
2357.03	0
2357.34	0
2357.64	0
2357.95	0
2358.25	0
2358.55	0
2358.86	0
2359.16	0
2359.47	0
2359.77	0
2360.08	0
2360.38	0
2360.69	0
2360.99	0
2361.3	0
2361.6	0
2361.9	0
2362.21	0
2362.51	0
2362.82	0
2363.12	0
2363.43	0
2363.73	0
2364.04	0
2364.34	0
2364.64	0
2364.95	0
2365.25	0
2365.56	0
2365.86	0
2366.16	0
2366.47	0
2366.77	0
2367.08	0
2367.38	0
2367.68	0
2367.99	0
2368.29	0
2368.6	0
2368.9	0
2369.2	0
2369.51	0
2369.81	0
2370.12	0
2370.42	0
2370.72	0
2371.03	0
2371.33	0
2371.63	0
2371.94	0
2372.24	0
2372.55	0
2372.85	0
2373.15	0
2373.46	0
2373.76	0
2374.06	0
2374.37	0
2374.67	0
2374.97	0
2375.28	0
2375.58	0
2375.88	0
2376.19	0
2376.49	0
2376.79	0
2377.1	0
2377.4	0
2377.7	0
2378.01	0
2378.31	0
2378.61	0
2378.92	0
2379.22	0
2379.52	0
2379.82	0
2380.13	0
2380.43	0
2380.73	0
2381.04	0
2381.34	0
2381.64	0
2381.95	0
2382.25	0
2382.55	0
2382.85	0
2383.16	0
2383.46	0
2383.76	0
2384.06	0
2384.37	0
2384.67	0
2384.97	0
2385.28	0
2385.58	0
2385.88	0
2386.18	0
2386.49	0
2386.79	0
2387.09	0
2387.39	0
2387.69	0
2388	0
2388.3	0
2388.6	0
2388.9	0
2389.21	0
2389.51	0
2389.81	0
2390.11	0
2390.42	0
2390.72	0
2391.02	0
2391.32	0
2391.62	0
2391.93	0
2392.23	0
2392.53	0
2392.83	0
2393.13	0
2393.44	0
2393.74	0
2394.04	0
2394.34	0
2394.64	0
2394.95	0
2395.25	0
2395.55	0
2395.85	0
2396.15	0
2396.45	0
2396.76	0
2397.06	0
2397.36	0
2397.66	0
2397.96	0
2398.26	0
2398.57	0
2398.87	0
2399.17	0
2399.47	0
2399.77	0
2400.07	0
2400.37	0
2400.68	0
2400.98	0
2401.28	0
2401.58	0
2401.88	0
2402.18	0
2402.48	0
2402.79	0
2403.09	0
2403.39	0
2403.69	0
2403.99	0
2404.29	0
2404.59	0
2404.89	0
2405.19	0
2405.5	0
2405.8	0
2406.1	0
2406.4	0
2406.7	0
2407	0
2407.3	0
2407.6	0
2407.9	0
2408.2	0
2408.5	0
2408.8	0
2409.11	0
2409.41	0
2409.71	0
2410.01	0
2410.31	0
2410.61	0
2410.91	0
2411.21	0
2411.51	0
2411.81	0
2412.11	0
2412.41	0
2412.71	0
2413.01	0
2413.31	0
2413.61	0
2413.91	0
2414.21	0
2414.51	0
2414.81	0
2415.12	0
2415.42	0
2415.72	0
2416.02	0
2416.32	0
2416.62	0
2416.92	0
2417.22	0
2417.52	0
2417.82	0
2418.12	0
2418.42	0
2418.72	0
2419.02	0
2419.32	0
2419.62	0
2419.92	0
2420.22	0
2420.52	0
2420.82	0
2421.12	0
2421.42	0
2421.71	0
2422.01	0
2422.31	0
2422.61	0
2422.91	0
2423.21	0
2423.51	0
2423.81	0
2424.11	0
2424.41	0
2424.71	0
2425.01	0
2425.31	0
2425.61	0
2425.91	0
2426.21	0
2426.51	0
2426.81	0
2427.11	0
2427.41	0
2427.7	0
2428	0
2428.3	0
2428.6	0
2428.9	0
2429.2	0
2429.5	0
2429.8	0
2430.1	0
2430.4	0
2430.7	0
2430.99	0
2431.29	0
2431.59	0
2431.89	0
2432.19	0
2432.49	0
2432.79	0
2433.09	0
2433.39	0
2433.68	0
2433.98	0
2434.28	0
2434.58	0
2434.88	0
2435.18	0
2435.48	0
2435.78	0
2436.07	0
2436.37	0
2436.67	0
2436.97	0
2437.27	0
2437.57	0
2437.86	0
2438.16	0
2438.46	0
2438.76	0
2439.06	0
2439.36	0
2439.66	0
2439.95	0
2440.25	0
2440.55	0
2440.85	0
2441.15	0
2441.44	0
2441.74	0
2442.04	0
2442.34	0
2442.64	0
2442.93	0
2443.23	0
2443.53	0
2443.83	0
2444.13	0
2444.42	0
2444.72	0
2445.02	0
2445.32	0
2445.62	0
2445.91	0
2446.21	0
2446.51	0
2446.81	0
2447.1	0
2447.4	0
2447.7	0
2448	0
2448.3	0
2448.59	0
2448.89	0
2449.19	0
2449.49	0
2449.78	0
2450.08	0
2450.38	0
2450.68	0
2450.97	0
2451.27	0
2451.57	0
2451.87	0
2452.16	0
2452.46	0
2452.76	0
2453.05	0
2453.35	0
2453.65	0
2453.95	0
2454.24	0
2454.54	0
2454.84	0
2455.13	0
2455.43	0
2455.73	0
2456.03	0
2456.32	0
2456.62	0
2456.92	0
2457.21	0
2457.51	0
2457.81	0
2458.1	0
2458.4	0
2458.7	0
2458.99	0
2459.29	0
2459.59	0
2459.88	0
2460.18	0
2460.48	0
2460.77	0
2461.07	0
2461.37	0
2461.66	0
2461.96	0
2462.26	0
2462.55	0
2462.85	0
2463.15	0
2463.44	0
2463.74	0
2464.04	0
2464.33	0
2464.63	0
2464.92	0
2465.22	0
2465.52	0
2465.81	0
2466.11	0
2466.41	0
2466.7	0
2467	0
2467.29	0
2467.59	0
2467.89	0
2468.18	0
2468.48	0
2468.77	0
2469.07	0
2469.37	0
2469.66	0
2469.96	0
2470.25	0
2470.55	0
2470.84	0
2471.14	0
2471.44	0
2471.73	0
2472.03	0
2472.32	0
2472.62	0
2472.91	0
2473.21	0
2473.51	0
2473.8	0
2474.1	0
2474.39	0
2474.69	0
2474.98	0
2475.28	0
2475.57	0
2475.87	0
2476.17	0
2476.46	0
2476.76	0
2477.05	0
2477.35	0
2477.64	0
2477.94	0
2478.23	0
2478.53	0
2478.82	0
2479.12	0
2479.41	0
2479.71	0
2480	0
2480.3	0
2480.59	0
2480.89	0
2481.18	0
2481.48	0
2481.77	0
2482.07	0
2482.36	0
2482.66	0
2482.95	0
2483.25	0
2483.54	0
2483.84	0
2484.13	0
2484.43	0
2484.72	0
2485.02	0
2485.31	0
2485.6	0
2485.9	0
2486.19	0
2486.49	0
2486.78	0
2487.08	0
2487.37	0
2487.67	0
2487.96	0
2488.26	0
2488.55	0
2488.84	0
2489.14	0
2489.43	0
2489.73	0
2490.02	0
2490.32	0
2490.61	0
2490.9	0
2491.2	0
2491.49	0
2491.79	0
2492.08	0
2492.37	0
2492.67	0
2492.96	0
2493.26	0
2493.55	0
2493.84	0
2494.14	0
2494.43	0
2494.73	0
2495.02	0
2495.31	0
2495.61	0
2495.9	0
2496.2	0
2496.49	0
2496.78	0
2497.08	0
2497.37	0
2497.66	0
2497.96	0
2498.25	0
2498.54	0
2498.84	0
2499.13	0
2499.43	0
2499.72	0
2500.01	0
2500.31	0
2500.6	0
2500.89	0
2501.19	0
2501.48	0
2501.77	0
2502.07	0
2502.36	0
2502.65	0
2502.95	0
2503.24	0
2503.53	0
2503.82	0
2504.12	0
2504.41	0
2504.7	0
2505	0
2505.29	0
2505.58	0
2505.88	0
2506.17	0
2506.46	0
2506.76	0
2507.05	0
2507.34	0
2507.63	0
2507.93	0
2508.22	0
2508.51	0
2508.8	0
2509.1	0
2509.39	0
2509.68	0
2509.98	0
2510.27	0
2510.56	0
2510.85	0
2511.15	0
2511.44	0
2511.73	0
2512.02	0
2512.32	0
2512.61	0
2512.9	0
2513.19	0
2513.49	0
2513.78	0
2514.07	0
2514.36	0
2514.65	0
2514.95	0
2515.24	0
2515.53	0
2515.82	0
2516.12	0
2516.41	0
2516.7	0
2516.99	0
2517.28	0
2517.58	0
2517.87	0
2518.16	0
2518.45	0
2518.74	0
2519.04	0
2519.33	0
2519.62	0
2519.91	0
2520.2	0
2520.5	0
2520.79	0
2521.08	0
2521.37	0
2521.66	0
2521.95	0
2522.25	0
2522.54	0
2522.83	0
2523.12	0
2523.41	0
2523.7	0
2523.99	0
2524.29	0
2524.58	0
2524.87	0
2525.16	0
2525.45	0
2525.74	0
2526.03	0
2526.33	0
2526.62	0
2526.91	0
2527.2	0
2527.49	0
2527.78	0
2528.07	0
2528.36	0
2528.66	0
2528.95	0
2529.24	0
2529.53	0
2529.82	0
2530.11	0
2530.4	0
2530.69	0
2530.98	0
2531.27	0
2531.57	0
2531.86	0
2532.15	0
2532.44	0
2532.73	0
2533.02	0
2533.31	0
2533.6	0
2533.89	0
2534.18	0
2534.47	0
2534.76	0
2535.05	0
2535.35	0
2535.64	0
2535.93	0
2536.22	0
2536.51	0
2536.8	0
2537.09	0
2537.38	0
2537.67	0
2537.96	0
2538.25	0
2538.54	0
2538.83	0
2539.12	0
2539.41	0
2539.7	0
2539.99	0
2540.28	0
2540.57	0
2540.86	0
2541.15	0
2541.44	0
2541.73	0
2542.02	0
2542.31	0
2542.6	0
2542.89	0
2543.18	0
2543.47	0
2543.76	0
2544.05	0
2544.34	0
2544.63	0
2544.92	0
2545.21	0
2545.5	0
2545.79	0
2546.08	0
2546.37	0
2546.66	0
2546.95	0
2547.24	0
2547.53	0
2547.82	0
2548.11	0
2548.4	0
2548.69	0
2548.98	0
2549.27	0
2549.55	0
2549.84	0
2550.13	0
2550.42	0
2550.71	0
2551	0
2551.29	0
2551.58	0
2551.87	0
2552.16	0
2552.45	0
2552.74	0
2553.03	0
2553.31	0
2553.6	0
2553.89	0
2554.18	0
2554.47	0
2554.76	0
2555.05	0
2555.34	0
2555.63	0
2555.92	0
2556.2	0
2556.49	0
2556.78	0
2557.07	0
2557.36	0
2557.65	0
2557.94	0
2558.23	0
2558.51	0
2558.8	0
2559.09	0
2559.38	0
2559.67	0
2559.96	0
2560.25	0
2560.53	0
2560.82	0
2561.11	0
2561.4	0
2561.69	0
2561.98	0
2562.27	0
2562.55	0
2562.84	0
2563.13	0
2563.42	0
2563.71	0
2564	0
2564.28	0
2564.57	0
2564.86	0
2565.15	0
2565.44	0
2565.72	0
2566.01	0
2566.3	0
2566.59	0
2566.88	0
2567.16	0
2567.45	0
2567.74	0
2568.03	0
2568.32	0
2568.6	0
2568.89	0
2569.18	0
2569.47	0
2569.75	0

