Source: Spectrum Viewer

Chart: Pulse Spectrum


Series: 
Wavelength (nm)	S (a.u.)
1179.9	0
1180.29	0
1180.68	0
1181.06	0
1181.45	0
1181.83	0
1182.22	0
1182.6	0
1182.99	0
1183.38	0
1183.76	0
1184.15	0
1184.53	0
1184.92	0
1185.3	0
1185.69	0
1186.07	0
1186.46	0
1186.85	0
1187.23	0
1187.62	0
1188	0
1188.39	0
1188.77	0
1189.16	0
1189.54	0
1189.93	0
1190.31	0
1190.7	0
1191.08	0
1191.47	0
1191.85	0
1192.24	0
1192.62	0
1193.01	0
1193.39	0
1193.78	0
1194.16	0
1194.55	0
1194.93	0
1195.32	0
1195.7	0
1196.09	0
1196.47	0
1196.86	0
1197.24	0
1197.63	0
1198.01	0
1198.4	0
1198.78	0
1199.16	0
1199.55	0
1199.93	0
1200.32	0
1200.7	0
1201.09	0
1201.47	0
1201.86	0
1202.24	0
1202.63	0
1203.01	0
1203.39	0
1203.78	0
1204.16	0
1204.55	0
1204.93	0
1205.32	0
1205.7	0
1206.08	0
1206.47	0
1206.85	0
1207.24	0
1207.62	0
1208	0
1208.39	0
1208.77	0
1209.16	0
1209.54	0
1209.92	0
1210.31	0
1210.69	0
1211.08	0
1211.46	0
1211.84	0
1212.23	0
1212.61	0
1213	0
1213.38	0
1213.76	0
1214.15	0
1214.53	0
1214.91	0
1215.3	0
1215.68	0
1216.06	0
1216.45	0
1216.83	0
1217.22	0
1217.6	0
1217.98	0
1218.37	0
1218.75	0
1219.13	0
1219.52	0
1219.9	0
1220.28	0
1220.67	0
1221.05	0
1221.43	0
1221.82	0
1222.2	0
1222.58	0
1222.97	0
1223.35	0
1223.73	0
1224.11	0
1224.5	0
1224.88	0
1225.26	0
1225.65	0
1226.03	0
1226.41	0
1226.8	0
1227.18	0
1227.56	0
1227.94	0
1228.33	0
1228.71	0
1229.09	0
1229.47	0
1229.86	0
1230.24	0
1230.62	0
1231.01	0
1231.39	0
1231.77	0
1232.15	0
1232.54	0
1232.92	0
1233.3	0
1233.68	0
1234.07	0
1234.45	0
1234.83	0
1235.21	0
1235.6	0
1235.98	0
1236.36	0
1236.74	0
1237.12	0
1237.51	0
1237.89	0
1238.27	0
1238.65	0
1239.04	0
1239.42	0
1239.8	0
1240.18	0
1240.56	0
1240.95	0
1241.33	0
1241.71	0
1242.09	0
1242.47	0
1242.86	0
1243.24	0
1243.62	0
1244	0
1244.38	0
1244.77	0
1245.15	0
1245.53	0
1245.91	0
1246.29	0
1246.67	0
1247.06	0
1247.44	0
1247.82	0
1248.2	0
1248.58	0
1248.96	0
1249.34	0
1249.73	0
1250.11	0
1250.49	0
1250.87	0
1251.25	0
1251.63	0
1252.01	0
1252.4	0
1252.78	0
1253.16	0
1253.54	0
1253.92	0
1254.3	0
1254.68	0
1255.06	0
1255.45	0
1255.83	0
1256.21	0
1256.59	0
1256.97	0
1257.35	0
1257.73	0
1258.11	0
1258.49	0
1258.87	0
1259.26	0
1259.64	0
1260.02	0
1260.4	0
1260.78	0
1261.16	0
1261.54	0
1261.92	0
1262.3	0
1262.68	0
1263.06	0
1263.44	0
1263.82	0
1264.21	0
1264.59	0
1264.97	0
1265.35	0
1265.73	0
1266.11	0
1266.49	0
1266.87	0
1267.25	0
1267.63	0
1268.01	0
1268.39	0
1268.77	0
1269.15	0
1269.53	0
1269.91	0
1270.29	0
1270.67	0
1271.05	0
1271.43	0
1271.81	0
1272.19	0
1272.57	0
1272.95	0
1273.33	0
1273.71	0
1274.09	0
1274.47	0
1274.85	0
1275.23	0
1275.61	0
1275.99	0
1276.37	0
1276.75	0
1277.13	0
1277.51	0
1277.89	0
1278.27	0
1278.65	0
1279.03	0
1279.41	0
1279.79	0
1280.17	0
1280.55	0
1280.93	0
1281.31	0
1281.69	0
1282.07	0
1282.45	0
1282.82	0
1283.2	0
1283.58	0
1283.96	0
1284.34	0
1284.72	0
1285.1	0
1285.48	0
1285.86	0
1286.24	0
1286.62	0
1287	0
1287.38	0
1287.75	0
1288.13	0
1288.51	0
1288.89	0
1289.27	0
1289.65	0
1290.03	0
1290.41	0
1290.79	0
1291.17	0
1291.54	0
1291.92	0
1292.3	0
1292.68	0
1293.06	0
1293.44	0
1293.82	0
1294.2	0
1294.57	0
1294.95	0
1295.33	0
1295.71	0
1296.09	0
1296.47	0
1296.85	0
1297.22	0
1297.6	0
1297.98	0
1298.36	0
1298.74	0
1299.12	0
1299.5	0
1299.87	0
1300.25	0
1300.63	0
1301.01	0
1301.39	0
1301.77	0
1302.14	0
1302.52	0
1302.9	0
1303.28	0
1303.66	0
1304.03	0
1304.41	0
1304.79	0
1305.17	0
1305.55	0
1305.92	0
1306.3	0
1306.68	0
1307.06	0
1307.44	0
1307.81	0
1308.19	0
1308.57	0
1308.95	0
1309.32	0
1309.7	0
1310.08	0
1310.46	0
1310.84	0
1311.21	0
1311.59	0
1311.97	0
1312.35	0
1312.72	0
1313.1	0
1313.48	0
1313.86	0
1314.23	0
1314.61	0
1314.99	0
1315.37	0
1315.74	0
1316.12	0
1316.5	0
1316.87	0
1317.25	0
1317.63	0
1318.01	0
1318.38	0
1318.76	0
1319.14	0
1319.52	0
1319.89	0
1320.27	0
1320.65	0
1321.02	0
1321.4	0
1321.78	0
1322.15	0
1322.53	0
1322.91	0
1323.29	0
1323.66	0
1324.04	0
1324.42	0
1324.79	0
1325.17	0
1325.55	0
1325.92	0
1326.3	0
1326.68	0
1327.05	0
1327.43	0
1327.81	0
1328.18	0
1328.56	0
1328.94	0
1329.31	0
1329.69	0
1330.06	0
1330.44	0
1330.82	0
1331.19	0
1331.57	0
1331.95	0
1332.32	0
1332.7	0
1333.08	0
1333.45	0
1333.83	0
1334.2	0
1334.58	0
1334.96	0
1335.33	0
1335.71	0
1336.08	0
1336.46	0
1336.84	0
1337.21	0
1337.59	0
1337.96	0
1338.34	0
1338.72	0
1339.09	0
1339.47	0
1339.84	0
1340.22	0
1340.6	0
1340.97	0
1341.35	0
1341.72	0
1342.1	0
1342.47	0
1342.85	0
1343.23	0
1343.6	0
1343.98	0
1344.35	0
1344.73	0
1345.1	0
1345.48	0
1345.85	0
1346.23	0
1346.61	0
1346.98	0
1347.36	0
1347.73	0
1348.11	0
1348.48	0
1348.86	0
1349.23	0
1349.61	0
1349.98	0
1350.36	0
1350.73	0
1351.11	0
1351.48	0
1351.86	0
1352.23	0
1352.61	0
1352.98	0
1353.36	0
1353.73	0
1354.11	0
1354.48	0
1354.86	0
1355.23	0
1355.61	0
1355.98	0
1356.36	0
1356.73	0
1357.11	0
1357.48	0
1357.86	0
1358.23	0
1358.61	0
1358.98	0
1359.35	0
1359.73	0
1360.1	0
1360.48	0
1360.85	0
1361.23	0
1361.6	0
1361.98	0
1362.35	0
1362.72	0
1363.1	0
1363.47	0
1363.85	0
1364.22	0
1364.6	0
1364.97	0
1365.34	0
1365.72	0
1366.09	0
1366.47	0
1366.84	0
1367.22	0
1367.59	0
1367.96	0
1368.34	0
1368.71	0
1369.09	0
1369.46	-0.96
1369.83	-0.96
1370.21	-0.84
1370.58	-0.84
1370.96	-0.84
1371.33	0.12
1371.7	0.44
1372.08	0.36
1372.45	0.36
1372.82	0.44
1373.2	0.44
1373.57	0.12
1373.95	0.08
1374.32	0.16
1374.69	0.08
1375.07	0.12
1375.44	0.12
1375.81	0.12
1376.19	0.24
1376.56	0.24
1376.93	0.2
1377.31	0.2
1377.68	0.2
1378.05	0
1378.43	0.32
1378.8	0.32
1379.17	0.32
1379.55	0.32
1379.92	0.32
1380.29	0
1380.67	0
1381.04	0
1381.41	0
1381.79	0
1382.16	0
1382.53	0
1382.91	-1
1383.28	-1
1383.65	-1
1384.03	-1
1384.4	-1
1384.77	0.2
1385.14	0.2
1385.52	0.28
1385.89	0.36
1386.26	0.36
1386.64	0.16
1387.01	0.16
1387.38	0.08
1387.75	0.32
1388.13	0.32
1388.5	0.4
1388.87	0.4
1389.25	0.44
1389.62	-0.08
1389.99	-0.28
1390.36	-0.36
1390.74	-0.36
1391.11	-0.24
1391.48	1.05473e-17
1391.85	0.2
1392.23	0.2
1392.6	0.36
1392.97	0.2
1393.34	0.16
1393.72	0.16
1394.09	0.16
1394.46	0
1394.83	0
1395.21	0
1395.58	0
1395.95	0.08
1396.32	0.08
1396.69	0.08
1397.07	0.08
1397.44	0.08
1397.81	0.04
1398.18	0.04
1398.55	0.12
1398.93	0.12
1399.3	0.2
1399.67	0.16
1400.04	0.56
1400.41	0.48
1400.79	0.48
1401.16	0.4
1401.53	0.48
1401.9	0.08
1402.27	0.08
1402.65	0.08
1403.02	0.16
1403.39	0.08
1403.76	-0.32
1404.13	-0.32
1404.51	-0.32
1404.88	-0.4
1405.25	-0.4
1405.62	0
1405.99	0
1406.36	0
1406.74	0
1407.11	0
1407.48	0.04
1407.85	-1.16
1408.22	-1.08
1408.59	-1.08
1408.96	-1.08
1409.34	-0.92
1409.71	0.28
1410.08	0.24
1410.45	0.24
1410.82	0.24
1411.19	0.04
1411.56	0.24
1411.93	0.28
1412.31	0.36
1412.68	0.36
1413.05	0.36
1413.42	0.16
1413.79	0.24
1414.16	-0.04
1414.53	-0.04
1414.9	-0.24
1415.27	-0.24
1415.65	-0.28
1416.02	-0.08
1416.39	-0.08
1416.76	0.12
1417.13	0.12
1417.5	0
1417.87	0.12
1418.24	0.16
1418.61	0.16
1418.98	0.28
1419.35	0.32
1419.73	0.32
1420.1	0.28
1420.47	0.28
1420.84	0.16
1421.21	0.2
1421.58	0.08
1421.95	0.08
1422.32	0.08
1422.69	0.08
1423.06	0
1423.43	0.24
1423.8	0.24
1424.17	0.24
1424.54	0.24
1424.91	0.36
1425.28	0.12
1425.65	0.12
1426.02	0.12
1426.39	0.12
1426.76	-0.56
1427.14	-0.52
1427.51	-0.52
1427.88	-0.52
1428.25	-0.44
1428.62	0.12
1428.99	0.24
1429.36	0.28
1429.73	0.48
1430.1	0.4
1430.47	0.6
1430.84	0.44
1431.21	0.4
1431.58	0.28
1431.95	0.44
1432.32	0.04
1432.69	0.04
1433.06	0.04
1433.43	-0.04
1433.8	-0.04
1434.17	0.16
1434.54	0.16
1434.91	0.16
1435.28	0.16
1435.64	0
1436.01	-0.6
1436.38	-0.6
1436.75	-0.6
1437.12	-0.6
1437.49	-0.4
1437.86	0.2
1438.23	0.2
1438.6	0.2
1438.97	0.2
1439.34	0
1439.71	0
1440.08	0
1440.45	0
1440.82	-0.48
1441.19	-0.48
1441.56	-0.48
1441.93	-0.48
1442.3	-0.48
1442.67	-1.6
1443.03	-1.6
1443.4	-1.56
1443.77	-1.52
1444.14	-1.44
1444.51	0.16
1444.88	0.16
1445.25	0.12
1445.62	0.08
1445.99	0
1446.36	0
1446.73	0
1447.09	0
1447.46	0
1447.83	0
1448.2	0.32
1448.57	0.12
1448.94	0.12
1449.31	0.16
1449.68	0.2
1450.05	-0.12
1450.41	0.08
1450.78	-0.32
1451.15	-0.36
1451.52	-0.24
1451.89	-0.2
1452.26	-0.2
1452.63	0.2
1453	0.28
1453.36	0.12
1453.73	0.08
1454.1	0.2
1454.47	0.32
1454.84	0.24
1455.21	0.24
1455.57	-0.08
1455.94	-0.2
1456.31	-0.32
1456.68	-0.32
1457.05	-0.32
1457.42	0
1457.78	0
1458.15	0
1458.52	0.04
1458.89	0.04
1459.26	0.16
1459.63	0.16
1459.99	0.16
1460.36	0.12
1460.73	0.12
1461.1	0.12
1461.47	0.12
1461.83	0.16
1462.2	0.16
1462.57	0.28
1462.94	0.16
1463.31	0.16
1463.67	0.16
1464.04	-0.04
1464.41	-0.16
1464.78	-0.76
1465.15	-0.76
1465.51	-0.8
1465.88	-0.6
1466.25	-0.52
1466.62	0.08
1466.98	0.08
1467.35	0.2
1467.72	0.2
1468.09	0.2
1468.46	0.2
1468.82	0.2
1469.19	0.08
1469.56	0.08
1469.93	0
1470.29	0.36
1470.66	0.4
1471.03	0.4
1471.4	0.4
1471.76	0.4
1472.13	0.04
1472.5	0.2
1472.86	0.2
1473.23	0.24
1473.6	0.24
1473.97	0.24
1474.33	0.04
1474.7	0.04
1475.07	0
1475.44	0
1475.8	-0.2
1476.17	0.04
1476.54	0.08
1476.9	0.12
1477.27	0.12
1477.64	0.32
1478	0.08
1478.37	0.12
1478.74	0.08
1479.11	0.08
1479.47	0.08
1479.84	0.08
1480.21	0.08
1480.57	0.08
1480.94	0.08
1481.31	0.08
1481.67	0.08
1482.04	0
1482.41	0
1482.77	0
1483.14	0
1483.51	0
1483.87	0
1484.24	0
1484.61	0.08
1484.97	0.08
1485.34	0.08
1485.71	-0.92
1486.07	-0.92
1486.44	-1
1486.81	-1
1487.17	-1
1487.54	0
1487.9	0
1488.27	0
1488.64	-0.2
1489	-0.2
1489.37	-0.2
1489.74	-0.2
1490.1	-0.08
1490.47	0.12
1490.83	0.12
1491.2	0.12
1491.57	0.12
1491.93	0
1492.3	0
1492.66	0.04
1493.03	0.12
1493.4	0.36
1493.76	0.36
1494.13	0.36
1494.49	0.32
1494.86	0.24
1495.23	0
1495.59	0
1495.96	-1.32
1496.32	-1.12
1496.69	-1.08
1497.06	-1.08
1497.42	-1.88
1497.79	-0.52
1498.15	-0.68
1498.52	-0.72
1498.88	-0.72
1499.25	0.08
1499.62	-0.36
1499.98	-0.4
1500.35	-0.4
1500.71	-0.36
1501.08	-0.36
1501.44	0.04
1501.81	0.04
1502.17	0.04
1502.54	0
1502.9	0
1503.27	0
1503.64	0.16
1504	0.16
1504.37	0.16
1504.73	0.16
1505.1	0.16
1505.46	0
1505.83	0.08
1506.19	0.08
1506.56	0.08
1506.92	0.08
1507.29	0.08
1507.65	0
1508.02	0.36
1508.38	0.36
1508.75	0.36
1509.11	0.36
1509.48	0.52
1509.84	0.16
1510.21	0.2
1510.57	0.24
1510.94	0.24
1511.3	0.08
1511.67	0.08
1512.03	0.04
1512.4	0
1512.76	0
1513.13	-1
1513.49	-1.08
1513.85	-0.96
1514.22	-0.96
1514.58	-0.92
1514.95	0.08
1515.31	0.16
1515.68	0.28
1516.04	0.28
1516.41	0.24
1516.77	0.64
1517.14	0.64
1517.5	0.4
1517.86	0.4
1518.23	0.4
1518.59	0
1518.96	0
1519.32	0
1519.69	0
1520.05	0
1520.41	0
1520.78	0
1521.14	0
1521.51	0.32
1521.87	0.32
1522.24	0.64
1522.6	0.68
1522.96	0.68
1523.33	0.44
1523.69	0.64
1524.06	0.36
1524.42	0.32
1524.78	0.36
1525.15	0.48
1525.51	0.28
1525.88	0.28
1526.24	0.28
1526.6	0.24
1526.97	0.04
1527.33	0.24
1527.69	0.2
1528.06	0.2
1528.42	0.2
1528.79	0.28
1529.15	-0.72
1529.51	-0.72
1529.88	-0.72
1530.24	-0.72
1530.6	-0.8
1530.97	0
1531.33	0.12
1531.69	0.36
1532.06	0.56
1532.42	0.56
1532.78	0.6
1533.15	0.48
1533.51	0.24
1533.87	0.04
1534.24	0.04
1534.6	0
1534.96	0.08
1535.33	0.28
1535.69	0.28
1536.05	0.28
1536.42	0.28
1536.78	0.2
1537.14	0
1537.51	0.04
1537.87	0.04
1538.23	0.04
1538.6	0.04
1538.96	0.04
1539.32	0
1539.68	0
1540.05	0
1540.41	0
1540.77	0.08
1541.14	0.12
1541.5	0.12
1541.86	0.12
1542.23	0.12
1542.59	0.12
1542.95	0.08
1543.31	0.08
1543.68	0.2
1544.04	0.2
1544.4	0.12
1544.76	0.12
1545.13	0.12
1545.49	0
1545.85	0.28
1546.21	0.32
1546.58	0.32
1546.94	0.36
1547.3	0.36
1547.66	0.2
1548.03	0.16
1548.39	0.16
1548.75	0.12
1549.11	0.32
1549.48	0.32
1549.84	0.32
1550.2	0.44
1550.56	0.56
1550.93	0.44
1551.29	0.32
1551.65	0.32
1552.01	0.2
1552.37	0.12
1552.74	0.12
1553.1	0.2
1553.46	0.2
1553.82	0.44
1554.18	0.4
1554.55	0.32
1554.91	0.24
1555.27	0.24
1555.63	0.08
1555.99	0.08
1556.36	0.08
1556.72	-1.4
1557.08	-1.24
1557.44	-1.32
1557.8	-1
1558.17	-1
1558.53	0.48
1558.89	0.44
1559.25	0.44
1559.61	0.32
1559.97	0.32
1560.34	0.36
1560.7	0.24
1561.06	0.24
1561.42	0.08
1561.78	0.08
1562.14	-0.24
1562.5	-0.24
1562.87	-0.24
1563.23	-0.28
1563.59	-0.68
1563.95	-0.4
1564.31	-0.36
1564.67	-0.12
1565.03	-0.04
1565.4	0.36
1565.76	0.36
1566.12	0.32
1566.48	0.12
1566.84	0.2
1567.2	0.2
1567.56	2.77556e-17
1567.92	2.77556e-17
1568.29	-0.04
1568.65	0
1569.01	0.08
1569.37	-0.04
1569.73	-0.04
1570.09	-0.04
1570.45	-0.24
1570.81	-0.32
1571.17	0
1571.53	0
1571.89	0.08
1572.26	0.36
1572.62	0.36
1572.98	0.4
1573.34	0.4
1573.7	0.32
1574.06	0.36
1574.42	0.36
1574.78	0.12
1575.14	0.24
1575.5	0.24
1575.86	-0.76
1576.22	-0.76
1576.58	-0.56
1576.94	-0.28
1577.3	-0.28
1577.67	0.56
1578.03	0.56
1578.39	0.56
1578.75	0.16
1579.11	0.2
1579.47	0.04
1579.83	0.16
1580.19	0.16
1580.55	0.16
1580.91	0.12
1581.27	0.12
1581.63	0
1581.99	0
1582.35	0
1582.71	0
1583.07	0
1583.43	0
1583.79	0
1584.15	0
1584.51	0.08
1584.87	0.08
1585.23	0.16
1585.59	0.24
1585.95	0.56
1586.31	0.56
1586.67	0.68
1587.03	0.6
1587.39	0.52
1587.75	0.4
1588.11	0.32
1588.47	0.24
1588.83	0.24
1589.19	0.24
1589.55	0.04
1589.91	0.08
1590.27	0.04
1590.63	0.16
1590.99	0.16
1591.35	0.16
1591.71	0.12
1592.07	0.24
1592.42	0.2
1592.78	0.24
1593.14	0.48
1593.5	0.48
1593.86	0.36
1594.22	0.28
1594.58	0.24
1594.94	0
1595.3	0.08
1595.66	0.08
1596.02	0.08
1596.38	0.08
1596.74	0.08
1597.1	0.16
1597.46	0.16
1597.81	0.16
1598.17	0.32
1598.53	0.52
1598.89	0.4
1599.25	0.48
1599.61	0.48
1599.97	0.32
1600.33	0.24
1600.69	0.44
1601.05	0.36
1601.4	0.52
1601.76	0.36
1602.12	0.24
1602.48	0.16
1602.84	0.24
1603.2	0.12
1603.56	0.32
1603.92	0.6
1604.28	0.44
1604.63	0.68
1604.99	0.64
1605.35	0.6
1605.71	0.32
1606.07	0.32
1606.43	0.04
1606.79	0.04
1607.14	0.04
1607.5	0.08
1607.86	0.08
1608.22	0.04
1608.58	0.12
1608.94	0.12
1609.29	0.08
1609.65	-0.08
1610.01	-0.08
1610.37	-1.33221e-17
1610.73	0.16
1611.09	0.2
1611.44	0.44
1611.8	0.72
1612.16	0.68
1612.52	0.76
1612.88	0.76
1613.24	0.68
1613.59	0.56
1613.95	0.72
1614.31	0.48
1614.67	0.44
1615.03	0.44
1615.38	0.48
1615.74	0.36
1616.1	0.36
1616.46	0.36
1616.82	0.36
1617.17	0.16
1617.53	0.4
1617.89	0.4
1618.25	0.44
1618.6	0.44
1618.96	0.44
1619.32	0.08
1619.68	0.08
1620.04	0.04
1620.39	-0.16
1620.75	0.24
1621.11	0.2
1621.47	0.2
1621.82	0.2
1622.18	0.4
1622.54	0.16
1622.9	0.32
1623.25	-0.64
1623.61	-0.56
1623.97	-0.44
1624.33	-0.6
1624.68	-0.8
1625.04	0.2
1625.4	0.4
1625.75	-0.24
1626.11	-0.24
1626.47	-0.2
1626.83	-0.24
1627.18	-0.52
1627.54	0.2
1627.9	0.28
1628.26	0.28
1628.61	0.28
1628.97	0.36
1629.33	0.2
1629.68	0.12
1630.04	0.12
1630.4	-0.48
1630.75	-0.56
1631.11	-0.48
1631.47	-0.48
1631.83	-0.48
1632.18	0.28
1632.54	0.56
1632.9	0.44
1633.25	0.44
1633.61	0.44
1633.97	0.28
1634.32	0
1634.68	0
1635.04	0.04
1635.39	0.04
1635.75	0.04
1636.11	0.04
1636.46	0.16
1636.82	0.16
1637.18	0.2
1637.53	0.32
1637.89	0.32
1638.25	0.28
1638.6	0.36
1638.96	0.32
1639.31	0.24
1639.67	0.24
1640.03	0.16
1640.38	0.2
1640.74	0.2
1641.1	0.24
1641.45	0.36
1641.81	0.4
1642.16	0.24
1642.52	0.24
1642.88	0.16
1643.23	-0.56
1643.59	-0.6
1643.95	-0.6
1644.3	-0.6
1644.66	-0.6
1645.01	0
1645.37	0.08
1645.73	0.08
1646.08	0.28
1646.44	0.28
1646.79	-0.32
1647.15	-0.36
1647.51	-0.36
1647.86	-0.52
1648.22	-0.52
1648.57	-0.72
1648.93	-0.76
1649.28	-0.76
1649.64	-0.32
1650	-0.32
1650.35	0.48
1650.71	0.48
1651.06	0.48
1651.42	0
1651.77	-0.2
1652.13	-0.2
1652.48	-0.2
1652.84	0.08
1653.2	0.48
1653.55	0.68
1653.91	0.68
1654.26	0.68
1654.62	0.4
1654.97	0
1655.33	0
1655.68	0
1656.04	0.28
1656.39	0.36
1656.75	0.36
1657.1	0.36
1657.46	0.4
1657.81	0.12
1658.17	0.04
1658.52	0.04
1658.88	0.04
1659.23	0.12
1659.59	0.12
1659.94	0.12
1660.3	0.16
1660.65	0.28
1661.01	0.16
1661.36	0.16
1661.72	0.24
1662.07	0.2
1662.43	0.36
1662.78	0.4
1663.14	0.4
1663.49	0.32
1663.85	0.36
1664.2	0.08
1664.56	0.28
1664.91	-1.44
1665.27	-1.44
1665.62	-1.4
1665.98	-1.4
1666.33	-1.44
1666.69	0.28
1667.04	0.48
1667.39	0.4
1667.75	0.56
1668.1	0.36
1668.46	0.36
1668.81	0.16
1669.17	0.28
1669.52	0.24
1669.88	0.24
1670.23	0.36
1670.58	0.36
1670.94	0.48
1671.29	0.44
1671.65	0.44
1672	0.36
1672.36	0.8
1672.71	0.56
1673.06	0.48
1673.42	0.28
1673.77	0.24
1674.13	-0.2
1674.48	-0.2
1674.83	0.04
1675.19	0.48
1675.54	0.64
1675.9	0.64
1676.25	0.64
1676.6	0.4
1676.96	0.36
1677.31	0.2
1677.67	0.24
1678.02	0.24
1678.37	0.24
1678.73	0.4
1679.08	0.56
1679.43	0.56
1679.79	0.56
1680.14	0.56
1680.5	-0.08
1680.85	-0.24
1681.2	-0.24
1681.56	-0.24
1681.91	-0.24
1682.26	0.04
1682.62	0.12
1682.97	0.6
1683.32	0.76
1683.68	0.76
1684.03	0.84
1684.38	0.76
1684.74	0.24
1685.09	0.16
1685.44	0.04
1685.8	-0.04
1686.15	1.74861e-17
1686.5	0.04
1686.86	0.04
1687.21	0.08
1687.56	0.08
1687.92	0.24
1688.27	0.2
1688.62	0.2
1688.98	0.28
1689.33	0.28
1689.68	0.08
1690.03	0.28
1690.39	0.32
1690.74	0.76
1691.09	0.76
1691.45	0.36
1691.8	0.2
1692.15	0.08
1692.5	-0.36
1692.86	-0.32
1693.21	0.08
1693.56	0.04
1693.92	0.2
1694.27	-0.2
1694.62	-0.24
1694.97	-0.16
1695.33	4.2189e-17
1695.68	-0.16
1696.03	0.32
1696.38	0.36
1696.74	0.28
1697.09	0.16
1697.44	0.2
1697.79	0.16
1698.15	0.12
1698.5	0.24
1698.85	0.4
1699.2	-0.44
1699.56	-0.4
1699.91	-0.2
1700.26	0.04
1700.61	-0.16
1700.97	0.64
1701.32	1.08
1701.67	1.12
1702.02	0.76
1702.37	0.76
1702.73	1.12
1703.08	0.6
1703.43	0.36
1703.78	0.44
1704.13	0.44
1704.49	0.56
1704.84	0.56
1705.19	0.92
1705.54	0.92
1705.89	1
1706.25	0.88
1706.6	0.92
1706.95	0.72
1707.3	0.64
1707.65	0.68
1708.01	0.32
1708.36	0.28
1708.71	0.12
1709.06	0.28
1709.41	0.28
1709.76	0.28
1710.12	0.28
1710.47	0.6
1710.82	0.48
1711.17	0.44
1711.52	0.72
1711.87	1.08
1712.23	0.76
1712.58	0.84
1712.93	0.76
1713.28	0.48
1713.63	0.44
1713.98	0.48
1714.33	1
1714.69	1.16
1715.04	1.16
1715.39	1.32
1715.74	1.44
1716.09	0.8
1716.44	0.76
1716.79	1.04
1717.14	0.64
1717.5	0.52
1717.85	0.92
1718.2	0.84
1718.55	0.56
1718.9	0.52
1719.25	0.84
1719.6	0.6
1719.95	0.72
1720.3	0.76
1720.65	0.72
1721.01	0.36
1721.36	0.28
1721.71	0.56
1722.06	0.24
1722.41	0.2
1722.76	0.24
1723.11	0.28
1723.46	-0.12
1723.81	0.2
1724.16	0.24
1724.51	0.44
1724.86	0.32
1725.21	0.28
1725.56	0.24
1725.92	0.6
1726.27	0.44
1726.62	0.44
1726.97	0.44
1727.32	0.04
1727.67	-0.16
1728.02	-0.24
1728.37	-0.2
1728.72	0.08
1729.07	0.68
1729.42	0.52
1729.77	0.52
1730.12	0.56
1730.47	0.28
1730.82	0.08
1731.17	0.12
1731.52	0.28
1731.87	0.2
1732.22	0.28
1732.57	0.28
1732.92	0.44
1733.27	0.36
1733.62	0.36
1733.97	0.28
1734.32	0.28
1734.67	0.12
1735.02	-0.36
1735.37	-0.36
1735.72	-0.36
1736.07	-0.36
1736.42	-0.24
1736.77	0.16
1737.12	0.16
1737.47	0.28
1737.82	0.28
1738.17	0.44
1738.52	0.56
1738.87	0.68
1739.22	0.72
1739.57	0.76
1739.92	0.52
1740.27	0.4
1740.62	0.28
1740.97	0.12
1741.32	0.08
1741.67	0.16
1742.02	0.16
1742.37	0.16
1742.72	0.16
1743.06	0.16
1743.41	0
1743.76	0.28
1744.11	-0.92
1744.46	-0.92
1744.81	-0.92
1745.16	-0.92
1745.51	-0.92
1745.86	0.52
1746.21	0.56
1746.56	0.8
1746.91	0.8
1747.26	0.52
1747.6	0.28
1747.95	0.44
1748.3	0.2
1748.65	0.24
1749	0.24
1749.35	0.4
1749.7	0.36
1750.05	0.68
1750.4	0.64
1750.75	0.88
1751.09	0.88
1751.44	0.92
1751.79	0.64
1752.14	0.68
1752.49	0.52
1752.84	0.64
1753.19	0.44
1753.54	0.4
1753.88	0.88
1754.23	0.88
1754.58	0.72
1754.93	0.84
1755.28	1.12
1755.63	0.72
1755.98	0.88
1756.32	0.8
1756.67	1.04
1757.02	1
1757.37	1
1757.72	1.36
1758.07	1.52
1758.42	1.44
1758.76	2.52
1759.11	2
1759.46	2.64
1759.81	2.76
1760.16	3
1760.5	2.84
1760.85	3.04
1761.2	2.48
1761.55	4.84
1761.9	5.88
1762.25	5.68
1762.59	6.56
1762.94	6.96
1763.29	5.68
1763.64	4.8
1763.99	5.28
1764.33	7.56
1764.68	6.64
1765.03	6.28
1765.38	8.72
1765.73	9.52
1766.07	8.12
1766.42	9.6
1766.77	10.76
1767.12	11.2
1767.46	10.4
1767.81	12.24
1768.16	14.96
1768.51	15.52
1768.85	15.88
1769.2	16.84
1769.55	18.08
1769.9	18.16
1770.25	19.48
1770.59	21.76
1770.94	24.04
1771.29	23.64
1771.64	23.56
1771.98	23.76
1772.33	24.28
1772.68	23.52
1773.02	25.44
1773.37	27.48
1773.72	29.48
1774.07	30.28
1774.41	35.12
1774.76	33.88
1775.11	35.36
1775.46	34.92
1775.8	32.84
1776.15	32.12
1776.5	32.84
1776.84	33.04
1777.19	38.08
1777.54	41.08
1777.89	41.28
1778.23	46.68
1778.58	48.04
1778.93	47.16
1779.27	47.88
1779.62	48.96
1779.97	47.44
1780.31	45.92
1780.66	46.2
1781.01	47.08
1781.35	50.76
1781.7	53.28
1782.05	56.24
1782.39	54.88
1782.74	55.12
1783.09	54.8
1783.43	55.96
1783.78	57.08
1784.13	60.76
1784.47	61.16
1784.82	58.36
1785.17	54.92
1785.51	54.08
1785.86	55.08
1786.21	60.2
1786.55	64.6
1786.9	71.96
1787.25	77.76
1787.59	77.36
1787.94	73.76
1788.29	72
1788.63	69.72
1788.98	66.48
1789.32	66.8
1789.67	64.92
1790.02	61
1790.36	62.28
1790.71	70.48
1791.06	79.84
1791.4	88.32
1791.75	98.2
1792.09	109.6
1792.44	111.32
1792.79	111.68
1793.13	115.96
1793.48	116.88
1793.82	111.48
1794.17	106.56
1794.52	99
1794.86	94.64
1795.21	91.32
1795.55	79.24
1795.9	68.2
1796.24	72.92
1796.59	87.4
1796.94	104.08
1797.28	117.16
1797.63	131.48
1797.97	133.4
1798.32	119.12
1798.66	108.88
1799.01	110.16
1799.36	108.12
1799.7	104.96
1800.05	107.28
1800.39	105.36
1800.74	107.84
1801.08	124.4
1801.43	137.92
1801.77	141.08
1802.12	142.72
1802.46	144.08
1802.81	132.6
1803.15	123
1803.5	115.6
1803.85	106.48
1804.19	94.04
1804.54	89.92
1804.88	88.2
1805.23	89.28
1805.57	104.48
1805.92	127.48
1806.26	133.56
1806.61	131.08
1806.95	139.08
1807.3	146.36
1807.64	146.88
1807.99	149.84
1808.33	152.64
1808.68	143.72
1809.02	138.56
1809.37	143.36
1809.71	151.84
1810.06	158
1810.4	159.16
1810.75	151.28
1811.09	143.64
1811.43	154.52
1811.78	177.48
1812.12	202.84
1812.47	216.4
1812.81	215.84
1813.16	197.28
1813.5	179
1813.85	168.68
1814.19	158.4
1814.54	144.28
1814.88	136.72
1815.23	121.08
1815.57	97.2
1815.91	80.28
1816.26	83
1816.6	106.04
1816.95	125.36
1817.29	142.16
1817.64	168.8
1817.98	190.04
1818.32	188
1818.67	188.72
1819.01	200.16
1819.36	190.36
1819.7	172.16
1820.05	161
1820.39	150.48
1820.73	140.16
1821.08	146.92
1821.42	138.96
1821.77	124.56
1822.11	114.12
1822.45	107.24
1822.8	96.56
1823.14	91.72
1823.49	104.12
1823.83	136.4
1824.17	156.04
1824.52	164.52
1824.86	175.84
1825.2	171.2
1825.55	143.84
1825.89	115.96
1826.24	113.44
1826.58	125.6
1826.92	129.28
1827.27	137.72
1827.61	150.04
1827.95	142.64
1828.3	127.72
1828.64	110.36
1828.98	87.84
1829.33	83.6
1829.67	105.08
1830.02	111.52
1830.36	127.16
1830.7	152.6
1831.05	159.68
1831.39	147.84
1831.73	139.36
1832.08	128.4
1832.42	118.44
1832.76	109
1833.1	94.72
1833.45	89.68
1833.79	84.72
1834.13	79.6
1834.48	82.4
1834.82	81.6
1835.16	78.36
1835.51	83.16
1835.85	76.52
1836.19	63.4
1836.54	57.2
1836.88	50.2
1837.22	38.8
1837.56	39.88
1837.91	46.92
1838.25	58.56
1838.59	76.24
1838.94	83.08
1839.28	78.04
1839.62	77.72
1839.96	71.16
1840.31	51.8
1840.65	42.8
1840.99	54.76
1841.34	69.32
1841.68	78.6
1842.02	92.56
1842.36	97.76
1842.71	84.04
1843.05	66.16
1843.39	67.08
1843.73	73.96
1844.08	88.44
1844.42	102.6
1844.76	107.44
1845.1	95.68
1845.45	81.4
1845.79	74.76
1846.13	71.24
1846.47	64.28
1846.81	56.44
1847.16	56.84
1847.5	58.76
1847.84	61.48
1848.18	67.36
1848.53	72.92
1848.87	70.68
1849.21	61.32
1849.55	48.2
1849.89	41.08
1850.24	39.16
1850.58	35.68
1850.92	31.84
1851.26	33.96
1851.6	31.76
1851.95	28.2
1852.29	27
1852.63	23.36
1852.97	19.52
1853.31	19.52
1853.66	16
1854	13.72
1854.34	24.64
1854.68	31.56
1855.02	29.96
1855.36	34.52
1855.71	35.36
1856.05	25.56
1856.39	18.12
1856.73	14.68
1857.07	11.6
1857.41	14.96
1857.76	13.64
1858.1	11.2
1858.44	12.04
1858.78	10.64
1859.12	5.64
1859.46	5.24
1859.8	5.48
1860.15	8.8
1860.49	20.36
1860.83	22.68
1861.17	22.36
1861.51	25
1861.85	20.8
1862.19	11.84
1862.53	13.12
1862.88	13.32
1863.22	12.6
1863.56	14
1863.9	12.52
1864.24	10.72
1864.58	12.6
1864.92	10.64
1865.26	10.4
1865.6	9.56
1865.94	7.52
1866.29	6.88
1866.63	7.64
1866.97	8.24
1867.31	10.88
1867.65	12.88
1867.99	13.12
1868.33	14.36
1868.67	14.56
1869.01	16.52
1869.35	25.04
1869.69	31.16
1870.03	34.08
1870.37	37.56
1870.72	35.04
1871.06	25.96
1871.4	21.4
1871.74	20.16
1872.08	20.32
1872.42	25.48
1872.76	30
1873.1	29.48
1873.44	29
1873.78	25.24
1874.12	22.04
1874.46	23.64
1874.8	29.6
1875.14	32.76
1875.48	34.64
1875.82	34.84
1876.16	34.08
1876.5	31.12
1876.84	29
1877.18	28.84
1877.52	26.96
1877.86	23.08
1878.2	21.4
1878.54	21.28
1878.88	22.28
1879.22	25.72
1879.56	29.16
1879.9	30.64
1880.24	33.84
1880.58	36.4
1880.92	36.52
1881.26	37.8
1881.6	39.08
1881.94	38.36
1882.28	41.4
1882.62	45.16
1882.96	45.96
1883.3	46.36
1883.64	45.76
1883.98	41.4
1884.32	38.64
1884.66	37.96
1885	37.6
1885.34	39.92
1885.68	44.16
1886.02	44.4
1886.36	44.28
1886.7	47.28
1887.04	49.04
1887.38	47.24
1887.72	50.68
1888.06	54.68
1888.39	54.24
1888.73	57.56
1889.07	65.24
1889.41	63.4
1889.75	62.44
1890.09	65.72
1890.43	60.84
1890.77	50.8
1891.11	51.4
1891.45	49.4
1891.79	45.56
1892.13	48.24
1892.47	54.76
1892.8	55
1893.14	56.88
1893.48	61.2
1893.82	61.64
1894.16	59.76
1894.5	62.44
1894.84	63.96
1895.18	61.08
1895.52	62.8
1895.86	66.08
1896.19	65.36
1896.53	66.32
1896.87	69.16
1897.21	66.44
1897.55	66.32
1897.89	69.12
1898.23	68.72
1898.57	66.36
1898.9	68.2
1899.24	67.88
1899.58	65.04
1899.92	66.68
1900.26	69.24
1900.6	69.72
1900.94	70.28
1901.27	71.88
1901.61	70.8
1901.95	71.24
1902.29	73.88
1902.63	73
1902.97	73.6
1903.3	73.88
1903.64	72.52
1903.98	70.2
1904.32	70.32
1904.66	70.36
1905	70.08
1905.33	70.76
1905.67	69.96
1906.01	71.2
1906.35	70.16
1906.69	69.48
1907.02	70.16
1907.36	70.8
1907.7	71.76
1908.04	71.28
1908.38	72.68
1908.71	72.84
1909.05	74
1909.39	71.76
1909.73	72.44
1910.07	72.16
1910.4	72.32
1910.74	72.88
1911.08	73.56
1911.42	74.56
1911.76	74.12
1912.09	73.04
1912.43	72.36
1912.77	72.76
1913.11	69.56
1913.44	68.44
1913.78	69.28
1914.12	68.2
1914.46	66.8
1914.79	68.2
1915.13	68.16
1915.47	66.92
1915.81	66.52
1916.14	67.44
1916.48	67.32
1916.82	68.64
1917.16	68.8
1917.49	68.04
1917.83	67.92
1918.17	67.76
1918.5	66.28
1918.84	65.44
1919.18	67.16
1919.52	65.64
1919.85	65.44
1920.19	66.4
1920.53	67
1920.87	66.84
1921.2	69.08
1921.54	69.84
1921.88	68.64
1922.21	68.76
1922.55	68.28
1922.89	66.36
1923.22	65.08
1923.56	64.88
1923.9	65.16
1924.23	63.28
1924.57	61.08
1924.91	61.92
1925.25	61.6
1925.58	60.36
1925.92	60.16
1926.26	61.52
1926.59	60.04
1926.93	60.28
1927.27	60.24
1927.6	60.08
1927.94	59.32
1928.28	59.56
1928.61	58.32
1928.95	58.04
1929.29	57.72
1929.62	58.48
1929.96	57.44
1930.29	59.64
1930.63	60.48
1930.97	60.4
1931.3	60.64
1931.64	61.4
1931.98	59.2
1932.31	57.08
1932.65	58.04
1932.99	56.32
1933.32	55.92
1933.66	56.4
1933.99	57.08
1934.33	56.4
1934.67	57
1935	55.36
1935.34	55.08
1935.67	55.92
1936.01	55.96
1936.35	56.56
1936.68	58.84
1937.02	58.72
1937.35	58.2
1937.69	59.84
1938.03	60.52
1938.36	58.28
1938.7	58.96
1939.03	57.84
1939.37	54.84
1939.7	54.72
1940.04	56.92
1940.38	58
1940.71	58.72
1941.05	61
1941.38	60
1941.72	59.08
1942.05	58.6
1942.39	58.44
1942.73	57.24
1943.06	58.76
1943.4	59.12
1943.73	59.24
1944.07	59.92
1944.4	60.16
1944.74	58.76
1945.07	59.8
1945.41	58.12
1945.74	56.96
1946.08	57.24
1946.42	58
1946.75	56.68
1947.09	58.12
1947.42	58.72
1947.76	58.72
1948.09	58.24
1948.43	59.12
1948.76	59.32
1949.1	59.84
1949.43	60.6
1949.77	61.04
1950.1	61.16
1950.44	60.28
1950.77	59.72
1951.11	59.32
1951.44	58.6
1951.78	59.08
1952.11	59.08
1952.45	60.08
1952.78	60.4
1953.12	62.44
1953.45	60.72
1953.79	60.8
1954.12	62.04
1954.46	61.84
1954.79	60.12
1955.12	60.72
1955.46	62.68
1955.79	60.2
1956.13	60.52
1956.46	61.64
1956.8	61.88
1957.13	59.12
1957.47	60.84
1957.8	59.92
1958.14	58.8
1958.47	59.08
1958.8	62.08
1959.14	63
1959.47	61.92
1959.81	62.2
1960.14	62.56
1960.48	60
1960.81	57.72
1961.14	59.48
1961.48	59.64
1961.81	57.88
1962.15	57.72
1962.48	58.76
1962.82	57.64
1963.15	57.56
1963.48	58.04
1963.82	58.8
1964.15	56.04
1964.49	56.04
1964.82	55.48
1965.15	54.76
1965.49	53.12
1965.82	54.76
1966.16	54.4
1966.49	52.72
1966.82	53
1967.16	54.4
1967.49	54.56
1967.83	54.6
1968.16	54.44
1968.49	55.36
1968.83	52.92
1969.16	50.76
1969.49	49.48
1969.83	49.88
1970.16	46.92
1970.49	46.32
1970.83	46.48
1971.16	47.28
1971.5	44.68
1971.83	45.36
1972.16	46.08
1972.5	45.96
1972.83	44.08
1973.16	45.36
1973.5	44.6
1973.83	43.52
1974.16	42.72
1974.5	42.4
1974.83	42.28
1975.16	42.08
1975.5	41.08
1975.83	39.68
1976.16	39.48
1976.49	37.68
1976.83	37
1977.16	37.36
1977.49	37.32
1977.83	37.04
1978.16	38.32
1978.49	37.72
1978.83	37.2
1979.16	37.32
1979.49	36.24
1979.83	33.48
1980.16	33.44
1980.49	32.08
1980.82	30.12
1981.16	30.2
1981.49	30.08
1981.82	28.12
1982.15	26.2
1982.49	26.92
1982.82	26.8
1983.15	25.96
1983.49	25.32
1983.82	26.56
1984.15	25.8
1984.48	22.92
1984.82	22.36
1985.15	21.64
1985.48	20.48
1985.81	18.28
1986.15	18
1986.48	18.76
1986.81	18.28
1987.14	16.88
1987.48	17
1987.81	16.44
1988.14	14.88
1988.47	15.32
1988.81	16.96
1989.14	16.2
1989.47	14.92
1989.8	14
1990.13	11.72
1990.47	9.88
1990.8	9.32
1991.13	11.88
1991.46	11.88
1991.79	11.32
1992.13	10.04
1992.46	10.4
1992.79	8.8
1993.12	8.72
1993.45	8.92
1993.79	9.12
1994.12	8.08
1994.45	8.2
1994.78	7.48
1995.11	8.68
1995.45	8.32
1995.78	8.12
1996.11	7.2
1996.44	7.56
1996.77	6.72
1997.1	7.6
1997.44	8.48
1997.77	8.44
1998.1	7.6
1998.43	8.08
1998.76	7.8
1999.09	6.4
1999.43	5.68
1999.76	6.12
2000.09	5.32
2000.42	5.6
2000.75	6
2001.08	5.96
2001.41	5.56
2001.75	4.8
2002.08	3.56
2002.41	3.4
2002.74	3.72
2003.07	3.52
2003.4	4.6
2003.73	5.2
2004.06	5
2004.4	4.64
2004.73	4.76
2005.06	4.4
2005.39	3.96
2005.72	4.12
2006.05	4.48
2006.38	4.76
2006.71	4.8
2007.04	4.56
2007.37	5.2
2007.71	5.32
2008.04	5
2008.37	4.64
2008.7	4.16
2009.03	3.4
2009.36	3.72
2009.69	4.08
2010.02	4
2010.35	4.76
2010.68	5
2011.01	5.32
2011.34	5.12
2011.67	5.68
2012.01	6.04
2012.34	6.92
2012.67	5.8
2013	5.24
2013.33	5.6
2013.66	4.88
2013.99	3.96
2014.32	3.88
2014.65	4.84
2014.98	4.24
2015.31	5
2015.64	6.24
2015.97	6
2016.3	5
2016.63	5.68
2016.96	5.44
2017.29	3.92
2017.62	3.88
2017.95	4.6
2018.28	4.2
2018.61	4.2
2018.94	4.68
2019.27	6.32
2019.6	6.32
2019.93	6.16
2020.26	5.96
2020.59	5.64
2020.92	4.88
2021.25	4.64
2021.58	5.12
2021.91	6.12
2022.24	6.6
2022.57	5.68
2022.9	6.88
2023.23	6.4
2023.56	5.72
2023.89	5.32
2024.22	6.08
2024.55	5.2
2024.88	5.12
2025.21	5.32
2025.54	5.08
2025.87	5.8
2026.2	5.32
2026.53	5.32
2026.86	4.4
2027.19	5
2027.52	3.72
2027.85	3.88
2028.18	3.24
2028.51	3.44
2028.84	2.92
2029.16	3.12
2029.49	3.08
2029.82	4.04
2030.15	4.36
2030.48	3.92
2030.81	4.52
2031.14	5.44
2031.47	4.56
2031.8	4.96
2032.13	5.44
2032.46	4.64
2032.79	3.56
2033.12	4.04
2033.44	3.6
2033.77	3.64
2034.1	4.12
2034.43	4.24
2034.76	4.56
2035.09	4.36
2035.42	4.04
2035.75	3.84
2036.08	4.12
2036.41	3.56
2036.73	3.52
2037.06	3.96
2037.39	4.76
2037.72	3.88
2038.05	4.24
2038.38	4.32
2038.71	4.28
2039.04	2.36
2039.36	3.6
2039.69	3.92
2040.02	3.28
2040.35	2.96
2040.68	3.96
2041.01	3.28
2041.34	3.04
2041.66	3.56
2041.99	3.4
2042.32	3.92
2042.65	3.76
2042.98	3.2
2043.31	2.84
2043.63	2.64
2043.96	2.12
2044.29	2
2044.62	2
2044.95	2.64
2045.28	3.36
2045.6	2.96
2045.93	3.48
2046.26	3.24
2046.59	3.04
2046.92	3.08
2047.24	3.76
2047.57	3
2047.9	3.4
2048.23	3.64
2048.56	3.64
2048.88	2.84
2049.21	3.52
2049.54	3.04
2049.87	3.04
2050.2	2.36
2050.52	2.96
2050.85	2.48
2051.18	2.44
2051.51	2.04
2051.83	2.64
2052.16	2.48
2052.49	2.4
2052.82	2.2
2053.15	2
2053.47	1.48
2053.8	1.68
2054.13	2.12
2054.46	2.48
2054.78	2.72
2055.11	3.36
2055.44	2.48
2055.77	1.96
2056.09	1.92
2056.42	2.4
2056.75	1.76
2057.08	2.4
2057.4	2.36
2057.73	3.12
2058.06	2.24
2058.38	2.12
2058.71	1.76
2059.04	2.12
2059.37	1.24
2059.69	1.16
2060.02	1.2
2060.35	1.56
2060.67	1.36
2061	1.68
2061.33	1.44
2061.66	1.64
2061.98	1.68
2062.31	1.52
2062.64	1.16
2062.96	1.48
2063.29	1.2
2063.62	0.8
2063.94	0.64
2064.27	0.72
2064.6	-0.2
2064.92	-0.4
2065.25	-0.36
2065.58	0.16
2065.91	0.08
2066.23	1
2066.56	1.08
2066.89	1.6
2067.21	1.2
2067.54	1.04
2067.87	1.72
2068.19	1.96
2068.52	1.32
2068.84	1.4
2069.17	1.44
2069.5	1.04
2069.82	0.52
2070.15	0.84
2070.48	0.88
2070.8	1.24
2071.13	1.08
2071.46	1.48
2071.78	1.16
2072.11	0.92
2072.43	0.64
2072.76	0.6
2073.09	1.08
2073.41	1.44
2073.74	1.84
2074.07	1.72
2074.39	1.56
2074.72	0.88
2075.04	0.64
2075.37	0.36
2075.7	0.36
2076.02	0.52
2076.35	0.76
2076.67	0.76
2077	0.64
2077.33	0.72
2077.65	0.48
2077.98	0.32
2078.3	0.16
2078.63	0.16
2078.95	0.28
2079.28	0.48
2079.61	0.04
2079.93	0.16
2080.26	0.16
2080.58	0.12
2080.91	0.24
2081.23	0.6
2081.56	0.48
2081.89	0.72
2082.21	0.72
2082.54	0.4
2082.86	0.84
2083.19	1.2
2083.51	1.24
2083.84	1.36
2084.16	1.36
2084.49	1.08
2084.81	0.8
2085.14	0.52
2085.46	0.56
2085.79	0.84
2086.12	0.84
2086.44	1.16
2086.77	1.28
2087.09	1.04
2087.42	0.76
2087.74	0.84
2088.07	0.64
2088.39	0.68
2088.72	0.84
2089.04	1.08
2089.37	0.88
2089.69	1.04
2090.02	0.96
2090.34	0.56
2090.67	0.56
2090.99	-1.56
2091.32	-1.8
2091.64	-1.64
2091.97	-1.24
2092.29	-1.48
2092.62	0.6
2092.94	0.48
2093.26	0.68
2093.59	0.48
2093.91	-0.68
2094.24	-0.68
2094.56	-0.64
2094.89	-0.68
2095.21	-0.72
2095.54	0.68
2095.86	0.68
2096.19	0.88
2096.51	0.48
2096.84	0.52
2097.16	0.28
2097.48	0.36
2097.81	0.32
2098.13	0.48
2098.46	0.28
2098.78	0.28
2099.11	0.4
2099.43	0.44
2099.75	0.28
2100.08	0.44
2100.4	0.52
2100.73	0.48
2101.05	0.24
2101.38	0.36
2101.7	0.84
2102.02	0.76
2102.35	0.68
2102.67	0.68
2103	0.76
2103.32	0.28
2103.64	0.44
2103.97	0.36
2104.29	0.36
2104.62	0.36
2104.94	0.88
2105.26	0.36
2105.59	0.36
2105.91	0.36
2106.23	0.52
2106.56	-1.33357e-17
2106.88	0.52
2107.21	0.68
2107.53	0.8
2107.85	0.44
2108.18	0.52
2108.5	0.36
2108.82	0.24
2109.15	0.12
2109.47	0.32
2109.79	0.68
2110.12	0.68
2110.44	0.64
2110.76	0.64
2111.09	0.44
2111.41	0
2111.73	0.32
2112.06	0.32
2112.38	0.32
2112.7	-0.04
2113.03	0.32
2113.35	-1.33357e-17
2113.67	0.16
2114	0.32
2114.32	0.76
2114.64	0.4
2114.97	0.44
2115.29	0.48
2115.61	0.44
2115.94	0.36
2116.26	0.72
2116.58	0.72
2116.91	-0.28
2117.23	-0.4
2117.55	-0.4
2117.87	-0.68
2118.2	-0.48
2118.52	0.32
2118.84	0.32
2119.17	0.56
2119.49	0.6
2119.81	0.48
2120.13	0.52
2120.46	0.56
2120.78	-0.64
2121.1	-0.76
2121.42	-0.76
2121.75	-0.72
2122.07	-0.76
2122.39	0.32
2122.72	0.68
2123.04	0.64
2123.36	0.84
2123.68	0.84
2124.01	0.72
2124.33	0.52
2124.65	0.72
2124.97	0.44
2125.29	0.44
2125.62	0.52
2125.94	0.72
2126.26	0.44
2126.58	0.68
2126.91	-0.32
2127.23	-0.4
2127.55	-0.76
2127.87	-0.72
2128.2	-0.76
2128.52	0.28
2128.84	0.28
2129.16	0.36
2129.48	0.32
2129.81	0.12
2130.13	0.16
2130.45	0.16
2130.77	0.2
2131.09	0.2
2131.42	0.48
2131.74	0.52
2132.06	0.52
2132.38	0.4
2132.7	0.4
2133.02	0.12
2133.35	0
2133.67	0
2133.99	0
2134.31	-0.6
2134.63	-0.6
2134.96	-0.6
2135.28	-0.48
2135.6	-0.28
2135.92	0.32
2136.24	0.32
2136.56	0.32
2136.88	0.2
2137.21	0
2137.53	0.12
2137.85	0.2
2138.17	-0.24
2138.49	-0.24
2138.81	-0.08
2139.13	-0.04
2139.46	-0.12
2139.78	0.32
2140.1	0.32
2140.42	0.16
2140.74	0.08
2141.06	0.28
2141.38	0.32
2141.7	0.32
2142.03	0.4
2142.35	0.32
2142.67	0.12
2142.99	0.28
2143.31	0.28
2143.63	0.44
2143.95	0.52
2144.27	0.52
2144.59	0.52
2144.91	0.32
2145.24	0.12
2145.56	0.04
2145.88	0.04
2146.2	-0.16
2146.52	0.04
2146.84	0
2147.16	0.12
2147.48	0.12
2147.8	0.12
2148.12	0.16
2148.44	0.16
2148.76	0.08
2149.08	0.48
2149.41	0.48
2149.73	0.48
2150.05	0.52
2150.37	0.48
2150.69	0.08
2151.01	0.2
2151.33	0.24
2151.65	0.24
2151.97	0.28
2152.29	0.28
2152.61	-0.24
2152.93	-0.32
2153.25	-0.36
2153.57	-0.4
2153.89	-0.4
2154.21	-0.4
2154.53	-0.4
2154.85	-0.2
2155.17	-0.2
2155.49	-0.36
2155.81	0.12
2156.13	0.12
2156.45	0.2
2156.77	0.2
2157.09	0.44
2157.41	0.36
2157.73	0.48
2158.05	0.2
2158.37	0.32
2158.69	0.24
2159.01	0.24
2159.33	0.12
2159.65	0.2
2159.97	0.08
2160.29	0.08
2160.61	0.08
2160.93	0.12
2161.25	0.12
2161.57	0.12
2161.89	0.12
2162.21	0.12
2162.53	0.08
2162.85	-0.48
2163.17	-0.44
2163.49	-0.4
2163.81	-0.4
2164.13	-0.32
2164.45	-0.44
2164.77	-0.28
2165.08	-0.32
2165.4	-0.28
2165.72	-0.32
2166.04	0.32
2166.36	0.16
2166.68	0.2
2167	0.16
2167.32	0.12
2167.64	0.12
2167.96	0.12
2168.28	0.08
2168.6	0.2
2168.92	0.2
2169.24	0.24
2169.55	0.2
2169.87	0.2
2170.19	0.12
2170.51	0.24
2170.83	0.16
2171.15	0.48
2171.47	0.48
2171.79	0.48
2172.11	0.36
2172.43	0.44
2172.74	0.12
2173.06	0.12
2173.38	0.08
2173.7	0.08
2174.02	0
2174.34	0
2174.66	0.16
2174.98	0.16
2175.29	0.16
2175.61	0.16
2175.93	0.36
2176.25	0.32
2176.57	0.32
2176.89	0.52
2177.21	0.52
2177.52	0.32
2177.84	0.2
2178.16	0.24
2178.48	0.04
2178.8	0.04
2179.12	0.04
2179.43	0.04
2179.75	-1
2180.07	-1
2180.39	-1
2180.71	-0.92
2181.03	-0.88
2181.34	0.16
2181.66	0.16
2181.98	0.16
2182.3	0.2
2182.62	0.16
2182.93	-0.28
2183.25	-0.2
2183.57	-0.2
2183.89	-0.2
2184.21	-0.2
2184.52	0.24
2184.84	0.16
2185.16	0.24
2185.48	0.12
2185.8	0.2
2186.11	0.24
2186.43	0.28
2186.75	0.2
2187.07	-0.2
2187.39	-1.08
2187.7	-1.16
2188.02	-1.8
2188.34	-1.68
2188.66	-1.12
2188.97	-0.28
2189.29	-0.28
2189.61	0.32
2189.93	0.2
2190.24	0.04
2190.56	0
2190.88	0.08
2191.2	0.12
2191.51	0.12
2191.83	0.12
2192.15	0.12
2192.47	0.08
2192.78	0.04
2193.1	0.32
2193.42	0.44
2193.74	0.48
2194.05	0.64
2194.37	0.64
2194.69	0.44
2195	-0.08
2195.32	-0.04
2195.64	-0.12
2195.96	-0.08
2196.27	-0.16
2196.59	-0.28
2196.91	-0.12
2197.22	-0.16
2197.54	-0.2
2197.86	-0.2
2198.18	0.32
2198.49	0.08
2198.81	0
2199.13	0
2199.44	0
2199.76	0
2200.08	0.12
2200.39	0.12
2200.71	0.12
2201.03	0.12
2201.34	0.12
2201.66	0
2201.98	0.08
2202.29	0.08
2202.61	0.08
2202.93	0.08
2203.24	0.12
2203.56	0.04
2203.88	0.04
2204.19	0.08
2204.51	0.32
2204.83	0.28
2205.14	0.28
2205.46	0.28
2205.78	0.36
2206.09	0.12
2206.41	-0.08
2206.72	-0.28
2207.04	-0.28
2207.36	-0.8
2207.67	-0.8
2207.99	-0.6
2208.31	-0.4
2208.62	-0.4
2208.94	0
2209.25	0
2209.57	0
2209.89	0
2210.2	0
2210.52	0.04
2210.83	0.04
2211.15	0.28
2211.47	0.28
2211.78	0.28
2212.1	-0.16
2212.41	-1.33221e-17
2212.73	-0.24
2213.05	-0.24
2213.36	-0.24
2213.68	0.16
2213.99	0
2214.31	0.12
2214.62	0.12
2214.94	0.16
2215.26	0.16
2215.57	0.16
2215.89	0.04
2216.2	0.12
2216.52	0.12
2216.83	0.12
2217.15	0.24
2217.46	0.24
2217.78	0.28
2218.1	0.04
2218.41	0.12
2218.73	-6.66107e-18
2219.04	-6.66107e-18
2219.36	0.24
2219.67	0.48
2219.99	0.4
2220.3	0.48
2220.62	0.48
2220.93	0.16
2221.25	0.12
2221.56	0.16
2221.88	0.08
2222.19	0.08
2222.51	0.04
2222.82	-1.36
2223.14	-1.4
2223.45	-1.36
2223.77	-1.36
2224.08	-1.28
2224.4	0.16
2224.71	0.16
2225.03	0.16
2225.34	0.16
2225.66	-1.28
2225.97	-1.2
2226.29	-0.96
2226.6	-1
2226.92	-1
2227.23	0.36
2227.55	0.24
2227.86	0
2228.18	0
2228.49	0
2228.81	0
2229.12	0
2229.44	0
2229.75	0.04
2230.07	0.28
2230.38	0.28
2230.69	0.28
2231.01	0.28
2231.32	0.6
2231.64	0.4
2231.95	0.52
2232.27	0.56
2232.58	0.56
2232.9	0.2
2233.21	0.16
2233.52	0.36
2233.84	0.44
2234.15	0.44
2234.47	0.44
2234.78	0.44
2235.1	0.16
2235.41	0.04
2235.72	0.04
2236.04	0.04
2236.35	0.04
2236.67	-0.6
2236.98	-0.6
2237.29	-0.6
2237.61	-0.6
2237.92	-0.4
2238.24	0.2
2238.55	0.2
2238.86	0.28
2239.18	0.28
2239.49	-0.72
2239.8	-0.72
2240.12	-0.72
2240.43	-0.68
2240.75	-0.6
2241.06	0.2
2241.37	0.2
2241.69	0.2
2242	0.12
2242.31	0.04
2242.63	0.04
2242.94	0.2
2243.26	-0.4
2243.57	-0.12
2243.88	-0.12
2244.2	0.08
2244.51	-0.08
2244.82	0.64
2245.14	0.32
2245.45	0.36
2245.76	0.16
2246.08	0.16
2246.39	0.16
2246.7	0.16
2247.02	0.32
2247.33	0.48
2247.64	0.48
2247.96	0.36
2248.27	0.36
2248.58	-0.84
2248.9	-0.88
2249.21	-0.88
2249.52	-0.88
2249.83	-0.88
2250.15	0.36
2250.46	0.24
2250.77	0.24
2251.09	0.32
2251.4	0.56
2251.71	0.32
2252.03	0.36
2252.34	0.6
2252.65	0.84
2252.96	0.6
2253.28	0.72
2253.59	0.68
2253.9	0.6
2254.21	0.28
2254.53	0.28
2254.84	-0.16
2255.15	-0.16
2255.47	-0.32
2255.78	-0.28
2256.09	-0.28
2256.4	0.2
2256.72	0.2
2257.03	0.2
2257.34	0.2
2257.65	0.2
2257.97	0.16
2258.28	0.16
2258.59	0.16
2258.9	0.12
2259.22	0.16
2259.53	0.04
2259.84	0.04
2260.15	0.04
2260.46	0.16
2260.78	0.12
2261.09	0.12
2261.4	0.12
2261.71	0.12
2262.03	0.08
2262.34	0.08
2262.65	0.12
2262.96	0.12
2263.27	0.16
2263.59	0.12
2263.9	0.28
2264.21	0.24
2264.52	0.24
2264.83	0.2
2265.15	0.16
2265.46	0
2265.77	0
2266.08	0.08
2266.39	0.08
2266.7	0.08
2267.02	0.08
2267.33	-0.32
2267.64	-0.2
2267.95	0.04
2268.26	0.04
2268.57	0.04
2268.89	0.44
2269.2	0.24
2269.51	0
2269.82	0.08
2270.13	0.12
2270.44	0.44
2270.76	0.04
2271.07	0.2
2271.38	-0.48
2271.69	-0.52
2272	-0.84
2272.31	-0.52
2272.62	-1.48
2272.93	-0.84
2273.25	-0.84
2273.56	-0.84
2273.87	-0.76
2274.18	0.04
2274.49	0
2274.8	0.16
2275.11	0.2
2275.42	0.24
2275.74	0.24
2276.05	0.24
2276.36	0.08
2276.67	0.08
2276.98	0.08
2277.29	0.16
2277.6	0.16
2277.91	0.16
2278.22	-0.28
2278.53	-0.32
2278.85	-0.4
2279.16	-1.4
2279.47	-1.4
2279.78	-1
2280.09	-1
2280.4	-1
2280.71	0
2281.02	0.12
2281.33	0.12
2281.64	0.12
2281.95	0.12
2282.26	0.12
2282.57	0.12
2282.88	0.12
2283.19	0.12
2283.5	0.12
2283.82	0.12
2284.13	0
2284.44	0
2284.75	-0.6
2285.06	-0.36
2285.37	-0.32
2285.68	-0.24
2285.99	-0.24
2286.3	0.36
2286.61	0.12
2286.92	0.08
2287.23	0.08
2287.54	0.2
2287.85	0.2
2288.16	0.28
2288.47	0.32
2288.78	0.24
2289.09	0.32
2289.4	0.32
2289.71	0.24
2290.02	0.2
2290.33	0.2
2290.64	0
2290.95	-0.2
2291.26	-0.2
2291.57	-0.2
2291.88	-0.6
2292.19	-0.6
2292.5	-0.4
2292.81	-0.4
2293.12	-0.4
2293.43	0
2293.74	0
2294.05	0
2294.36	0
2294.67	0
2294.98	0
2295.29	0
2295.6	0
2295.91	0
2296.21	0
2296.52	0
2296.83	0
2297.14	0
2297.45	0
2297.76	0
2298.07	0
2298.38	0
2298.69	0
2299	0
2299.31	0
2299.62	0
2299.93	0
2300.24	0
2300.55	0
2300.85	0
2301.16	0
2301.47	0
2301.78	0
2302.09	0
2302.4	0
2302.71	0
2303.02	0
2303.33	0
2303.64	0
2303.94	0
2304.25	0
2304.56	0
2304.87	0
2305.18	0
2305.49	0
2305.8	0
2306.11	0
2306.42	0
2306.72	0
2307.03	0
2307.34	0
2307.65	0
2307.96	0
2308.27	0
2308.58	0
2308.88	0
2309.19	0
2309.5	0
2309.81	0
2310.12	0
2310.43	0
2310.74	0
2311.04	0
2311.35	0
2311.66	0
2311.97	0
2312.28	0
2312.59	0
2312.89	0
2313.2	0
2313.51	0
2313.82	0
2314.13	0
2314.43	0
2314.74	0
2315.05	0
2315.36	0
2315.67	0
2315.97	0
2316.28	0
2316.59	0
2316.9	0
2317.21	0
2317.51	0
2317.82	0
2318.13	0
2318.44	0
2318.75	0
2319.05	0
2319.36	0
2319.67	0
2319.98	0
2320.28	0
2320.59	0
2320.9	0
2321.21	0
2321.51	0
2321.82	0
2322.13	0
2322.44	0
2322.74	0
2323.05	0
2323.36	0
2323.67	0
2323.97	0
2324.28	0
2324.59	0
2324.9	0
2325.2	0
2325.51	0
2325.82	0
2326.13	0
2326.43	0
2326.74	0
2327.05	0
2327.35	0
2327.66	0
2327.97	0
2328.27	0
2328.58	0
2328.89	0
2329.2	0
2329.5	0
2329.81	0
2330.12	0
2330.42	0
2330.73	0
2331.04	0
2331.34	0
2331.65	0
2331.96	0
2332.26	0
2332.57	0
2332.88	0
2333.18	0
2333.49	0
2333.8	0
2334.1	0
2334.41	0
2334.72	0
2335.02	0
2335.33	0
2335.64	0
2335.94	0
2336.25	0
2336.56	0
2336.86	0
2337.17	0
2337.48	0
2337.78	0
2338.09	0
2338.39	0
2338.7	0
2339.01	0
2339.31	0
2339.62	0
2339.93	0
2340.23	0
2340.54	0
2340.84	0
2341.15	0
2341.46	0
2341.76	0
2342.07	0
2342.37	0
2342.68	0
2342.99	0
2343.29	0
2343.6	0
2343.9	0
2344.21	0
2344.51	0
2344.82	0
2345.13	0
2345.43	0
2345.74	0
2346.04	0
2346.35	0
2346.65	0
2346.96	0
2347.27	0
2347.57	0
2347.88	0
2348.18	0
2348.49	0
2348.79	0
2349.1	0
2349.4	0
2349.71	0
2350.01	0
2350.32	0
2350.63	0
2350.93	0
2351.24	0
2351.54	0
2351.85	0
2352.15	0
2352.46	0
2352.76	0
2353.07	0
2353.37	0
2353.68	0
2353.98	0
2354.29	0
2354.59	0
2354.9	0
2355.2	0
2355.51	0
2355.81	0
2356.12	0
2356.42	0
2356.73	0
2357.03	0
2357.34	0
2357.64	0
2357.95	0
2358.25	0
2358.55	0
2358.86	0
2359.16	0
2359.47	0
2359.77	0
2360.08	0
2360.38	0
2360.69	0
2360.99	0
2361.3	0
2361.6	0
2361.9	0
2362.21	0
2362.51	0
2362.82	0
2363.12	0
2363.43	0
2363.73	0
2364.04	0
2364.34	0
2364.64	0
2364.95	0
2365.25	0
2365.56	0
2365.86	0
2366.16	0
2366.47	0
2366.77	0
2367.08	0
2367.38	0
2367.68	0
2367.99	0
2368.29	0
2368.6	0
2368.9	0
2369.2	0
2369.51	0
2369.81	0
2370.12	0
2370.42	0
2370.72	0
2371.03	0
2371.33	0
2371.63	0
2371.94	0
2372.24	0
2372.55	0
2372.85	0
2373.15	0
2373.46	0
2373.76	0
2374.06	0
2374.37	0
2374.67	0
2374.97	0
2375.28	0
2375.58	0
2375.88	0
2376.19	0
2376.49	0
2376.79	0
2377.1	0
2377.4	0
2377.7	0
2378.01	0
2378.31	0
2378.61	0
2378.92	0
2379.22	0
2379.52	0
2379.82	0
2380.13	0
2380.43	0
2380.73	0
2381.04	0
2381.34	0
2381.64	0
2381.95	0
2382.25	0
2382.55	0
2382.85	0
2383.16	0
2383.46	0
2383.76	0
2384.06	0
2384.37	0
2384.67	0
2384.97	0
2385.28	0
2385.58	0
2385.88	0
2386.18	0
2386.49	0
2386.79	0
2387.09	0
2387.39	0
2387.69	0
2388	0
2388.3	0
2388.6	0
2388.9	0
2389.21	0
2389.51	0
2389.81	0
2390.11	0
2390.42	0
2390.72	0
2391.02	0
2391.32	0
2391.62	0
2391.93	0
2392.23	0
2392.53	0
2392.83	0
2393.13	0
2393.44	0
2393.74	0
2394.04	0
2394.34	0
2394.64	0
2394.95	0
2395.25	0
2395.55	0
2395.85	0
2396.15	0
2396.45	0
2396.76	0
2397.06	0
2397.36	0
2397.66	0
2397.96	0
2398.26	0
2398.57	0
2398.87	0
2399.17	0
2399.47	0
2399.77	0
2400.07	0
2400.37	0
2400.68	0
2400.98	0
2401.28	0
2401.58	0
2401.88	0
2402.18	0
2402.48	0
2402.79	0
2403.09	0
2403.39	0
2403.69	0
2403.99	0
2404.29	0
2404.59	0
2404.89	0
2405.19	0
2405.5	0
2405.8	0
2406.1	0
2406.4	0
2406.7	0
2407	0
2407.3	0
2407.6	0
2407.9	0
2408.2	0
2408.5	0
2408.8	0
2409.11	0
2409.41	0
2409.71	0
2410.01	0
2410.31	0
2410.61	0
2410.91	0
2411.21	0
2411.51	0
2411.81	0
2412.11	0
2412.41	0
2412.71	0
2413.01	0
2413.31	0
2413.61	0
2413.91	0
2414.21	0
2414.51	0
2414.81	0
2415.12	0
2415.42	0
2415.72	0
2416.02	0
2416.32	0
2416.62	0
2416.92	0
2417.22	0
2417.52	0
2417.82	0
2418.12	0
2418.42	0
2418.72	0
2419.02	0
2419.32	0
2419.62	0
2419.92	0
2420.22	0
2420.52	0
2420.82	0
2421.12	0
2421.42	0
2421.71	0
2422.01	0
2422.31	0
2422.61	0
2422.91	0
2423.21	0
2423.51	0
2423.81	0
2424.11	0
2424.41	0
2424.71	0
2425.01	0
2425.31	0
2425.61	0
2425.91	0
2426.21	0
2426.51	0
2426.81	0
2427.11	0
2427.41	0
2427.7	0
2428	0
2428.3	0
2428.6	0
2428.9	0
2429.2	0
2429.5	0
2429.8	0
2430.1	0
2430.4	0
2430.7	0
2430.99	0
2431.29	0
2431.59	0
2431.89	0
2432.19	0
2432.49	0
2432.79	0
2433.09	0
2433.39	0
2433.68	0
2433.98	0
2434.28	0
2434.58	0
2434.88	0
2435.18	0
2435.48	0
2435.78	0
2436.07	0
2436.37	0
2436.67	0
2436.97	0
2437.27	0
2437.57	0
2437.86	0
2438.16	0
2438.46	0
2438.76	0
2439.06	0
2439.36	0
2439.66	0
2439.95	0
2440.25	0
2440.55	0
2440.85	0
2441.15	0
2441.44	0
2441.74	0
2442.04	0
2442.34	0
2442.64	0
2442.93	0
2443.23	0
2443.53	0
2443.83	0
2444.13	0
2444.42	0
2444.72	0
2445.02	0
2445.32	0
2445.62	0
2445.91	0
2446.21	0
2446.51	0
2446.81	0
2447.1	0
2447.4	0
2447.7	0
2448	0
2448.3	0
2448.59	0
2448.89	0
2449.19	0
2449.49	0
2449.78	0
2450.08	0
2450.38	0
2450.68	0
2450.97	0
2451.27	0
2451.57	0
2451.87	0
2452.16	0
2452.46	0
2452.76	0
2453.05	0
2453.35	0
2453.65	0
2453.95	0
2454.24	0
2454.54	0
2454.84	0
2455.13	0
2455.43	0
2455.73	0
2456.03	0
2456.32	0
2456.62	0
2456.92	0
2457.21	0
2457.51	0
2457.81	0
2458.1	0
2458.4	0
2458.7	0
2458.99	0
2459.29	0
2459.59	0
2459.88	0
2460.18	0
2460.48	0
2460.77	0
2461.07	0
2461.37	0
2461.66	0
2461.96	0
2462.26	0
2462.55	0
2462.85	0
2463.15	0
2463.44	0
2463.74	0
2464.04	0
2464.33	0
2464.63	0
2464.92	0
2465.22	0
2465.52	0
2465.81	0
2466.11	0
2466.41	0
2466.7	0
2467	0
2467.29	0
2467.59	0
2467.89	0
2468.18	0
2468.48	0
2468.77	0
2469.07	0
2469.37	0
2469.66	0
2469.96	0
2470.25	0
2470.55	0
2470.84	0
2471.14	0
2471.44	0
2471.73	0
2472.03	0
2472.32	0
2472.62	0
2472.91	0
2473.21	0
2473.51	0
2473.8	0
2474.1	0
2474.39	0
2474.69	0
2474.98	0
2475.28	0
2475.57	0
2475.87	0
2476.17	0
2476.46	0
2476.76	0
2477.05	0
2477.35	0
2477.64	0
2477.94	0
2478.23	0
2478.53	0
2478.82	0
2479.12	0
2479.41	0
2479.71	0
2480	0
2480.3	0
2480.59	0
2480.89	0
2481.18	0
2481.48	0
2481.77	0
2482.07	0
2482.36	0
2482.66	0
2482.95	0
2483.25	0
2483.54	0
2483.84	0
2484.13	0
2484.43	0
2484.72	0
2485.02	0
2485.31	0
2485.6	0
2485.9	0
2486.19	0
2486.49	0
2486.78	0
2487.08	0
2487.37	0
2487.67	0
2487.96	0
2488.26	0
2488.55	0
2488.84	0
2489.14	0
2489.43	0
2489.73	0
2490.02	0
2490.32	0
2490.61	0
2490.9	0
2491.2	0
2491.49	0
2491.79	0
2492.08	0
2492.37	0
2492.67	0
2492.96	0
2493.26	0
2493.55	0
2493.84	0
2494.14	0
2494.43	0
2494.73	0
2495.02	0
2495.31	0
2495.61	0
2495.9	0
2496.2	0
2496.49	0
2496.78	0
2497.08	0
2497.37	0
2497.66	0
2497.96	0
2498.25	0
2498.54	0
2498.84	0
2499.13	0
2499.43	0
2499.72	0
2500.01	0
2500.31	0
2500.6	0
2500.89	0
2501.19	0
2501.48	0
2501.77	0
2502.07	0
2502.36	0
2502.65	0
2502.95	0
2503.24	0
2503.53	0
2503.82	0
2504.12	0
2504.41	0
2504.7	0
2505	0
2505.29	0
2505.58	0
2505.88	0
2506.17	0
2506.46	0
2506.76	0
2507.05	0
2507.34	0
2507.63	0
2507.93	0
2508.22	0
2508.51	0
2508.8	0
2509.1	0
2509.39	0
2509.68	0
2509.98	0
2510.27	0
2510.56	0
2510.85	0
2511.15	0
2511.44	0
2511.73	0
2512.02	0
2512.32	0
2512.61	0
2512.9	0
2513.19	0
2513.49	0
2513.78	0
2514.07	0
2514.36	0
2514.65	0
2514.95	0
2515.24	0
2515.53	0
2515.82	0
2516.12	0
2516.41	0
2516.7	0
2516.99	0
2517.28	0
2517.58	0
2517.87	0
2518.16	0
2518.45	0
2518.74	0
2519.04	0
2519.33	0
2519.62	0
2519.91	0
2520.2	0
2520.5	0
2520.79	0
2521.08	0
2521.37	0
2521.66	0
2521.95	0
2522.25	0
2522.54	0
2522.83	0
2523.12	0
2523.41	0
2523.7	0
2523.99	0
2524.29	0
2524.58	0
2524.87	0
2525.16	0
2525.45	0
2525.74	0
2526.03	0
2526.33	0
2526.62	0
2526.91	0
2527.2	0
2527.49	0
2527.78	0
2528.07	0
2528.36	0
2528.66	0
2528.95	0
2529.24	0
2529.53	0
2529.82	0
2530.11	0
2530.4	0
2530.69	0
2530.98	0
2531.27	0
2531.57	0
2531.86	0
2532.15	0
2532.44	0
2532.73	0
2533.02	0
2533.31	0
2533.6	0
2533.89	0
2534.18	0
2534.47	0
2534.76	0
2535.05	0
2535.35	0
2535.64	0
2535.93	0
2536.22	0
2536.51	0
2536.8	0
2537.09	0
2537.38	0
2537.67	0
2537.96	0
2538.25	0
2538.54	0
2538.83	0
2539.12	0
2539.41	0
2539.7	0
2539.99	0
2540.28	0
2540.57	0
2540.86	0
2541.15	0
2541.44	0
2541.73	0
2542.02	0
2542.31	0
2542.6	0
2542.89	0
2543.18	0
2543.47	0
2543.76	0
2544.05	0
2544.34	0
2544.63	0
2544.92	0
2545.21	0
2545.5	0
2545.79	0
2546.08	0
2546.37	0
2546.66	0
2546.95	0
2547.24	0
2547.53	0
2547.82	0
2548.11	0
2548.4	0
2548.69	0
2548.98	0
2549.27	0
2549.55	0
2549.84	0
2550.13	0
2550.42	0
2550.71	0
2551	0
2551.29	0
2551.58	0
2551.87	0
2552.16	0
2552.45	0
2552.74	0
2553.03	0
2553.31	0
2553.6	0
2553.89	0
2554.18	0
2554.47	0
2554.76	0
2555.05	0
2555.34	0
2555.63	0
2555.92	0
2556.2	0
2556.49	0
2556.78	0
2557.07	0
2557.36	0
2557.65	0
2557.94	0
2558.23	0
2558.51	0
2558.8	0
2559.09	0
2559.38	0
2559.67	0
2559.96	0
2560.25	0
2560.53	0
2560.82	0
2561.11	0
2561.4	0
2561.69	0
2561.98	0
2562.27	0
2562.55	0
2562.84	0
2563.13	0
2563.42	0
2563.71	0
2564	0
2564.28	0
2564.57	0
2564.86	0
2565.15	0
2565.44	0
2565.72	0
2566.01	0
2566.3	0
2566.59	0
2566.88	0
2567.16	0
2567.45	0
2567.74	0
2568.03	0
2568.32	0
2568.6	0
2568.89	0
2569.18	0
2569.47	0
2569.75	0

