Source: Spectrum Viewer

Chart: Pulse Spectrum

Series: 
Wavelength (nm)	S (a.u.)
1179.9	0
1180.29	0
1180.68	0
1181.06	0
1181.45	0
1181.83	0
1182.22	0
1182.6	0
1182.99	0
1183.38	0
1183.76	0
1184.15	0
1184.53	0
1184.92	0
1185.3	0
1185.69	0
1186.07	0
1186.46	0
1186.85	0
1187.23	0
1187.62	0
1188	4
1188.39	0
1188.77	0
1189.16	0
1189.54	0
1189.93	0
1190.31	0
1190.7	0
1191.08	0
1191.47	0
1191.85	0
1192.24	0
1192.62	0
1193.01	0
1193.39	0
1193.78	0
1194.16	0
1194.55	0
1194.93	0
1195.32	0
1195.7	0
1196.09	0
1196.47	0
1196.86	0
1197.24	0
1197.63	0
1198.01	0
1198.4	3
1198.78	0
1199.16	0
1199.55	0
1199.93	0
1200.32	0
1200.7	0
1201.09	0
1201.47	0
1201.86	0
1202.24	0
1202.63	0
1203.01	0
1203.39	0
1203.78	0
1204.16	0
1204.55	0
1204.93	0
1205.32	0
1205.7	1
1206.08	0
1206.47	0
1206.85	0
1207.24	0
1207.62	0
1208	0
1208.39	0
1208.77	0
1209.16	0
1209.54	0
1209.92	0
1210.31	0
1210.69	0
1211.08	0
1211.46	0
1211.84	0
1212.23	0
1212.61	0
1213	0
1213.38	0
1213.76	0
1214.15	0
1214.53	0
1214.91	0
1215.3	0
1215.68	0
1216.06	0
1216.45	0
1216.83	0
1217.22	0
1217.6	0
1217.98	0
1218.37	0
1218.75	0
1219.13	0
1219.52	0
1219.9	0
1220.28	0
1220.67	0
1221.05	0
1221.43	0
1221.82	0
1222.2	0
1222.58	0
1222.97	0
1223.35	0
1223.73	0
1224.11	0
1224.5	0
1224.88	0
1225.26	0
1225.65	0
1226.03	0
1226.41	0
1226.8	0
1227.18	0
1227.56	0
1227.94	0
1228.33	0
1228.71	0
1229.09	0
1229.47	0
1229.86	0
1230.24	0
1230.62	0
1231.01	0
1231.39	0
1231.77	0
1232.15	0
1232.54	0
1232.92	0
1233.3	0
1233.68	0
1234.07	0
1234.45	0
1234.83	0
1235.21	0
1235.6	0
1235.98	0
1236.36	0
1236.74	0
1237.12	0
1237.51	0
1237.89	0
1238.27	0
1238.65	0
1239.04	0
1239.42	0
1239.8	0
1240.18	0
1240.56	0
1240.95	0
1241.33	6
1241.71	0
1242.09	0
1242.47	0
1242.86	0
1243.24	0
1243.62	0
1244	4
1244.38	0
1244.77	0
1245.15	0
1245.53	0
1245.91	0
1246.29	0
1246.67	0
1247.06	0
1247.44	0
1247.82	0
1248.2	0
1248.58	0
1248.96	0
1249.34	0
1249.73	0
1250.11	0
1250.49	0
1250.87	-2
1251.25	0
1251.63	0
1252.01	0
1252.4	0
1252.78	0
1253.16	0
1253.54	0
1253.92	0
1254.3	0
1254.68	0
1255.06	0
1255.45	0
1255.83	0
1256.21	0
1256.59	0
1256.97	0
1257.35	0
1257.73	0
1258.11	0
1258.49	0
1258.87	0
1259.26	0
1259.64	0
1260.02	0
1260.4	0
1260.78	0
1261.16	0
1261.54	0
1261.92	0
1262.3	0
1262.68	0
1263.06	0
1263.44	3
1263.82	0
1264.21	0
1264.59	0
1264.97	0
1265.35	0
1265.73	0
1266.11	0
1266.49	0
1266.87	0
1267.25	0
1267.63	0
1268.01	0
1268.39	0
1268.77	0
1269.15	0
1269.53	0
1269.91	0
1270.29	0
1270.67	-7
1271.05	0
1271.43	0
1271.81	0
1272.19	0
1272.57	0
1272.95	0
1273.33	0
1273.71	0
1274.09	0
1274.47	0
1274.85	0
1275.23	0
1275.61	0
1275.99	0
1276.37	0
1276.75	0
1277.13	0
1277.51	0
1277.89	0
1278.27	0
1278.65	0
1279.03	0
1279.41	0
1279.79	0
1280.17	0
1280.55	0
1280.93	0
1281.31	0
1281.69	0
1282.07	2
1282.45	0
1282.82	0
1283.2	0
1283.58	0
1283.96	0
1284.34	0
1284.72	0
1285.1	0
1285.48	0
1285.86	0
1286.24	0
1286.62	0
1287	0
1287.38	0
1287.75	0
1288.13	0
1288.51	0
1288.89	0
1289.27	0
1289.65	0
1290.03	0
1290.41	0
1290.79	0
1291.17	0
1291.54	0
1291.92	0
1292.3	0
1292.68	0
1293.06	0
1293.44	0
1293.82	0
1294.2	0
1294.57	0
1294.95	0
1295.33	0
1295.71	0
1296.09	0
1296.47	0
1296.85	0
1297.22	0
1297.6	0
1297.98	0
1298.36	0
1298.74	0
1299.12	0
1299.5	0
1299.87	-1
1300.25	0
1300.63	0
1301.01	0
1301.39	0
1301.77	0
1302.14	0
1302.52	0
1302.9	-2
1303.28	0
1303.66	0
1304.03	0
1304.41	0
1304.79	0
1305.17	0
1305.55	0
1305.92	0
1306.3	0
1306.68	0
1307.06	0
1307.44	0
1307.81	0
1308.19	0
1308.57	0
1308.95	1
1309.32	0
1309.7	0
1310.08	0
1310.46	0
1310.84	0
1311.21	0
1311.59	0
1311.97	5
1312.35	0
1312.72	0
1313.1	0
1313.48	0
1313.86	0
1314.23	2
1314.61	0
1314.99	0
1315.37	0
1315.74	0
1316.12	0
1316.5	0
1316.87	0
1317.25	0
1317.63	0
1318.01	6
1318.38	0
1318.76	2
1319.14	0
1319.52	0
1319.89	0
1320.27	0
1320.65	0
1321.02	0
1321.4	7
1321.78	0
1322.15	0
1322.53	0
1322.91	0
1323.29	0
1323.66	-3
1324.04	0
1324.42	0
1324.79	0
1325.17	0
1325.55	0
1325.92	0
1326.3	0
1326.68	0
1327.05	0
1327.43	0
1327.81	0
1328.18	0
1328.56	0
1328.94	0
1329.31	0
1329.69	0
1330.06	0
1330.44	0
1330.82	0
1331.19	0
1331.57	0
1331.95	0
1332.32	0
1332.7	0
1333.08	0
1333.45	0
1333.83	0
1334.2	1
1334.58	0
1334.96	0
1335.33	0
1335.71	0
1336.08	0
1336.46	0
1336.84	0
1337.21	0
1337.59	0
1337.96	0
1338.34	0
1338.72	0
1339.09	0
1339.47	0
1339.84	0
1340.22	0
1340.6	0
1340.97	0
1341.35	0
1341.72	0
1342.1	0
1342.47	0
1342.85	0
1343.23	0
1343.6	0
1343.98	0
1344.35	0
1344.73	10
1345.1	0
1345.48	0
1345.85	1
1346.23	0
1346.61	0
1346.98	0
1347.36	0
1347.73	0
1348.11	0
1348.48	0
1348.86	0
1349.23	0
1349.61	0
1349.98	0
1350.36	0
1350.73	0
1351.11	0
1351.48	0
1351.86	0
1352.23	0
1352.61	0
1352.98	1
1353.36	0
1353.73	0
1354.11	0
1354.48	0
1354.86	0
1355.23	0
1355.61	0
1355.98	0
1356.36	0
1356.73	0
1357.11	0
1357.48	0
1357.86	0
1358.23	0
1358.61	0
1358.98	0
1359.35	0
1359.73	0
1360.1	0
1360.48	0
1360.85	0
1361.23	0
1361.6	0
1361.98	0
1362.35	0
1362.72	0
1363.1	0
1363.47	0
1363.85	0
1364.22	0
1364.6	0
1364.97	0
1365.34	0
1365.72	0
1366.09	0
1366.47	0
1366.84	0
1367.22	0
1367.59	0
1367.96	0
1368.34	0
1368.71	0
1369.09	0
1369.46	0
1369.83	0
1370.21	0
1370.58	-3
1370.96	0
1371.33	0
1371.7	0
1372.08	0
1372.45	0
1372.82	0
1373.2	0
1373.57	0
1373.95	0
1374.32	0
1374.69	0
1375.07	0
1375.44	0
1375.81	0
1376.19	0
1376.56	0
1376.93	0
1377.31	0
1377.68	0
1378.05	0
1378.43	0
1378.8	0
1379.17	0
1379.55	0
1379.92	0
1380.29	0
1380.67	0
1381.04	0
1381.41	0
1381.79	0
1382.16	0
1382.53	0
1382.91	0
1383.28	0
1383.65	0
1384.03	0
1384.4	0
1384.77	5
1385.14	0
1385.52	0
1385.89	0
1386.26	0
1386.64	0
1387.01	0
1387.38	6
1387.75	7
1388.13	0
1388.5	0
1388.87	0
1389.25	-4
1389.62	0
1389.99	0
1390.36	0
1390.74	0
1391.11	2
1391.48	0
1391.85	0
1392.23	0
1392.6	0
1392.97	0
1393.34	0
1393.72	0
1394.09	0
1394.46	-4
1394.83	0
1395.21	0
1395.58	0
1395.95	0
1396.32	0
1396.69	0
1397.07	0
1397.44	0
1397.81	0
1398.18	0
1398.55	0
1398.93	0
1399.3	0
1399.67	0
1400.04	0
1400.41	0
1400.79	0
1401.16	0
1401.53	0
1401.9	0
1402.27	0
1402.65	0
1403.02	0
1403.39	0
1403.76	0
1404.13	0
1404.51	0
1404.88	0
1405.25	0
1405.62	0
1405.99	0
1406.36	0
1406.74	2
1407.11	0
1407.48	0
1407.85	0
1408.22	0
1408.59	0
1408.96	0
1409.34	0
1409.71	0
1410.08	0
1410.45	0
1410.82	0
1411.19	-2
1411.56	0
1411.93	0
1412.31	0
1412.68	0
1413.05	0
1413.42	0
1413.79	0
1414.16	0
1414.53	0
1414.9	0
1415.27	0
1415.65	0
1416.02	0
1416.39	0
1416.76	0
1417.13	0
1417.5	0
1417.87	0
1418.24	0
1418.61	0
1418.98	0
1419.35	0
1419.73	0
1420.1	0
1420.47	0
1420.84	0
1421.21	0
1421.58	0
1421.95	0
1422.32	0
1422.69	0
1423.06	0
1423.43	0
1423.8	0
1424.17	2
1424.54	0
1424.91	0
1425.28	0
1425.65	0
1426.02	0
1426.39	0
1426.76	0
1427.14	0
1427.51	0
1427.88	0
1428.25	0
1428.62	0
1428.99	0
1429.36	0
1429.73	0
1430.1	0
1430.47	0
1430.84	0
1431.21	0
1431.58	0
1431.95	0
1432.32	0
1432.69	0
1433.06	-6
1433.43	0
1433.8	0
1434.17	0
1434.54	0
1434.91	0
1435.28	0
1435.64	0
1436.01	0
1436.38	0
1436.75	0
1437.12	0
1437.49	0
1437.86	0
1438.23	0
1438.6	-3
1438.97	0
1439.34	0
1439.71	0
1440.08	0
1440.45	0
1440.82	0
1441.19	0
1441.56	0
1441.93	13
1442.3	0
1442.67	0
1443.03	0
1443.4	0
1443.77	0
1444.14	0
1444.51	0
1444.88	0
1445.25	0
1445.62	0
1445.99	0
1446.36	0
1446.73	0
1447.09	0
1447.46	0
1447.83	0
1448.2	0
1448.57	0
1448.94	0
1449.31	0
1449.68	0
1450.05	0
1450.41	0
1450.78	0
1451.15	0
1451.52	0
1451.89	0
1452.26	0
1452.63	0
1453	0
1453.36	0
1453.73	0
1454.1	0
1454.47	5
1454.84	0
1455.21	0
1455.57	0
1455.94	0
1456.31	0
1456.68	0
1457.05	0
1457.42	0
1457.78	0
1458.15	0
1458.52	0
1458.89	0
1459.26	0
1459.63	0
1459.99	0
1460.36	0
1460.73	0
1461.1	0
1461.47	0
1461.83	0
1462.2	0
1462.57	0
1462.94	0
1463.31	0
1463.67	0
1464.04	0
1464.41	0
1464.78	0
1465.15	0
1465.51	0
1465.88	0
1466.25	0
1466.62	0
1466.98	0
1467.35	2
1467.72	0
1468.09	0
1468.46	0
1468.82	0
1469.19	0
1469.56	0
1469.93	0
1470.29	0
1470.66	0
1471.03	0
1471.4	0
1471.76	0
1472.13	0
1472.5	0
1472.86	0
1473.23	0
1473.6	0
1473.97	0
1474.33	0
1474.7	0
1475.07	-1
1475.44	0
1475.8	0
1476.17	0
1476.54	0
1476.9	0
1477.27	0
1477.64	0
1478	0
1478.37	0
1478.74	0
1479.11	5
1479.47	0
1479.84	0
1480.21	-1
1480.57	0
1480.94	0
1481.31	0
1481.67	0
1482.04	0
1482.41	0
1482.77	0
1483.14	0
1483.51	0
1483.87	0
1484.24	0
1484.61	0
1484.97	0
1485.34	0
1485.71	0
1486.07	0
1486.44	0
1486.81	0
1487.17	0
1487.54	0
1487.9	0
1488.27	0
1488.64	-3
1489	0
1489.37	0
1489.74	0
1490.1	0
1490.47	0
1490.83	0
1491.2	0
1491.57	0
1491.93	0
1492.3	0
1492.66	0
1493.03	-1
1493.4	0
1493.76	0
1494.13	0
1494.49	0
1494.86	0
1495.23	0
1495.59	0
1495.96	0
1496.32	0
1496.69	0
1497.06	0
1497.42	0
1497.79	0
1498.15	0
1498.52	0
1498.88	0
1499.25	0
1499.62	0
1499.98	0
1500.35	0
1500.71	0
1501.08	0
1501.44	0
1501.81	0
1502.17	1
1502.54	0
1502.9	0
1503.27	0
1503.64	0
1504	0
1504.37	0
1504.73	0
1505.1	0
1505.46	0
1505.83	0
1506.19	0
1506.56	0
1506.92	0
1507.29	0
1507.65	0
1508.02	0
1508.38	0
1508.75	0
1509.11	0
1509.48	0
1509.84	0
1510.21	0
1510.57	0
1510.94	0
1511.3	0
1511.67	0
1512.03	0
1512.4	0
1512.76	0
1513.13	0
1513.49	0
1513.85	0
1514.22	0
1514.58	0
1514.95	0
1515.31	0
1515.68	0
1516.04	0
1516.41	0
1516.77	0
1517.14	0
1517.5	0
1517.86	0
1518.23	-4
1518.59	0
1518.96	0
1519.32	0
1519.69	1
1520.05	-1
1520.41	0
1520.78	0
1521.14	0
1521.51	-4
1521.87	0
1522.24	0
1522.6	8
1522.96	2
1523.33	0
1523.69	0
1524.06	6
1524.42	0
1524.78	0
1525.15	0
1525.51	0
1525.88	0
1526.24	0
1526.6	0
1526.97	0
1527.33	0
1527.69	0
1528.06	0
1528.42	0
1528.79	0
1529.15	0
1529.51	0
1529.88	0
1530.24	0
1530.6	0
1530.97	2
1531.33	0
1531.69	0
1532.06	0
1532.42	1
1532.78	0
1533.15	0
1533.51	0
1533.87	0
1534.24	0
1534.6	0
1534.96	0
1535.33	0
1535.69	-2
1536.05	0
1536.42	0
1536.78	2
1537.14	0
1537.51	0
1537.87	0
1538.23	0
1538.6	0
1538.96	0
1539.32	0
1539.68	0
1540.05	0
1540.41	0
1540.77	0
1541.14	0
1541.5	0
1541.86	0
1542.23	0
1542.59	0
1542.95	0
1543.31	0
1543.68	0
1544.04	-3
1544.4	12
1544.76	3
1545.13	15
1545.49	0
1545.85	0
1546.21	0
1546.58	0
1546.94	0
1547.3	0
1547.66	0
1548.03	0
1548.39	0
1548.75	0
1549.11	0
1549.48	0
1549.84	0
1550.2	0
1550.56	0
1550.93	0
1551.29	2
1551.65	0
1552.01	0
1552.37	0
1552.74	0
1553.1	5
1553.46	0
1553.82	0
1554.18	5
1554.55	0
1554.91	0
1555.27	7
1555.63	0
1555.99	0
1556.36	0
1556.72	0
1557.08	0
1557.44	0
1557.8	0
1558.17	0
1558.53	0
1558.89	0
1559.25	0
1559.61	0
1559.97	0
1560.34	0
1560.7	12
1561.06	0
1561.42	0
1561.78	0
1562.14	1
1562.5	0
1562.87	0
1563.23	19
1563.59	0
1563.95	0
1564.31	0
1564.67	-2
1565.03	8
1565.4	16
1565.76	0
1566.12	0
1566.48	0
1566.84	0
1567.2	0
1567.56	-1
1567.92	15
1568.29	0
1568.65	0
1569.01	0
1569.37	0
1569.73	0
1570.09	9
1570.45	0
1570.81	1
1571.17	0
1571.53	0
1571.89	0
1572.26	0
1572.62	0
1572.98	0
1573.34	0
1573.7	0
1574.06	0
1574.42	0
1574.78	0
1575.14	0
1575.5	0
1575.86	1
1576.22	0
1576.58	0
1576.94	0
1577.3	0
1577.67	0
1578.03	0
1578.39	9
1578.75	0
1579.11	0
1579.47	0
1579.83	0
1580.19	0
1580.55	0
1580.91	0
1581.27	0
1581.63	0
1581.99	0
1582.35	0
1582.71	0
1583.07	0
1583.43	0
1583.79	0
1584.15	0
1584.51	0
1584.87	0
1585.23	3
1585.59	1
1585.95	0
1586.31	0
1586.67	8
1587.03	0
1587.39	0
1587.75	0
1588.11	2
1588.47	0
1588.83	0
1589.19	-4
1589.55	0
1589.91	0
1590.27	0
1590.63	0
1590.99	0
1591.35	4
1591.71	0
1592.07	0
1592.42	0
1592.78	0
1593.14	0
1593.5	0
1593.86	1
1594.22	0
1594.58	0
1594.94	0
1595.3	0
1595.66	0
1596.02	0
1596.38	8
1596.74	8
1597.1	0
1597.46	0
1597.81	0
1598.17	12
1598.53	14
1598.89	13
1599.25	30
1599.61	25
1599.97	0
1600.33	0
1600.69	18
1601.05	5
1601.4	23
1601.76	22
1602.12	11
1602.48	8
1602.84	19
1603.2	19
1603.56	0
1603.92	17
1604.28	14
1604.63	30
1604.99	25
1605.35	34
1605.71	30
1606.07	25
1606.43	35
1606.79	45
1607.14	31
1607.5	35
1607.86	42
1608.22	29
1608.58	76
1608.94	46
1609.29	64
1609.65	49
1610.01	51
1610.37	56
1610.73	58
1611.09	46
1611.44	45
1611.8	39
1612.16	57
1612.52	46
1612.88	67
1613.24	62
1613.59	62
1613.95	62
1614.31	61
1614.67	63
1615.03	62
1615.38	71
1615.74	57
1616.1	64
1616.46	65
1616.82	64
1617.17	61
1617.53	56
1617.89	72
1618.25	83
1618.6	63
1618.96	74
1619.32	73
1619.68	67
1620.04	69
1620.39	69
1620.75	68
1621.11	59
1621.47	75
1621.82	59
1622.18	65
1622.54	71
1622.9	68
1623.25	67
1623.61	78
1623.97	67
1624.33	58
1624.68	88
1625.04	64
1625.4	60
1625.75	71
1626.11	90
1626.47	83
1626.83	62
1627.18	78
1627.54	66
1627.9	84
1628.26	50
1628.61	72
1628.97	78
1629.33	93
1629.68	85
1630.04	77
1630.4	55
1630.75	89
1631.11	75
1631.47	92
1631.83	83
1632.18	86
1632.54	85
1632.9	93
1633.25	87
1633.61	87
1633.97	113
1634.32	99
1634.68	102
1635.04	107
1635.39	105
1635.75	97
1636.11	101
1636.46	113
1636.82	100
1637.18	88
1637.53	105
1637.89	92
1638.25	116
1638.6	132
1638.96	110
1639.31	83
1639.67	124
1640.03	114
1640.38	99
1640.74	108
1641.1	106
1641.45	132
1641.81	140
1642.16	142
1642.52	129
1642.88	124
1643.23	127
1643.59	143
1643.95	126
1644.3	142
1644.66	129
1645.01	154
1645.37	141
1645.73	164
1646.08	161
1646.44	158
1646.79	187
1647.15	163
1647.51	147
1647.86	162
1648.22	144
1648.57	147
1648.93	142
1649.28	133
1649.64	167
1650	163
1650.35	163
1650.71	160
1651.06	172
1651.42	128
1651.77	151
1652.13	161
1652.48	166
1652.84	155
1653.2	162
1653.55	144
1653.91	142
1654.26	155
1654.62	150
1654.97	145
1655.33	156
1655.68	146
1656.04	145
1656.39	151
1656.75	140
1657.1	139
1657.46	141
1657.81	143
1658.17	129
1658.52	127
1658.88	147
1659.23	122
1659.59	140
1659.94	128
1660.3	131
1660.65	128
1661.01	123
1661.36	126
1661.72	113
1662.07	105
1662.43	109
1662.78	115
1663.14	112
1663.49	106
1663.85	93
1664.2	86
1664.56	90
1664.91	93
1665.27	79
1665.62	85
1665.98	79
1666.33	82
1666.69	99
1667.04	87
1667.39	73
1667.75	88
1668.1	67
1668.46	82
1668.81	82
1669.17	107
1669.52	96
1669.88	70
1670.23	99
1670.58	76
1670.94	83
1671.29	91
1671.65	85
1672	87
1672.36	96
1672.71	88
1673.06	90
1673.42	85
1673.77	79
1674.13	86
1674.48	96
1674.83	67
1675.19	84
1675.54	97
1675.9	99
1676.25	95
1676.6	83
1676.96	91
1677.31	107
1677.67	117
1678.02	127
1678.37	122
1678.73	94
1679.08	116
1679.43	108
1679.79	122
1680.14	114
1680.5	135
1680.85	137
1681.2	130
1681.56	146
1681.91	136
1682.26	156
1682.62	162
1682.97	156
1683.32	141
1683.68	174
1684.03	186
1684.38	190
1684.74	215
1685.09	186
1685.44	194
1685.8	200
1686.15	216
1686.5	220
1686.86	260
1687.21	240
1687.56	247
1687.92	281
1688.27	270
1688.62	247
1688.98	242
1689.33	282
1689.68	292
1690.03	336
1690.39	334
1690.74	340
1691.09	373
1691.45	398
1691.8	382
1692.15	398
1692.5	462
1692.86	427
1693.21	422
1693.56	479
1693.92	491
1694.27	483
1694.62	462
1694.97	531
1695.33	501
1695.68	533
1696.03	554
1696.38	639
1696.74	672
1697.09	645
1697.44	639
1697.79	643
1698.15	672
1698.5	760
1698.85	711
1699.2	680
1699.56	737
1699.91	839
1700.26	756
1700.61	834
1700.97	767
1701.32	855
1701.67	913
1702.02	812
1702.37	864
1702.73	957
1703.08	935
1703.43	929
1703.78	1020
1704.13	1051
1704.49	997
1704.84	1075
1705.19	1024
1705.54	1069
1705.89	1068
1706.25	1121
1706.6	1136
1706.95	1152
1707.3	1180
1707.65	1215
1708.01	1319
1708.36	1310
1708.71	1317
1709.06	1329
1709.41	1463
1709.76	1361
1710.12	1379
1710.47	1467
1710.82	1493
1711.17	1473
1711.52	1506
1711.87	1569
1712.23	1702
1712.58	1748
1712.93	1631
1713.28	1684
1713.63	1712
1713.98	1866
1714.33	1905
1714.69	1870
1715.04	1968
1715.39	1896
1715.74	1931
1716.09	2034
1716.44	2091
1716.79	2112
1717.14	2174
1717.5	2183
1717.85	2125
1718.2	2289
1718.55	2309
1718.9	2302
1719.25	2266
1719.6	2342
1719.95	2501
1720.3	2542
1720.65	2451
1721.01	2459
1721.36	2677
1721.71	2594
1722.06	2621
1722.41	2573
1722.76	2628
1723.11	2663
1723.46	2701
1723.81	2800
1724.16	2754
1724.51	2817
1724.86	3005
1725.21	2925
1725.56	2842
1725.92	2949
1726.27	3073
1726.62	3060
1726.97	3070
1727.32	3004
1727.67	2952
1728.02	3163
1728.37	3208
1728.72	3347
1729.07	3300
1729.42	3300
1729.77	3272
1730.12	3352
1730.47	3490
1730.82	3455
1731.17	3361
1731.52	3489
1731.87	3630
1732.22	3611
1732.57	3561
1732.92	3610
1733.27	3593
1733.62	3671
1733.97	3691
1734.32	3730
1734.67	3684
1735.02	3729
1735.37	3838
1735.72	3981
1736.07	3809
1736.42	3839
1736.77	4029
1737.12	3944
1737.47	3853
1737.82	3891
1738.17	3980
1738.52	3989
1738.87	4028
1739.22	3984
1739.57	3949
1739.92	4115
1740.27	4131
1740.62	4001
1740.97	4038
1741.32	4204
1741.67	4158
1742.02	4089
1742.37	4286
1742.72	4249
1743.06	4191
1743.41	4235
1743.76	4296
1744.11	4277
1744.46	4280
1744.81	4290
1745.16	4270
1745.51	4339
1745.86	4373
1746.21	4461
1746.56	4302
1746.91	4410
1747.26	4581
1747.6	4372
1747.95	4477
1748.3	4663
1748.65	4418
1749	4479
1749.35	4609
1749.7	4439
1750.05	4540
1750.4	4613
1750.75	4432
1751.09	4486
1751.44	4547
1751.79	4437
1752.14	4529
1752.49	4687
1752.84	4406
1753.19	4664
1753.54	4705
1753.88	4503
1754.23	4856
1754.58	4683
1754.93	4551
1755.28	4843
1755.63	4822
1755.98	4501
1756.32	4649
1756.67	4779
1757.02	4626
1757.37	4745
1757.72	4832
1758.07	4787
1758.42	4738
1758.76	4964
1759.11	5048
1759.46	4872
1759.81	4997
1760.16	5049
1760.5	4732
1760.85	4809
1761.2	5087
1761.55	4824
1761.9	4917
1762.25	4965
1762.59	4738
1762.94	4739
1763.29	4886
1763.64	4908
1763.99	4753
1764.33	4797
1764.68	4937
1765.03	4919
1765.38	4787
1765.73	5005
1766.07	4994
1766.42	4699
1766.77	5074
1767.12	4954
1767.46	4774
1767.81	4992
1768.16	4965
1768.51	4639
1768.85	4806
1769.2	5012
1769.55	4830
1769.9	4759
1770.25	4896
1770.59	4999
1770.94	4706
1771.29	4927
1771.64	4835
1771.98	4574
1772.33	4879
1772.68	4796
1773.02	4653
1773.37	4819
1773.72	4869
1774.07	4782
1774.41	4931
1774.76	4835
1775.11	4614
1775.46	4714
1775.8	4753
1776.15	4495
1776.5	4390
1776.84	4722
1777.19	4547
1777.54	4780
1777.89	4803
1778.23	4571
1778.58	4695
1778.93	4820
1779.27	4537
1779.62	4468
1779.97	4565
1780.31	4428
1780.66	4316
1781.01	4479
1781.35	4349
1781.7	4256
1782.05	4247
1782.39	4671
1782.74	4374
1783.09	4098
1783.43	4156
1783.78	4363
1784.13	4127
1784.47	4276
1784.82	4266
1785.17	4112
1785.51	4035
1785.86	4117
1786.21	3699
1786.55	4035
1786.9	4108
1787.25	4069
1787.59	3898
1787.94	4013
1788.29	4002
1788.63	3943
1788.98	3682
1789.32	3852
1789.67	4000
1790.02	3746
1790.36	3799
1790.71	3406
1791.06	3099
1791.4	3909
1791.75	3986
1792.09	3492
1792.44	3688
1792.79	3651
1793.13	3738
1793.48	3633
1793.82	3784
1794.17	3795
1794.52	3486
1794.86	3420
1795.21	3619
1795.55	3466
1795.9	3106
1796.24	2867
1796.59	2558
1796.94	3808
1797.28	3561
1797.63	3411
1797.97	3429
1798.32	3063
1798.66	3092
1799.01	2972
1799.36	3339
1799.7	3085
1800.05	2738
1800.39	3171
1800.74	3155
1801.08	2505
1801.43	3268
1801.77	3474
1802.12	3061
1802.46	2773
1802.81	3287
1803.15	3093
1803.5	2726
1803.85	2719
1804.19	2617
1804.54	2366
1804.88	2604
1805.23	2722
1805.57	2441
1805.92	2278
1806.26	2832
1806.61	2745
1806.95	2392
1807.3	2228
1807.64	2837
1807.99	2888
1808.33	2628
1808.68	2370
1809.02	2185
1809.37	2074
1809.71	2790
1810.06	2658
1810.4	2453
1810.75	2166
1811.09	2083
1811.43	2066
1811.78	2637
1812.12	2578
1812.47	2597
1812.81	2289
1813.16	2433
1813.5	2222
1813.85	2208
1814.19	2337
1814.54	2038
1814.88	2104
1815.23	1974
1815.57	1790
1815.91	1797
1816.26	1645
1816.6	1419
1816.95	2280
1817.29	2057
1817.64	1698
1817.98	2119
1818.32	1986
1818.67	2119
1819.01	2028
1819.36	1798
1819.7	1873
1820.05	1785
1820.39	1693
1820.73	1797
1821.08	1707
1821.42	1747
1821.77	1571
1822.11	1523
1822.45	1573
1822.8	1378
1823.14	1436
1823.49	1541
1823.83	1381
1824.17	1344
1824.52	1800
1824.86	1688
1825.2	1551
1825.55	1479
1825.89	1451
1826.24	1276
1826.58	1294
1826.92	1186
1827.27	1436
1827.61	1510
1827.95	1355
1828.3	1280
1828.64	1305
1828.98	1201
1829.33	1120
1829.67	1102
1830.02	925
1830.36	1360
1830.7	1294
1831.05	1141
1831.39	1223
1831.73	1175
1832.08	1057
1832.42	1091
1832.76	1087
1833.1	989
1833.45	1026
1833.79	966
1834.13	995
1834.48	930
1834.82	876
1835.16	927
1835.51	906
1835.85	835
1836.19	923
1836.54	893
1836.88	804
1837.22	850
1837.56	719
1837.91	767
1838.25	804
1838.59	781
1838.94	897
1839.28	863
1839.62	709
1839.96	717
1840.31	721
1840.65	772
1840.99	709
1841.34	638
1841.68	706
1842.02	855
1842.36	770
1842.71	744
1843.05	602
1843.39	637
1843.73	576
1844.08	681
1844.42	816
1844.76	702
1845.1	757
1845.45	670
1845.79	642
1846.13	563
1846.47	655
1846.81	657
1847.16	541
1847.5	531
1847.84	593
1848.18	675
1848.53	633
1848.87	594
1849.21	552
1849.55	555
1849.89	526
1850.24	447
1850.58	430
1850.92	446
1851.26	442
1851.6	494
1851.95	493
1852.29	468
1852.63	437
1852.97	473
1853.31	418
1853.66	427
1854	404
1854.34	399
1854.68	378
1855.02	417
1855.36	423
1855.71	398
1856.05	435
1856.39	398
1856.73	397
1857.07	349
1857.41	338
1857.76	365
1858.1	292
1858.44	280
1858.78	325
1859.12	306
1859.46	331
1859.8	327
1860.15	319
1860.49	334
1860.83	318
1861.17	333
1861.51	271
1861.85	225
1862.19	204
1862.53	203
1862.88	233
1863.22	211
1863.56	238
1863.9	244
1864.24	237
1864.58	253
1864.92	164
1865.26	195
1865.6	209
1865.94	145
1866.29	141
1866.63	162
1866.97	169
1867.31	164
1867.65	212
1867.99	205
1868.33	163
1868.67	180
1869.01	156
1869.35	110
1869.69	135
1870.03	155
1870.37	135
1870.72	153
1871.06	112
1871.4	107
1871.74	118
1872.08	140
1872.42	129
1872.76	134
1873.1	118
1873.44	86
1873.78	50
1874.12	84
1874.46	95
1874.8	100
1875.14	154
1875.48	118
1875.82	90
1876.16	129
1876.5	99
1876.84	86
1877.18	49
1877.52	64
1877.86	65
1878.2	49
1878.54	32
1878.88	67
1879.22	64
1879.56	79
1879.9	89
1880.24	103
1880.58	90
1880.92	67
1881.26	57
1881.6	48
1881.94	69
1882.28	57
1882.62	25
1882.96	48
1883.3	112
1883.64	56
1883.98	54
1884.32	47
1884.66	56
1885	45
1885.34	57
1885.68	41
1886.02	33
1886.36	45
1886.7	32
1887.04	46
1887.38	52
1887.72	37
1888.06	38
1888.39	46
1888.73	29
1889.07	60
1889.41	46
1889.75	51
1890.09	33
1890.43	72
1890.77	61
1891.11	47
1891.45	55
1891.79	44
1892.13	41
1892.47	54
1892.8	46
1893.14	58
1893.48	46
1893.82	35
1894.16	49
1894.5	36
1894.84	66
1895.18	45
1895.52	67
1895.86	56
1896.19	60
1896.53	55
1896.87	72
1897.21	62
1897.55	67
1897.89	61
1898.23	81
1898.57	102
1898.9	48
1899.24	42
1899.58	83
1899.92	86
1900.26	62
1900.6	61
1900.94	83
1901.27	66
1901.61	70
1901.95	72
1902.29	77
1902.63	84
1902.97	60
1903.3	71
1903.64	55
1903.98	57
1904.32	36
1904.66	80
1905	58
1905.33	46
1905.67	40
1906.01	38
1906.35	82
1906.69	46
1907.02	89
1907.36	43
1907.7	80
1908.04	58
1908.38	45
1908.71	70
1909.05	39
1909.39	77
1909.73	53
1910.07	89
1910.4	68
1910.74	72
1911.08	96
1911.42	82
1911.76	72
1912.09	43
1912.43	65
1912.77	77
1913.11	80
1913.44	67
1913.78	55
1914.12	88
1914.46	81
1914.79	54
1915.13	51
1915.47	80
1915.81	59
1916.14	58
1916.48	59
1916.82	89
1917.16	80
1917.49	75
1917.83	71
1918.17	78
1918.5	87
1918.84	81
1919.18	74
1919.52	46
1919.85	57
1920.19	53
1920.53	77
1920.87	70
1921.2	77
1921.54	69
1921.88	71
1922.21	89
1922.55	65
1922.89	53
1923.22	84
1923.56	55
1923.9	78
1924.23	70
1924.57	59
1924.91	67
1925.25	45
1925.58	60
1925.92	56
1926.26	57
1926.59	60
1926.93	39
1927.27	82
1927.6	56
1927.94	59
1928.28	46
1928.61	41
1928.95	45
1929.29	53
1929.62	58
1929.96	43
1930.29	50
1930.63	48
1930.97	62
1931.3	55
1931.64	32
1931.98	37
1932.31	42
1932.65	57
1932.99	34
1933.32	37
1933.66	27
1933.99	43
1934.33	46
1934.67	34
1935	30
1935.34	26
1935.67	29
1936.01	32
1936.35	20
1936.68	16
1937.02	20
1937.35	16
1937.69	5
1938.03	14
1938.36	46
1938.7	13
1939.03	15
1939.37	12
1939.7	22
1940.04	3
1940.38	35
1940.71	15
1941.05	31
1941.38	15
1941.72	12
1942.05	3
1942.39	19
1942.73	32
1943.06	4
1943.4	6
1943.73	5
1944.07	9
1944.4	7
1944.74	0
1945.07	3
1945.41	21
1945.74	0
1946.08	0
1946.42	-6
1946.75	7
1947.09	20
1947.42	2
1947.76	2
1948.09	0
1948.43	0
1948.76	0
1949.1	0
1949.43	0
1949.77	0
1950.1	5
1950.44	0
1950.77	3
1951.11	0
1951.44	0
1951.78	0
1952.11	0
1952.45	0
1952.78	0
1953.12	0
1953.45	2
1953.79	0
1954.12	0
1954.46	1
1954.79	0
1955.12	0
1955.46	6
1955.79	7
1956.13	0
1956.46	0
1956.8	0
1957.13	0
1957.47	0
1957.8	1
1958.14	4
1958.47	0
1958.8	0
1959.14	0
1959.47	0
1959.81	8
1960.14	6
1960.48	0
1960.81	0
1961.14	0
1961.48	0
1961.81	0
1962.15	0
1962.48	0
1962.82	3
1963.15	0
1963.48	0
1963.82	0
1964.15	0
1964.49	0
1964.82	0
1965.15	0
1965.49	0
1965.82	7
1966.16	0
1966.49	0
1966.82	3
1967.16	0
1967.49	0
1967.83	0
1968.16	0
1968.49	0
1968.83	0
1969.16	0
1969.49	0
1969.83	0
1970.16	0
1970.49	0
1970.83	0
1971.16	0
1971.5	0
1971.83	0
1972.16	0
1972.5	0
1972.83	0
1973.16	0
1973.5	0
1973.83	0
1974.16	0
1974.5	0
1974.83	0
1975.16	0
1975.5	0
1975.83	0
1976.16	-4
1976.49	0
1976.83	0
1977.16	0
1977.49	0
1977.83	0
1978.16	1
1978.49	0
1978.83	0
1979.16	0
1979.49	0
1979.83	0
1980.16	0
1980.49	-2
1980.82	0
1981.16	0
1981.49	0
1981.82	0
1982.15	0
1982.49	11
1982.82	0
1983.15	0
1983.49	0
1983.82	0
1984.15	0
1984.48	0
1984.82	0
1985.15	0
1985.48	0
1985.81	0
1986.15	0
1986.48	0
1986.81	0
1987.14	0
1987.48	0
1987.81	0
1988.14	0
1988.47	0
1988.81	0
1989.14	0
1989.47	0
1989.8	12
1990.13	0
1990.47	8
1990.8	0
1991.13	0
1991.46	0
1991.79	15
1992.13	0
1992.46	0
1992.79	0
1993.12	0
1993.45	22
1993.79	0
1994.12	0
1994.45	0
1994.78	0
1995.11	6
1995.45	0
1995.78	0
1996.11	0
1996.44	19
1996.77	0
1997.1	22
1997.44	0
1997.77	0
1998.1	7
1998.43	8
1998.76	12
1999.09	0
1999.43	0
1999.76	5
2000.09	7
2000.42	0
2000.75	23
2001.08	5
2001.41	2
2001.75	7
2002.08	16
2002.41	12
2002.74	3
2003.07	7
2003.4	10
2003.73	9
2004.06	0
2004.4	0
2004.73	9
2005.06	25
2005.39	31
2005.72	36
2006.05	22
2006.38	29
2006.71	8
2007.04	16
2007.37	14
2007.71	8
2008.04	7
2008.37	0
2008.7	0
2009.03	12
2009.36	12
2009.69	10
2010.02	4
2010.35	0
2010.68	20
2011.01	0
2011.34	0
2011.67	9
2012.01	0
2012.34	10
2012.67	0
2013	0
2013.33	0
2013.66	20
2013.99	0
2014.32	25
2014.65	6
2014.98	0
2015.31	0
2015.64	7
2015.97	10
2016.3	0
2016.63	7
2016.96	0
2017.29	2
2017.62	0
2017.95	0
2018.28	0
2018.61	2
2018.94	3
2019.27	5
2019.6	22
2019.93	0
2020.26	0
2020.59	8
2020.92	0
2021.25	4
2021.58	0
2021.91	0
2022.24	0
2022.57	0
2022.9	0
2023.23	0
2023.56	0
2023.89	0
2024.22	-4
2024.55	0
2024.88	3
2025.21	0
2025.54	0
2025.87	0
2026.2	0
2026.53	0
2026.86	0
2027.19	0
2027.52	0
2027.85	0
2028.18	0
2028.51	6
2028.84	0
2029.16	0
2029.49	0
2029.82	2
2030.15	0
2030.48	0
2030.81	0
2031.14	0
2031.47	0
2031.8	0
2032.13	0
2032.46	0
2032.79	0
2033.12	2
2033.44	0
2033.77	0
2034.1	1
2034.43	0
2034.76	0
2035.09	0
2035.42	0
2035.75	0
2036.08	0
2036.41	0
2036.73	0
2037.06	0
2037.39	0
2037.72	0
2038.05	0
2038.38	0
2038.71	0
2039.04	0
2039.36	0
2039.69	0
2040.02	0
2040.35	0
2040.68	0
2041.01	0
2041.34	0
2041.66	0
2041.99	0
2042.32	1
2042.65	0
2042.98	0
2043.31	0
2043.63	0
2043.96	0
2044.29	2
2044.62	0
2044.95	0
2045.28	-1
2045.6	0
2045.93	0
2046.26	0
2046.59	0
2046.92	0
2047.24	0
2047.57	0
2047.9	0
2048.23	0
2048.56	1
2048.88	0
2049.21	0
2049.54	0
2049.87	0
2050.2	0
2050.52	19
2050.85	0
2051.18	0
2051.51	0
2051.83	0
2052.16	0
2052.49	0
2052.82	0
2053.15	0
2053.47	0
2053.8	0
2054.13	14
2054.46	0
2054.78	1
2055.11	9
2055.44	-1
2055.77	0
2056.09	2
2056.42	0
2056.75	0
2057.08	0
2057.4	0
2057.73	15
2058.06	2
2058.38	26
2058.71	0
2059.04	0
2059.37	0
2059.69	2
2060.02	-1
2060.35	0
2060.67	23
2061	4
2061.33	0
2061.66	23
2061.98	0
2062.31	0
2062.64	0
2062.96	0
2063.29	0
2063.62	0
2063.94	0
2064.27	0
2064.6	0
2064.92	0
2065.25	18
2065.58	17
2065.91	0
2066.23	10
2066.56	0
2066.89	0
2067.21	0
2067.54	0
2067.87	0
2068.19	7
2068.52	0
2068.84	2
2069.17	0
2069.5	0
2069.82	0
2070.15	0
2070.48	0
2070.8	1
2071.13	0
2071.46	0
2071.78	0
2072.11	0
2072.43	0
2072.76	0
2073.09	0
2073.41	0
2073.74	0
2074.07	0
2074.39	0
2074.72	0
2075.04	0
2075.37	0
2075.7	0
2076.02	0
2076.35	0
2076.67	0
2077	0
2077.33	0
2077.65	0
2077.98	0
2078.3	0
2078.63	2
2078.95	0
2079.28	0
2079.61	0
2079.93	0
2080.26	0
2080.58	0
2080.91	2
2081.23	0
2081.56	10
2081.89	0
2082.21	0
2082.54	0
2082.86	0
2083.19	0
2083.51	0
2083.84	0
2084.16	0
2084.49	0
2084.81	0
2085.14	12
2085.46	0
2085.79	0
2086.12	0
2086.44	0
2086.77	0
2087.09	3
2087.42	0
2087.74	0
2088.07	6
2088.39	0
2088.72	0
2089.04	9
2089.37	0
2089.69	0
2090.02	0
2090.34	0
2090.67	0
2090.99	11
2091.32	0
2091.64	6
2091.97	0
2092.29	0
2092.62	10
2092.94	0
2093.26	0
2093.59	0
2093.91	0
2094.24	0
2094.56	7
2094.89	0
2095.21	0
2095.54	0
2095.86	0
2096.19	0
2096.51	0
2096.84	1
2097.16	0
2097.48	0
2097.81	0
2098.13	0
2098.46	0
2098.78	0
2099.11	0
2099.43	0
2099.75	0
2100.08	0
2100.4	-2
2100.73	5
2101.05	0
2101.38	16
2101.7	3
2102.02	0
2102.35	14
2102.67	0
2103	0
2103.32	0
2103.64	11
2103.97	0
2104.29	8
2104.62	0
2104.94	0
2105.26	0
2105.59	0
2105.91	0
2106.23	9
2106.56	0
2106.88	4
2107.21	0
2107.53	0
2107.85	0
2108.18	0
2108.5	0
2108.82	0
2109.15	0
2109.47	0
2109.79	0
2110.12	0
2110.44	0
2110.76	0
2111.09	0
2111.41	0
2111.73	0
2112.06	20
2112.38	0
2112.7	0
2113.03	0
2113.35	0
2113.67	0
2114	0
2114.32	0
2114.64	0
2114.97	0
2115.29	0
2115.61	0
2115.94	0
2116.26	0
2116.58	0
2116.91	0
2117.23	0
2117.55	0
2117.87	0
2118.2	0
2118.52	5
2118.84	0
2119.17	0
2119.49	0
2119.81	0
2120.13	0
2120.46	0
2120.78	0
2121.1	0
2121.42	0
2121.75	0
2122.07	0
2122.39	0
2122.72	0
2123.04	3
2123.36	0
2123.68	0
2124.01	0
2124.33	0
2124.65	0
2124.97	0
2125.29	0
2125.62	0
2125.94	0
2126.26	0
2126.58	0
2126.91	0
2127.23	0
2127.55	0
2127.87	0
2128.2	0
2128.52	0
2128.84	0
2129.16	2
2129.48	2
2129.81	0
2130.13	0
2130.45	0
2130.77	0
2131.09	0
2131.42	0
2131.74	0
2132.06	0
2132.38	0
2132.7	0
2133.02	0
2133.35	0
2133.67	0
2133.99	0
2134.31	0
2134.63	0
2134.96	0
2135.28	0
2135.6	3
2135.92	0
2136.24	0
2136.56	0
2136.88	5
2137.21	4
2137.53	3
2137.85	0
2138.17	0
2138.49	0
2138.81	2
2139.13	0
2139.46	1
2139.78	0
2140.1	2
2140.42	0
2140.74	4
2141.06	7
2141.38	0
2141.7	0
2142.03	0
2142.35	6
2142.67	0
2142.99	0
2143.31	0
2143.63	0
2143.95	0
2144.27	0
2144.59	0
2144.91	0
2145.24	0
2145.56	0
2145.88	10
2146.2	0
2146.52	0
2146.84	0
2147.16	0
2147.48	0
2147.8	0
2148.12	0
2148.44	0
2148.76	0
2149.08	0
2149.41	0
2149.73	0
2150.05	0
2150.37	0
2150.69	0
2151.01	-20
2151.33	0
2151.65	0
2151.97	0
2152.29	0
2152.61	0
2152.93	0
2153.25	0
2153.57	0
2153.89	0
2154.21	0
2154.53	0
2154.85	0
2155.17	0
2155.49	0
2155.81	5
2156.13	0
2156.45	0
2156.77	0
2157.09	0
2157.41	0
2157.73	0
2158.05	0
2158.37	0
2158.69	0
2159.01	0
2159.33	0
2159.65	0
2159.97	0
2160.29	0
2160.61	0
2160.93	0
2161.25	0
2161.57	0
2161.89	0
2162.21	0
2162.53	0
2162.85	0
2163.17	0
2163.49	0
2163.81	0
2164.13	0
2164.45	7
2164.77	0
2165.08	0
2165.4	0
2165.72	0
2166.04	0
2166.36	0
2166.68	0
2167	0
2167.32	0
2167.64	0
2167.96	0
2168.28	0
2168.6	0
2168.92	0
2169.24	0
2169.55	0
2169.87	0
2170.19	0
2170.51	0
2170.83	0
2171.15	0
2171.47	0
2171.79	0
2172.11	0
2172.43	0
2172.74	0
2173.06	0
2173.38	0
2173.7	0
2174.02	0
2174.34	0
2174.66	0
2174.98	0
2175.29	0
2175.61	0
2175.93	0
2176.25	0
2176.57	3
2176.89	9
2177.21	0
2177.52	0
2177.84	0
2178.16	0
2178.48	0
2178.8	0
2179.12	0
2179.43	0
2179.75	0
2180.07	0
2180.39	0
2180.71	0
2181.03	0
2181.34	0
2181.66	0
2181.98	0
2182.3	0
2182.62	3
2182.93	0
2183.25	0
2183.57	0
2183.89	0
2184.21	0
2184.52	0
2184.84	0
2185.16	0
2185.48	0
2185.8	0
2186.11	0
2186.43	1
2186.75	0
2187.07	0
2187.39	0
2187.7	0
2188.02	0
2188.34	0
2188.66	0
2188.97	0
2189.29	0
2189.61	0
2189.93	0
2190.24	1
2190.56	8
2190.88	0
2191.2	0
2191.51	0
2191.83	0
2192.15	12
2192.47	0
2192.78	0
2193.1	0
2193.42	0
2193.74	0
2194.05	0
2194.37	0
2194.69	0
2195	0
2195.32	0
2195.64	0
2195.96	0
2196.27	0
2196.59	0
2196.91	0
2197.22	0
2197.54	0
2197.86	0
2198.18	0
2198.49	0
2198.81	0
2199.13	0
2199.44	0
2199.76	0
2200.08	0
2200.39	0
2200.71	0
2201.03	0
2201.34	0
2201.66	0
2201.98	0
2202.29	0
2202.61	0
2202.93	0
2203.24	0
2203.56	0
2203.88	0
2204.19	0
2204.51	0
2204.83	0
2205.14	0
2205.46	0
2205.78	0
2206.09	0
2206.41	0
2206.72	0
2207.04	0
2207.36	0
2207.67	0
2207.99	0
2208.31	0
2208.62	0
2208.94	0
2209.25	0
2209.57	0
2209.89	0
2210.2	0
2210.52	0
2210.83	0
2211.15	0
2211.47	0
2211.78	0
2212.1	0
2212.41	0
2212.73	0
2213.05	0
2213.36	0
2213.68	0
2213.99	0
2214.31	0
2214.62	0
2214.94	0
2215.26	0
2215.57	0
2215.89	0
2216.2	0
2216.52	0
2216.83	0
2217.15	0
2217.46	0
2217.78	3
2218.1	0
2218.41	0
2218.73	0
2219.04	0
2219.36	0
2219.67	0
2219.99	0
2220.3	0
2220.62	2
2220.93	2
2221.25	0
2221.56	0
2221.88	0
2222.19	0
2222.51	0
2222.82	0
2223.14	0
2223.45	0
2223.77	0
2224.08	0
2224.4	0
2224.71	0
2225.03	0
2225.34	0
2225.66	0
2225.97	0
2226.29	6
2226.6	0
2226.92	0
2227.23	0
2227.55	0
2227.86	0
2228.18	0
2228.49	-7
2228.81	-6
2229.12	0
2229.44	-1
2229.75	0
2230.07	0
2230.38	0
2230.69	0
2231.01	0
2231.32	0
2231.64	0
2231.95	9
2232.27	0
2232.58	0
2232.9	0
2233.21	0
2233.52	0
2233.84	0
2234.15	0
2234.47	0
2234.78	0
2235.1	0
2235.41	0
2235.72	0
2236.04	0
2236.35	0
2236.67	0
2236.98	0
2237.29	0
2237.61	0
2237.92	0
2238.24	0
2238.55	0
2238.86	-4
2239.18	0
2239.49	0
2239.8	3
2240.12	0
2240.43	0
2240.75	0
2241.06	0
2241.37	0
2241.69	0
2242	0
2242.31	0
2242.63	0
2242.94	0
2243.26	0
2243.57	0
2243.88	0
2244.2	0
2244.51	0
2244.82	0
2245.14	4
2245.45	0
2245.76	0
2246.08	0
2246.39	0
2246.7	7
2247.02	0
2247.33	0
2247.64	0
2247.96	0
2248.27	0
2248.58	0
2248.9	0
2249.21	0
2249.52	0
2249.83	0
2250.15	0
2250.46	0
2250.77	0
2251.09	0
2251.4	0
2251.71	0
2252.03	0
2252.34	0
2252.65	0
2252.96	0
2253.28	0
2253.59	0
2253.9	0
2254.21	0
2254.53	0
2254.84	0
2255.15	0
2255.47	0
2255.78	0
2256.09	0
2256.4	0
2256.72	0
2257.03	0
2257.34	0
2257.65	0
2257.97	7
2258.28	0
2258.59	0
2258.9	0
2259.22	0
2259.53	0
2259.84	0
2260.15	0
2260.46	0
2260.78	0
2261.09	0
2261.4	0
2261.71	0
2262.03	0
2262.34	0
2262.65	0
2262.96	4
2263.27	0
2263.59	0
2263.9	0
2264.21	0
2264.52	0
2264.83	0
2265.15	0
2265.46	0
2265.77	0
2266.08	0
2266.39	0
2266.7	0
2267.02	0
2267.33	0
2267.64	0
2267.95	0
2268.26	0
2268.57	-1
2268.89	0
2269.2	0
2269.51	0
2269.82	0
2270.13	0
2270.44	0
2270.76	0
2271.07	0
2271.38	0
2271.69	0
2272	0
2272.31	0
2272.62	0
2272.93	0
2273.25	1
2273.56	0
2273.87	0
2274.18	0
2274.49	0
2274.8	0
2275.11	0
2275.42	0
2275.74	0
2276.05	0
2276.36	-1
2276.67	0
2276.98	0
2277.29	0
2277.6	-1
2277.91	0
2278.22	0
2278.53	0
2278.85	0
2279.16	0
2279.47	0
2279.78	0
2280.09	0
2280.4	0
2280.71	0
2281.02	0
2281.33	0
2281.64	0
2281.95	0
2282.26	0
2282.57	0
2282.88	0
2283.19	0
2283.5	0
2283.82	14
2284.13	0
2284.44	0
2284.75	0
2285.06	0
2285.37	0
2285.68	0
2285.99	-2
2286.3	0
2286.61	0
2286.92	0
2287.23	0
2287.54	3
2287.85	0
2288.16	0
2288.47	0
2288.78	0
2289.09	0
2289.4	0
2289.71	0
2290.02	0
2290.33	0
2290.64	-5
2290.95	0
2291.26	0
2291.57	0
2291.88	9
2292.19	0
2292.5	0
2292.81	0
2293.12	-1
2293.43	0
2293.74	0
2294.05	0
2294.36	0
2294.67	0
2294.98	0
2295.29	0
2295.6	0
2295.91	0
2296.21	0
2296.52	0
2296.83	0
2297.14	0
2297.45	0
2297.76	0
2298.07	0
2298.38	0
2298.69	0
2299	0
2299.31	0
2299.62	-5
2299.93	0
2300.24	0
2300.55	0
2300.85	3
2301.16	0
2301.47	0
2301.78	0
2302.09	0
2302.4	1
2302.71	0
2303.02	0
2303.33	0
2303.64	0
2303.94	8
2304.25	0
2304.56	0
2304.87	0
2305.18	0
2305.49	0
2305.8	0
2306.11	0
2306.42	0
2306.72	0
2307.03	0
2307.34	0
2307.65	0
2307.96	0
2308.27	0
2308.58	1
2308.88	0
2309.19	0
2309.5	0
2309.81	0
2310.12	0
2310.43	0
2310.74	0
2311.04	0
2311.35	0
2311.66	0
2311.97	0
2312.28	0
2312.59	0
2312.89	0
2313.2	0
2313.51	0
2313.82	3
2314.13	0
2314.43	0
2314.74	0
2315.05	0
2315.36	0
2315.67	0
2315.97	0
2316.28	0
2316.59	0
2316.9	0
2317.21	0
2317.51	0
2317.82	0
2318.13	0
2318.44	0
2318.75	0
2319.05	0
2319.36	0
2319.67	0
2319.98	0
2320.28	0
2320.59	0
2320.9	0
2321.21	0
2321.51	0
2321.82	0
2322.13	0
2322.44	0
2322.74	0
2323.05	0
2323.36	0
2323.67	11
2323.97	0
2324.28	0
2324.59	0
2324.9	0
2325.2	0
2325.51	0
2325.82	0
2326.13	0
2326.43	0
2326.74	0
2327.05	0
2327.35	0
2327.66	0
2327.97	0
2328.27	0
2328.58	0
2328.89	0
2329.2	0
2329.5	0
2329.81	0
2330.12	0
2330.42	0
2330.73	0
2331.04	0
2331.34	0
2331.65	0
2331.96	0
2332.26	0
2332.57	0
2332.88	0
2333.18	0
2333.49	0
2333.8	0
2334.1	3
2334.41	0
2334.72	0
2335.02	0
2335.33	-5
2335.64	0
2335.94	3
2336.25	0
2336.56	0
2336.86	0
2337.17	0
2337.48	0
2337.78	0
2338.09	0
2338.39	0
2338.7	-3
2339.01	0
2339.31	0
2339.62	0
2339.93	0
2340.23	0
2340.54	0
2340.84	0
2341.15	0
2341.46	0
2341.76	0
2342.07	0
2342.37	0
2342.68	0
2342.99	0
2343.29	0
2343.6	0
2343.9	0
2344.21	0
2344.51	0
2344.82	0
2345.13	0
2345.43	0
2345.74	0
2346.04	0
2346.35	0
2346.65	0
2346.96	0
2347.27	0
2347.57	0
2347.88	0
2348.18	0
2348.49	0
2348.79	0
2349.1	0
2349.4	0
2349.71	0
2350.01	0
2350.32	0
2350.63	-5
2350.93	0
2351.24	0
2351.54	0
2351.85	0
2352.15	0
2352.46	0
2352.76	0
2353.07	0
2353.37	0
2353.68	11
2353.98	0
2354.29	0
2354.59	0
2354.9	0
2355.2	0
2355.51	0
2355.81	1
2356.12	0
2356.42	0
2356.73	0
2357.03	0
2357.34	0
2357.64	0
2357.95	0
2358.25	0
2358.55	6
2358.86	0
2359.16	0
2359.47	0
2359.77	0
2360.08	0
2360.38	0
2360.69	0
2360.99	0
2361.3	0
2361.6	0
2361.9	10
2362.21	0
2362.51	0
2362.82	0
2363.12	0
2363.43	0
2363.73	0
2364.04	4
2364.34	0
2364.64	0
2364.95	0
2365.25	0
2365.56	0
2365.86	0
2366.16	0
2366.47	1
2366.77	0
2367.08	0
2367.38	0
2367.68	0
2367.99	0
2368.29	0
2368.6	0
2368.9	0
2369.2	0
2369.51	0
2369.81	0
2370.12	0
2370.42	0
2370.72	-10
2371.03	0
2371.33	0
2371.63	0
2371.94	0
2372.24	0
2372.55	0
2372.85	0
2373.15	0
2373.46	0
2373.76	0
2374.06	0
2374.37	0
2374.67	0
2374.97	0
2375.28	0
2375.58	0
2375.88	0
2376.19	0
2376.49	0
2376.79	0
2377.1	0
2377.4	0
2377.7	0
2378.01	0
2378.31	0
2378.61	0
2378.92	0
2379.22	0
2379.52	0
2379.82	0
2380.13	0
2380.43	0
2380.73	0
2381.04	0
2381.34	0
2381.64	0
2381.95	0
2382.25	0
2382.55	0
2382.85	4
2383.16	0
2383.46	0
2383.76	0
2384.06	0
2384.37	0
2384.67	0
2384.97	0
2385.28	0
2385.58	0
2385.88	0
2386.18	2
2386.49	0
2386.79	0
2387.09	0
2387.39	0
2387.69	0
2388	0
2388.3	0
2388.6	0
2388.9	0
2389.21	0
2389.51	1
2389.81	0
2390.11	0
2390.42	0
2390.72	0
2391.02	0
2391.32	0
2391.62	0
2391.93	0
2392.23	3
2392.53	0
2392.83	0
2393.13	0
2393.44	0
2393.74	0
2394.04	0
2394.34	0
2394.64	0
2394.95	0
2395.25	0
2395.55	0
2395.85	0
2396.15	0
2396.45	0
2396.76	0
2397.06	0
2397.36	0
2397.66	2
2397.96	0
2398.26	0
2398.57	0
2398.87	0
2399.17	0
2399.47	0
2399.77	0
2400.07	0
2400.37	0
2400.68	0
2400.98	0
2401.28	0
2401.58	0
2401.88	0
2402.18	0
2402.48	0
2402.79	0
2403.09	0
2403.39	0
2403.69	0
2403.99	0
2404.29	10
2404.59	0
2404.89	0
2405.19	0
2405.5	0
2405.8	0
2406.1	0
2406.4	0
2406.7	0
2407	0
2407.3	0
2407.6	0
2407.9	0
2408.2	0
2408.5	5
2408.8	0
2409.11	0
2409.41	0
2409.71	0
2410.01	0
2410.31	0
2410.61	0
2410.91	0
2411.21	0
2411.51	0
2411.81	0
2412.11	0
2412.41	0
2412.71	0
2413.01	0
2413.31	0
2413.61	0
2413.91	0
2414.21	0
2414.51	0
2414.81	0
2415.12	0
2415.42	0
2415.72	0
2416.02	0
2416.32	0
2416.62	0
2416.92	0
2417.22	0
2417.52	0
2417.82	-2
2418.12	0
2418.42	0
2418.72	0
2419.02	0
2419.32	0
2419.62	0
2419.92	0
2420.22	0
2420.52	0
2420.82	0
2421.12	0
2421.42	0
2421.71	0
2422.01	0
2422.31	0
2422.61	0
2422.91	0
2423.21	0
2423.51	0
2423.81	0
2424.11	0
2424.41	0
2424.71	0
2425.01	0
2425.31	0
2425.61	4
2425.91	0
2426.21	0
2426.51	0
2426.81	0
2427.11	0
2427.41	0
2427.7	0
2428	0
2428.3	0
2428.6	0
2428.9	0
2429.2	0
2429.5	0
2429.8	0
2430.1	0
2430.4	0
2430.7	0
2430.99	0
2431.29	0
2431.59	0
2431.89	0
2432.19	0
2432.49	0
2432.79	0
2433.09	0
2433.39	0
2433.68	0
2433.98	0
2434.28	0
2434.58	0
2434.88	0
2435.18	0
2435.48	0
2435.78	6
2436.07	0
2436.37	0
2436.67	0
2436.97	0
2437.27	0
2437.57	0
2437.86	0
2438.16	0
2438.46	0
2438.76	0
2439.06	0
2439.36	0
2439.66	0
2439.95	0
2440.25	0
2440.55	0
2440.85	0
2441.15	0
2441.44	0
2441.74	0
2442.04	0
2442.34	-1
2442.64	0
2442.93	0
2443.23	0
2443.53	0
2443.83	0
2444.13	0
2444.42	0
2444.72	0
2445.02	0
2445.32	0
2445.62	0
2445.91	0
2446.21	0
2446.51	0
2446.81	7
2447.1	0
2447.4	0
2447.7	0
2448	0
2448.3	0
2448.59	1
2448.89	0
2449.19	0
2449.49	0
2449.78	0
2450.08	0
2450.38	-1
2450.68	0
2450.97	0
2451.27	3
2451.57	0
2451.87	0
2452.16	0
2452.46	0
2452.76	0
2453.05	0
2453.35	0
2453.65	0
2453.95	0
2454.24	0
2454.54	0
2454.84	0
2455.13	0
2455.43	0
2455.73	0
2456.03	8
2456.32	0
2456.62	1
2456.92	0
2457.21	0
2457.51	0
2457.81	0
2458.1	0
2458.4	0
2458.7	0
2458.99	0
2459.29	0
2459.59	0
2459.88	0
2460.18	0
2460.48	0
2460.77	0
2461.07	0
2461.37	0
2461.66	0
2461.96	0
2462.26	0
2462.55	0
2462.85	0
2463.15	0
2463.44	0
2463.74	0
2464.04	0
2464.33	0
2464.63	0
2464.92	0
2465.22	-3
2465.52	0
2465.81	0
2466.11	0
2466.41	0
2466.7	0
2467	0
2467.29	0
2467.59	0
2467.89	0
2468.18	0
2468.48	0
2468.77	0
2469.07	0
2469.37	0
2469.66	0
2469.96	0
2470.25	0
2470.55	0
2470.84	3
2471.14	0
2471.44	0
2471.73	0
2472.03	-1
2472.32	0
2472.62	0
2472.91	0
2473.21	0
2473.51	0
2473.8	0
2474.1	0
2474.39	0
2474.69	0
2474.98	0
2475.28	0
2475.57	0
2475.87	0
2476.17	0
2476.46	0
2476.76	0
2477.05	0
2477.35	0
2477.64	0
2477.94	0
2478.23	0
2478.53	0
2478.82	0
2479.12	0
2479.41	0
2479.71	0
2480	0
2480.3	0
2480.59	0
2480.89	0
2481.18	0
2481.48	13
2481.77	0
2482.07	0
2482.36	0
2482.66	0
2482.95	0
2483.25	0
2483.54	0
2483.84	0
2484.13	2
2484.43	0
2484.72	0
2485.02	0
2485.31	0
2485.6	0
2485.9	0
2486.19	0
2486.49	1
2486.78	0
2487.08	0
2487.37	0
2487.67	0
2487.96	0
2488.26	0
2488.55	0
2488.84	0
2489.14	0
2489.43	0
2489.73	0
2490.02	0
2490.32	0
2490.61	1
2490.9	0
2491.2	0
2491.49	1
2491.79	0
2492.08	0
2492.37	0
2492.67	0
2492.96	0
2493.26	0
2493.55	0
2493.84	0
2494.14	0
2494.43	0
2494.73	0
2495.02	0
2495.31	0
2495.61	0
2495.9	0
2496.2	0
2496.49	0
2496.78	0
2497.08	0
2497.37	0
2497.66	0
2497.96	0
2498.25	0
2498.54	0
2498.84	0
2499.13	0
2499.43	0
2499.72	0
2500.01	0
2500.31	0
2500.6	0
2500.89	0
2501.19	3
2501.48	0
2501.77	0
2502.07	0
2502.36	0
2502.65	0
2502.95	0
2503.24	0
2503.53	0
2503.82	0
2504.12	0
2504.41	0
2504.7	0
2505	0
2505.29	0
2505.58	0
2505.88	0
2506.17	0
2506.46	0
2506.76	0
2507.05	0
2507.34	0
2507.63	0
2507.93	0
2508.22	0
2508.51	0
2508.8	0
2509.1	0
2509.39	0
2509.68	0
2509.98	0
2510.27	0
2510.56	0
2510.85	0
2511.15	0
2511.44	0
2511.73	0
2512.02	0
2512.32	0
2512.61	0
2512.9	3
2513.19	0
2513.49	0
2513.78	0
2514.07	0
2514.36	0
2514.65	0
2514.95	0
2515.24	0
2515.53	0
2515.82	0
2516.12	0
2516.41	0
2516.7	0
2516.99	0
2517.28	6
2517.58	0
2517.87	0
2518.16	0
2518.45	0
2518.74	0
2519.04	0
2519.33	0
2519.62	0
2519.91	0
2520.2	0
2520.5	0
2520.79	0
2521.08	0
2521.37	0
2521.66	0
2521.95	0
2522.25	0
2522.54	6
2522.83	0
2523.12	0
2523.41	0
2523.7	0
2523.99	0
2524.29	0
2524.58	0
2524.87	0
2525.16	0
2525.45	0
2525.74	0
2526.03	0
2526.33	0
2526.62	0
2526.91	0
2527.2	0
2527.49	0
2527.78	0
2528.07	0
2528.36	0
2528.66	0
2528.95	0
2529.24	0
2529.53	0
2529.82	0
2530.11	0
2530.4	0
2530.69	0
2530.98	0
2531.27	0
2531.57	0
2531.86	0
2532.15	0
2532.44	0
2532.73	0
2533.02	0
2533.31	0
2533.6	0
2533.89	0
2534.18	0
2534.47	0
2534.76	0
2535.05	0
2535.35	0
2535.64	0
2535.93	0
2536.22	0
2536.51	0
2536.8	0
2537.09	0
2537.38	0
2537.67	0
2537.96	0
2538.25	0
2538.54	0
2538.83	0
2539.12	0
2539.41	0
2539.7	4
2539.99	0
2540.28	0
2540.57	0
2540.86	0
2541.15	0
2541.44	0
2541.73	3
2542.02	0
2542.31	0
2542.6	0
2542.89	0
2543.18	0
2543.47	0
2543.76	0
2544.05	0
2544.34	0
2544.63	0
2544.92	0
2545.21	0
2545.5	0
2545.79	0
2546.08	0
2546.37	0
2546.66	0
2546.95	0
2547.24	-6
2547.53	0
2547.82	0
2548.11	0
2548.4	0
2548.69	0
2548.98	0
2549.27	0
2549.55	0
2549.84	0
2550.13	-9
2550.42	0
2550.71	-2
2551	0
2551.29	0
2551.58	0
2551.87	0
2552.16	0
2552.45	0
2552.74	0
2553.03	0
2553.31	0
2553.6	0
2553.89	0
2554.18	0
2554.47	0
2554.76	0
2555.05	0
2555.34	0
2555.63	0
2555.92	0
2556.2	0
2556.49	0
2556.78	0
2557.07	0
2557.36	0
2557.65	0
2557.94	0
2558.23	0
2558.51	0
2558.8	0
2559.09	0
2559.38	0
2559.67	0
2559.96	0
2560.25	0
2560.53	0
2560.82	0
2561.11	0
2561.4	0
2561.69	0
2561.98	0
2562.27	0
2562.55	0
2562.84	0
2563.13	0
2563.42	0
2563.71	0
2564	0
2564.28	0
2564.57	0
2564.86	0
2565.15	0
2565.44	0
2565.72	0
2566.01	0
2566.3	0
2566.59	0
2566.88	0
2567.16	0
2567.45	0
2567.74	0
2568.03	0
2568.32	0
2568.6	0
2568.89	0
2569.18	0
2569.47	0
2569.75	0

