Source: Spectrum Viewer

Chart: Pulse Spectrum

Series: 
Wavelength (nm)	S (a.u.)
1179.9	0
1180.29	0
1180.68	0
1181.06	0
1181.45	0
1181.83	0
1182.22	0
1182.6	0
1182.99	0
1183.38	0
1183.76	0
1184.15	0
1184.53	3
1184.92	0
1185.3	0
1185.69	0
1186.07	0
1186.46	5
1186.85	0
1187.23	0
1187.62	0
1188	0
1188.39	0
1188.77	0
1189.16	0
1189.54	0
1189.93	0
1190.31	0
1190.7	0
1191.08	0
1191.47	0
1191.85	0
1192.24	0
1192.62	3
1193.01	0
1193.39	0
1193.78	1
1194.16	0
1194.55	0
1194.93	0
1195.32	0
1195.7	0
1196.09	0
1196.47	0
1196.86	0
1197.24	0
1197.63	4
1198.01	0
1198.4	0
1198.78	0
1199.16	0
1199.55	0
1199.93	0
1200.32	0
1200.7	0
1201.09	0
1201.47	0
1201.86	0
1202.24	11
1202.63	0
1203.01	0
1203.39	0
1203.78	0
1204.16	0
1204.55	0
1204.93	0
1205.32	0
1205.7	1
1206.08	0
1206.47	0
1206.85	0
1207.24	0
1207.62	0
1208	0
1208.39	0
1208.77	0
1209.16	0
1209.54	0
1209.92	0
1210.31	0
1210.69	2
1211.08	0
1211.46	0
1211.84	0
1212.23	6
1212.61	4
1213	0
1213.38	0
1213.76	0
1214.15	0
1214.53	0
1214.91	0
1215.3	0
1215.68	0
1216.06	0
1216.45	0
1216.83	0
1217.22	0
1217.6	0
1217.98	0
1218.37	0
1218.75	0
1219.13	0
1219.52	0
1219.9	0
1220.28	0
1220.67	0
1221.05	0
1221.43	0
1221.82	0
1222.2	0
1222.58	0
1222.97	0
1223.35	0
1223.73	0
1224.11	0
1224.5	0
1224.88	0
1225.26	0
1225.65	0
1226.03	0
1226.41	0
1226.8	0
1227.18	0
1227.56	0
1227.94	0
1228.33	0
1228.71	0
1229.09	0
1229.47	0
1229.86	0
1230.24	0
1230.62	0
1231.01	0
1231.39	0
1231.77	0
1232.15	0
1232.54	0
1232.92	0
1233.3	0
1233.68	0
1234.07	0
1234.45	0
1234.83	0
1235.21	0
1235.6	0
1235.98	0
1236.36	0
1236.74	0
1237.12	0
1237.51	0
1237.89	0
1238.27	0
1238.65	0
1239.04	0
1239.42	0
1239.8	0
1240.18	0
1240.56	0
1240.95	0
1241.33	0
1241.71	13
1242.09	0
1242.47	0
1242.86	0
1243.24	0
1243.62	0
1244	0
1244.38	0
1244.77	0
1245.15	0
1245.53	0
1245.91	0
1246.29	0
1246.67	0
1247.06	0
1247.44	0
1247.82	0
1248.2	0
1248.58	0
1248.96	0
1249.34	0
1249.73	0
1250.11	13
1250.49	0
1250.87	-2
1251.25	0
1251.63	0
1252.01	0
1252.4	0
1252.78	0
1253.16	0
1253.54	0
1253.92	0
1254.3	0
1254.68	0
1255.06	0
1255.45	0
1255.83	0
1256.21	12
1256.59	0
1256.97	0
1257.35	0
1257.73	0
1258.11	0
1258.49	0
1258.87	0
1259.26	0
1259.64	0
1260.02	0
1260.4	0
1260.78	0
1261.16	0
1261.54	0
1261.92	0
1262.3	0
1262.68	0
1263.06	0
1263.44	0
1263.82	0
1264.21	0
1264.59	0
1264.97	0
1265.35	0
1265.73	0
1266.11	0
1266.49	0
1266.87	0
1267.25	0
1267.63	0
1268.01	0
1268.39	0
1268.77	1
1269.15	0
1269.53	0
1269.91	0
1270.29	0
1270.67	-7
1271.05	0
1271.43	0
1271.81	0
1272.19	0
1272.57	0
1272.95	0
1273.33	0
1273.71	0
1274.09	0
1274.47	0
1274.85	0
1275.23	0
1275.61	0
1275.99	0
1276.37	0
1276.75	0
1277.13	0
1277.51	0
1277.89	0
1278.27	0
1278.65	0
1279.03	0
1279.41	0
1279.79	0
1280.17	0
1280.55	0
1280.93	0
1281.31	0
1281.69	0
1282.07	0
1282.45	0
1282.82	0
1283.2	0
1283.58	0
1283.96	0
1284.34	0
1284.72	0
1285.1	0
1285.48	0
1285.86	0
1286.24	0
1286.62	0
1287	0
1287.38	0
1287.75	0
1288.13	0
1288.51	0
1288.89	0
1289.27	0
1289.65	0
1290.03	0
1290.41	0
1290.79	0
1291.17	0
1291.54	2
1291.92	0
1292.3	0
1292.68	0
1293.06	0
1293.44	0
1293.82	0
1294.2	0
1294.57	0
1294.95	0
1295.33	0
1295.71	0
1296.09	0
1296.47	0
1296.85	0
1297.22	7
1297.6	0
1297.98	0
1298.36	0
1298.74	0
1299.12	0
1299.5	0
1299.87	-1
1300.25	0
1300.63	0
1301.01	0
1301.39	0
1301.77	0
1302.14	0
1302.52	0
1302.9	-2
1303.28	0
1303.66	0
1304.03	8
1304.41	0
1304.79	0
1305.17	0
1305.55	0
1305.92	0
1306.3	0
1306.68	0
1307.06	0
1307.44	0
1307.81	0
1308.19	0
1308.57	0
1308.95	0
1309.32	0
1309.7	0
1310.08	5
1310.46	0
1310.84	0
1311.21	0
1311.59	0
1311.97	0
1312.35	0
1312.72	0
1313.1	0
1313.48	0
1313.86	0
1314.23	0
1314.61	0
1314.99	0
1315.37	0
1315.74	0
1316.12	0
1316.5	0
1316.87	0
1317.25	0
1317.63	0
1318.01	0
1318.38	0
1318.76	0
1319.14	0
1319.52	0
1319.89	0
1320.27	3
1320.65	0
1321.02	0
1321.4	0
1321.78	0
1322.15	0
1322.53	0
1322.91	0
1323.29	0
1323.66	-3
1324.04	0
1324.42	0
1324.79	0
1325.17	0
1325.55	0
1325.92	0
1326.3	0
1326.68	0
1327.05	0
1327.43	2
1327.81	0
1328.18	0
1328.56	0
1328.94	0
1329.31	0
1329.69	0
1330.06	0
1330.44	0
1330.82	0
1331.19	0
1331.57	0
1331.95	0
1332.32	0
1332.7	0
1333.08	0
1333.45	0
1333.83	0
1334.2	0
1334.58	0
1334.96	0
1335.33	0
1335.71	0
1336.08	0
1336.46	0
1336.84	0
1337.21	0
1337.59	0
1337.96	0
1338.34	0
1338.72	0
1339.09	0
1339.47	0
1339.84	0
1340.22	0
1340.6	0
1340.97	0
1341.35	0
1341.72	0
1342.1	0
1342.47	0
1342.85	0
1343.23	0
1343.6	0
1343.98	0
1344.35	0
1344.73	0
1345.1	0
1345.48	0
1345.85	0
1346.23	0
1346.61	0
1346.98	2
1347.36	0
1347.73	0
1348.11	0
1348.48	0
1348.86	0
1349.23	0
1349.61	0
1349.98	0
1350.36	0
1350.73	0
1351.11	0
1351.48	0
1351.86	0
1352.23	0
1352.61	0
1352.98	0
1353.36	0
1353.73	0
1354.11	0
1354.48	0
1354.86	0
1355.23	0
1355.61	0
1355.98	0
1356.36	0
1356.73	0
1357.11	0
1357.48	0
1357.86	0
1358.23	0
1358.61	0
1358.98	0
1359.35	0
1359.73	0
1360.1	0
1360.48	0
1360.85	0
1361.23	0
1361.6	0
1361.98	0
1362.35	0
1362.72	0
1363.1	0
1363.47	0
1363.85	0
1364.22	0
1364.6	0
1364.97	0
1365.34	0
1365.72	2
1366.09	0
1366.47	0
1366.84	0
1367.22	0
1367.59	0
1367.96	0
1368.34	0
1368.71	0
1369.09	0
1369.46	14
1369.83	0
1370.21	0
1370.58	-3
1370.96	0
1371.33	0
1371.7	0
1372.08	0
1372.45	0
1372.82	0
1373.2	0
1373.57	0
1373.95	0
1374.32	0
1374.69	0
1375.07	0
1375.44	0
1375.81	0
1376.19	0
1376.56	0
1376.93	0
1377.31	0
1377.68	0
1378.05	0
1378.43	0
1378.8	0
1379.17	3
1379.55	0
1379.92	0
1380.29	0
1380.67	0
1381.04	0
1381.41	0
1381.79	0
1382.16	0
1382.53	0
1382.91	0
1383.28	0
1383.65	0
1384.03	0
1384.4	0
1384.77	0
1385.14	0
1385.52	0
1385.89	0
1386.26	0
1386.64	0
1387.01	0
1387.38	0
1387.75	0
1388.13	0
1388.5	0
1388.87	0
1389.25	-4
1389.62	0
1389.99	0
1390.36	0
1390.74	0
1391.11	0
1391.48	0
1391.85	2
1392.23	0
1392.6	0
1392.97	0
1393.34	0
1393.72	0
1394.09	0
1394.46	-4
1394.83	0
1395.21	0
1395.58	0
1395.95	0
1396.32	3
1396.69	0
1397.07	0
1397.44	0
1397.81	0
1398.18	0
1398.55	0
1398.93	0
1399.3	0
1399.67	0
1400.04	0
1400.41	0
1400.79	0
1401.16	0
1401.53	0
1401.9	0
1402.27	0
1402.65	8
1403.02	0
1403.39	0
1403.76	0
1404.13	0
1404.51	0
1404.88	0
1405.25	0
1405.62	1
1405.99	0
1406.36	0
1406.74	0
1407.11	0
1407.48	4
1407.85	0
1408.22	0
1408.59	0
1408.96	0
1409.34	0
1409.71	0
1410.08	0
1410.45	0
1410.82	0
1411.19	-2
1411.56	0
1411.93	0
1412.31	0
1412.68	0
1413.05	0
1413.42	0
1413.79	0
1414.16	0
1414.53	4
1414.9	0
1415.27	0
1415.65	0
1416.02	0
1416.39	0
1416.76	0
1417.13	0
1417.5	0
1417.87	0
1418.24	0
1418.61	0
1418.98	0
1419.35	0
1419.73	0
1420.1	0
1420.47	0
1420.84	0
1421.21	0
1421.58	0
1421.95	0
1422.32	0
1422.69	0
1423.06	0
1423.43	0
1423.8	0
1424.17	0
1424.54	0
1424.91	0
1425.28	0
1425.65	0
1426.02	11
1426.39	0
1426.76	0
1427.14	0
1427.51	0
1427.88	0
1428.25	0
1428.62	0
1428.99	0
1429.36	0
1429.73	0
1430.1	0
1430.47	0
1430.84	2
1431.21	0
1431.58	0
1431.95	0
1432.32	0
1432.69	0
1433.06	-6
1433.43	0
1433.8	0
1434.17	0
1434.54	0
1434.91	0
1435.28	0
1435.64	0
1436.01	0
1436.38	0
1436.75	0
1437.12	0
1437.49	0
1437.86	0
1438.23	0
1438.6	-3
1438.97	0
1439.34	0
1439.71	0
1440.08	0
1440.45	0
1440.82	0
1441.19	0
1441.56	0
1441.93	0
1442.3	0
1442.67	0
1443.03	0
1443.4	0
1443.77	0
1444.14	0
1444.51	0
1444.88	0
1445.25	0
1445.62	0
1445.99	0
1446.36	0
1446.73	0
1447.09	0
1447.46	0
1447.83	0
1448.2	0
1448.57	0
1448.94	0
1449.31	0
1449.68	0
1450.05	0
1450.41	0
1450.78	0
1451.15	0
1451.52	0
1451.89	0
1452.26	0
1452.63	0
1453	0
1453.36	0
1453.73	0
1454.1	0
1454.47	0
1454.84	0
1455.21	0
1455.57	0
1455.94	0
1456.31	0
1456.68	0
1457.05	0
1457.42	0
1457.78	0
1458.15	0
1458.52	0
1458.89	0
1459.26	0
1459.63	0
1459.99	0
1460.36	0
1460.73	0
1461.1	0
1461.47	0
1461.83	2
1462.2	0
1462.57	0
1462.94	0
1463.31	0
1463.67	0
1464.04	5
1464.41	0
1464.78	0
1465.15	0
1465.51	0
1465.88	0
1466.25	0
1466.62	0
1466.98	0
1467.35	0
1467.72	0
1468.09	0
1468.46	0
1468.82	0
1469.19	0
1469.56	0
1469.93	0
1470.29	0
1470.66	0
1471.03	0
1471.4	0
1471.76	0
1472.13	0
1472.5	0
1472.86	0
1473.23	0
1473.6	0
1473.97	0
1474.33	1
1474.7	0
1475.07	-1
1475.44	0
1475.8	0
1476.17	0
1476.54	11
1476.9	0
1477.27	0
1477.64	0
1478	0
1478.37	0
1478.74	0
1479.11	0
1479.47	0
1479.84	0
1480.21	-1
1480.57	0
1480.94	0
1481.31	0
1481.67	0
1482.04	0
1482.41	0
1482.77	0
1483.14	0
1483.51	0
1483.87	0
1484.24	2
1484.61	0
1484.97	0
1485.34	0
1485.71	0
1486.07	0
1486.44	0
1486.81	0
1487.17	0
1487.54	0
1487.9	0
1488.27	0
1488.64	-3
1489	0
1489.37	11
1489.74	0
1490.1	0
1490.47	0
1490.83	0
1491.2	0
1491.57	0
1491.93	0
1492.3	0
1492.66	0
1493.03	-1
1493.4	0
1493.76	0
1494.13	0
1494.49	0
1494.86	0
1495.23	0
1495.59	0
1495.96	0
1496.32	0
1496.69	0
1497.06	0
1497.42	0
1497.79	0
1498.15	0
1498.52	0
1498.88	0
1499.25	0
1499.62	0
1499.98	0
1500.35	0
1500.71	0
1501.08	0
1501.44	0
1501.81	0
1502.17	0
1502.54	0
1502.9	0
1503.27	0
1503.64	0
1504	0
1504.37	0
1504.73	0
1505.1	0
1505.46	0
1505.83	0
1506.19	0
1506.56	0
1506.92	0
1507.29	0
1507.65	0
1508.02	0
1508.38	1
1508.75	0
1509.11	0
1509.48	0
1509.84	0
1510.21	0
1510.57	0
1510.94	0
1511.3	0
1511.67	18
1512.03	0
1512.4	0
1512.76	0
1513.13	0
1513.49	0
1513.85	0
1514.22	0
1514.58	0
1514.95	0
1515.31	0
1515.68	0
1516.04	0
1516.41	0
1516.77	0
1517.14	0
1517.5	0
1517.86	0
1518.23	-4
1518.59	0
1518.96	0
1519.32	0
1519.69	0
1520.05	-8
1520.41	0
1520.78	0
1521.14	0
1521.51	-4
1521.87	0
1522.24	0
1522.6	0
1522.96	0
1523.33	0
1523.69	0
1524.06	0
1524.42	0
1524.78	0
1525.15	0
1525.51	0
1525.88	0
1526.24	0
1526.6	0
1526.97	0
1527.33	0
1527.69	0
1528.06	0
1528.42	0
1528.79	0
1529.15	0
1529.51	0
1529.88	0
1530.24	0
1530.6	0
1530.97	0
1531.33	0
1531.69	0
1532.06	0
1532.42	0
1532.78	0
1533.15	0
1533.51	0
1533.87	0
1534.24	0
1534.6	0
1534.96	0
1535.33	0
1535.69	-2
1536.05	0
1536.42	1
1536.78	0
1537.14	0
1537.51	0
1537.87	0
1538.23	0
1538.6	0
1538.96	0
1539.32	0
1539.68	0
1540.05	0
1540.41	0
1540.77	0
1541.14	0
1541.5	0
1541.86	0
1542.23	0
1542.59	0
1542.95	0
1543.31	0
1543.68	5
1544.04	-3
1544.4	0
1544.76	0
1545.13	0
1545.49	0
1545.85	0
1546.21	0
1546.58	0
1546.94	0
1547.3	0
1547.66	2
1548.03	0
1548.39	0
1548.75	0
1549.11	0
1549.48	0
1549.84	0
1550.2	3
1550.56	0
1550.93	0
1551.29	0
1551.65	0
1552.01	0
1552.37	0
1552.74	0
1553.1	3
1553.46	0
1553.82	0
1554.18	0
1554.55	0
1554.91	20
1555.27	0
1555.63	0
1555.99	0
1556.36	0
1556.72	0
1557.08	5
1557.44	0
1557.8	0
1558.17	0
1558.53	0
1558.89	0
1559.25	0
1559.61	0
1559.97	2
1560.34	0
1560.7	0
1561.06	0
1561.42	0
1561.78	0
1562.14	0
1562.5	0
1562.87	0
1563.23	0
1563.59	2
1563.95	0
1564.31	0
1564.67	-2
1565.03	0
1565.4	-4
1565.76	0
1566.12	0
1566.48	5
1566.84	5
1567.2	0
1567.56	-1
1567.92	0
1568.29	4
1568.65	0
1569.01	2
1569.37	0
1569.73	0
1570.09	0
1570.45	13
1570.81	0
1571.17	0
1571.53	4
1571.89	0
1572.26	0
1572.62	0
1572.98	0
1573.34	7
1573.7	7
1574.06	5
1574.42	0
1574.78	0
1575.14	0
1575.5	0
1575.86	0
1576.22	0
1576.58	0
1576.94	0
1577.3	0
1577.67	0
1578.03	2
1578.39	0
1578.75	0
1579.11	0
1579.47	0
1579.83	0
1580.19	0
1580.55	0
1580.91	0
1581.27	0
1581.63	0
1581.99	0
1582.35	0
1582.71	2
1583.07	0
1583.43	0
1583.79	0
1584.15	0
1584.51	0
1584.87	0
1585.23	0
1585.59	0
1585.95	0
1586.31	11
1586.67	0
1587.03	0
1587.39	0
1587.75	0
1588.11	0
1588.47	0
1588.83	0
1589.19	-3
1589.55	0
1589.91	0
1590.27	0
1590.63	0
1590.99	0
1591.35	0
1591.71	0
1592.07	0
1592.42	0
1592.78	0
1593.14	0
1593.5	0
1593.86	0
1594.22	0
1594.58	0
1594.94	0
1595.3	0
1595.66	0
1596.02	0
1596.38	0
1596.74	0
1597.1	0
1597.46	0
1597.81	0
1598.17	0
1598.53	0
1598.89	0
1599.25	0
1599.61	0
1599.97	0
1600.33	0
1600.69	0
1601.05	0
1601.4	0
1601.76	0
1602.12	0
1602.48	0
1602.84	0
1603.2	0
1603.56	0
1603.92	0
1604.28	0
1604.63	0
1604.99	0
1605.35	0
1605.71	0
1606.07	9
1606.43	0
1606.79	25
1607.14	0
1607.5	0
1607.86	7
1608.22	0
1608.58	9
1608.94	7
1609.29	0
1609.65	4
1610.01	27
1610.37	14
1610.73	10
1611.09	1
1611.44	19
1611.8	19
1612.16	27
1612.52	16
1612.88	20
1613.24	6
1613.59	34
1613.95	19
1614.31	30
1614.67	15
1615.03	33
1615.38	20
1615.74	48
1616.1	27
1616.46	17
1616.82	27
1617.17	28
1617.53	40
1617.89	31
1618.25	26
1618.6	20
1618.96	40
1619.32	33
1619.68	41
1620.04	37
1620.39	45
1620.75	32
1621.11	30
1621.47	37
1621.82	32
1622.18	32
1622.54	25
1622.9	35
1623.25	29
1623.61	22
1623.97	38
1624.33	22
1624.68	28
1625.04	47
1625.4	28
1625.75	47
1626.11	21
1626.47	21
1626.83	13
1627.18	34
1627.54	31
1627.9	45
1628.26	27
1628.61	29
1628.97	26
1629.33	35
1629.68	43
1630.04	41
1630.4	33
1630.75	38
1631.11	31
1631.47	23
1631.83	35
1632.18	10
1632.54	16
1632.9	32
1633.25	32
1633.61	36
1633.97	23
1634.32	0
1634.68	21
1635.04	11
1635.39	15
1635.75	28
1636.11	15
1636.46	0
1636.82	21
1637.18	28
1637.53	6
1637.89	9
1638.25	19
1638.6	12
1638.96	14
1639.31	13
1639.67	0
1640.03	0
1640.38	0
1640.74	20
1641.1	6
1641.45	0
1641.81	21
1642.16	0
1642.52	15
1642.88	0
1643.23	0
1643.59	25
1643.95	9
1644.3	4
1644.66	27
1645.01	16
1645.37	7
1645.73	6
1646.08	3
1646.44	3
1646.79	16
1647.15	20
1647.51	14
1647.86	19
1648.22	7
1648.57	14
1648.93	26
1649.28	16
1649.64	3
1650	20
1650.35	14
1650.71	40
1651.06	30
1651.42	23
1651.77	16
1652.13	22
1652.48	29
1652.84	34
1653.2	12
1653.55	46
1653.91	13
1654.26	33
1654.62	22
1654.97	53
1655.33	32
1655.68	28
1656.04	26
1656.39	32
1656.75	37
1657.1	30
1657.46	18
1657.81	33
1658.17	26
1658.52	47
1658.88	32
1659.23	36
1659.59	40
1659.94	42
1660.3	44
1660.65	45
1661.01	17
1661.36	33
1661.72	39
1662.07	54
1662.43	45
1662.78	49
1663.14	63
1663.49	26
1663.85	64
1664.2	65
1664.56	57
1664.91	51
1665.27	57
1665.62	20
1665.98	60
1666.33	60
1666.69	39
1667.04	21
1667.39	50
1667.75	45
1668.1	55
1668.46	50
1668.81	58
1669.17	49
1669.52	37
1669.88	32
1670.23	37
1670.58	49
1670.94	20
1671.29	56
1671.65	32
1672	46
1672.36	47
1672.71	54
1673.06	60
1673.42	63
1673.77	49
1674.13	27
1674.48	36
1674.83	42
1675.19	45
1675.54	55
1675.9	54
1676.25	28
1676.6	45
1676.96	51
1677.31	64
1677.67	54
1678.02	57
1678.37	65
1678.73	77
1679.08	78
1679.43	49
1679.79	73
1680.14	44
1680.5	68
1680.85	78
1681.2	50
1681.56	66
1681.91	69
1682.26	58
1682.62	76
1682.97	67
1683.32	81
1683.68	70
1684.03	82
1684.38	57
1684.74	66
1685.09	102
1685.44	78
1685.8	68
1686.15	79
1686.5	82
1686.86	102
1687.21	98
1687.56	136
1687.92	88
1688.27	103
1688.62	119
1688.98	96
1689.33	103
1689.68	109
1690.03	115
1690.39	132
1690.74	170
1691.09	138
1691.45	170
1691.8	137
1692.15	142
1692.5	172
1692.86	161
1693.21	152
1693.56	191
1693.92	169
1694.27	182
1694.62	179
1694.97	210
1695.33	202
1695.68	228
1696.03	247
1696.38	229
1696.74	209
1697.09	268
1697.44	280
1697.79	253
1698.15	267
1698.5	299
1698.85	337
1699.2	358
1699.56	340
1699.91	334
1700.26	325
1700.61	331
1700.97	378
1701.32	339
1701.67	366
1702.02	400
1702.37	402
1702.73	362
1703.08	451
1703.43	441
1703.78	457
1704.13	445
1704.49	460
1704.84	490
1705.19	491
1705.54	500
1705.89	534
1706.25	537
1706.6	550
1706.95	600
1707.3	581
1707.65	591
1708.01	596
1708.36	580
1708.71	609
1709.06	700
1709.41	705
1709.76	691
1710.12	696
1710.47	722
1710.82	822
1711.17	810
1711.52	725
1711.87	779
1712.23	795
1712.58	892
1712.93	865
1713.28	885
1713.63	916
1713.98	980
1714.33	968
1714.69	901
1715.04	1014
1715.39	1018
1715.74	977
1716.09	942
1716.44	985
1716.79	1065
1717.14	1013
1717.5	1073
1717.85	1116
1718.2	1147
1718.55	1113
1718.9	1076
1719.25	1208
1719.6	1264
1719.95	1224
1720.3	1212
1720.65	1297
1721.01	1294
1721.36	1320
1721.71	1295
1722.06	1343
1722.41	1290
1722.76	1323
1723.11	1434
1723.46	1386
1723.81	1393
1724.16	1419
1724.51	1523
1724.86	1518
1725.21	1463
1725.56	1522
1725.92	1559
1726.27	1518
1726.62	1524
1726.97	1701
1727.32	1719
1727.67	1634
1728.02	1653
1728.37	1737
1728.72	1744
1729.07	1733
1729.42	1859
1729.77	1875
1730.12	1838
1730.47	1856
1730.82	1842
1731.17	1939
1731.52	2053
1731.87	1982
1732.22	2037
1732.57	2043
1732.92	2129
1733.27	2083
1733.62	2051
1733.97	2109
1734.32	2188
1734.67	2157
1735.02	2195
1735.37	2250
1735.72	2183
1736.07	2296
1736.42	2389
1736.77	2380
1737.12	2320
1737.47	2398
1737.82	2473
1738.17	2445
1738.52	2407
1738.87	2464
1739.22	2580
1739.57	2518
1739.92	2546
1740.27	2595
1740.62	2622
1740.97	2709
1741.32	2643
1741.67	2690
1742.02	2776
1742.37	2747
1742.72	2687
1743.06	2770
1743.41	2817
1743.76	2773
1744.11	2823
1744.46	2815
1744.81	2841
1745.16	2802
1745.51	2865
1745.86	2909
1746.21	2835
1746.56	2815
1746.91	3004
1747.26	2979
1747.6	2882
1747.95	3083
1748.3	3123
1748.65	2958
1749	3048
1749.35	3123
1749.7	3030
1750.05	3124
1750.4	3155
1750.75	3073
1751.09	3106
1751.44	3103
1751.79	3222
1752.14	3184
1752.49	3175
1752.84	3251
1753.19	3199
1753.54	3135
1753.88	3180
1754.23	3253
1754.58	3208
1754.93	3240
1755.28	3308
1755.63	3222
1755.98	3185
1756.32	3239
1756.67	3155
1757.02	3038
1757.37	3113
1757.72	3137
1758.07	3171
1758.42	3197
1758.76	3323
1759.11	3247
1759.46	3190
1759.81	3369
1760.16	3417
1760.5	3189
1760.85	3242
1761.2	3331
1761.55	3180
1761.9	3164
1762.25	3347
1762.59	3335
1762.94	3156
1763.29	3221
1763.64	3274
1763.99	3279
1764.33	3151
1764.68	3285
1765.03	3236
1765.38	3117
1765.73	3143
1766.07	3277
1766.42	3109
1766.77	3205
1767.12	3139
1767.46	3079
1767.81	3142
1768.16	3132
1768.51	3038
1768.85	3120
1769.2	3065
1769.55	3025
1769.9	3053
1770.25	2886
1770.59	3047
1770.94	3052
1771.29	2918
1771.64	2947
1771.98	2987
1772.33	3115
1772.68	2915
1773.02	2907
1773.37	2981
1773.72	3035
1774.07	2993
1774.41	2970
1774.76	2968
1775.11	2826
1775.46	2704
1775.8	2766
1776.15	2709
1776.5	2629
1776.84	2933
1777.19	2929
1777.54	2860
1777.89	2943
1778.23	2934
1778.58	2948
1778.93	3088
1779.27	2952
1779.62	2671
1779.97	2814
1780.31	2932
1780.66	2723
1781.01	2600
1781.35	2673
1781.7	2656
1782.05	2689
1782.39	2769
1782.74	2756
1783.09	2656
1783.43	2617
1783.78	2663
1784.13	2701
1784.47	2790
1784.82	2652
1785.17	2570
1785.51	2725
1785.86	2631
1786.21	2288
1786.55	2442
1786.9	2673
1787.25	2512
1787.59	2483
1787.94	2532
1788.29	2563
1788.63	2467
1788.98	2534
1789.32	2448
1789.67	2538
1790.02	2644
1790.36	2483
1790.71	2310
1791.06	2219
1791.4	2154
1791.75	2358
1792.09	2533
1792.44	2467
1792.79	2253
1793.13	2505
1793.48	2523
1793.82	2496
1794.17	2508
1794.52	2578
1794.86	2501
1795.21	2372
1795.55	2412
1795.9	2386
1796.24	2222
1796.59	2137
1796.94	1633
1797.28	2141
1797.63	2581
1797.97	2494
1798.32	2333
1798.66	2211
1799.01	2097
1799.36	1953
1799.7	2102
1800.05	2080
1800.39	1938
1800.74	2040
1801.08	2045
1801.43	1721
1801.77	2016
1802.12	2285
1802.46	2126
1802.81	1937
1803.15	2087
1803.5	1931
1803.85	1938
1804.19	1953
1804.54	1779
1804.88	1699
1805.23	1517
1805.57	1909
1805.92	1704
1806.26	1466
1806.61	1722
1806.95	1944
1807.3	1728
1807.64	1560
1807.99	1605
1808.33	1922
1808.68	1865
1809.02	1869
1809.37	1666
1809.71	1296
1810.06	1695
1810.4	1811
1810.75	1649
1811.09	1561
1811.43	1325
1811.78	1209
1812.12	1531
1812.47	1686
1812.81	1651
1813.16	1728
1813.5	1659
1813.85	1546
1814.19	1613
1814.54	1509
1814.88	1386
1815.23	1393
1815.57	1273
1815.91	1304
1816.26	1263
1816.6	1109
1816.95	910
1817.29	1265
1817.64	1357
1817.98	1206
1818.32	1223
1818.67	1239
1819.01	1431
1819.36	1312
1819.7	1265
1820.05	1303
1820.39	1164
1820.73	1105
1821.08	1198
1821.42	1157
1821.77	1165
1822.11	1120
1822.45	969
1822.8	930
1823.14	892
1823.49	976
1823.83	799
1824.17	891
1824.52	1164
1824.86	1077
1825.2	1056
1825.55	1009
1825.89	983
1826.24	941
1826.58	752
1826.92	757
1827.27	963
1827.61	928
1827.95	930
1828.3	851
1828.64	903
1828.98	875
1829.33	777
1829.67	741
1830.02	630
1830.36	900
1830.7	821
1831.05	740
1831.39	802
1831.73	827
1832.08	751
1832.42	737
1832.76	810
1833.1	722
1833.45	768
1833.79	711
1834.13	691
1834.48	667
1834.82	660
1835.16	679
1835.51	691
1835.85	644
1836.19	669
1836.54	644
1836.88	598
1837.22	616
1837.56	576
1837.91	516
1838.25	496
1838.59	500
1838.94	584
1839.28	632
1839.62	551
1839.96	563
1840.31	544
1840.65	575
1840.99	546
1841.34	440
1841.68	461
1842.02	592
1842.36	535
1842.71	545
1843.05	530
1843.39	452
1843.73	425
1844.08	514
1844.42	550
1844.76	525
1845.1	525
1845.45	522
1845.79	469
1846.13	422
1846.47	493
1846.81	420
1847.16	425
1847.5	413
1847.84	369
1848.18	479
1848.53	472
1848.87	448
1849.21	453
1849.55	437
1849.89	423
1850.24	434
1850.58	407
1850.92	381
1851.26	403
1851.6	373
1851.95	384
1852.29	416
1852.63	363
1852.97	388
1853.31	364
1853.66	372
1854	328
1854.34	328
1854.68	343
1855.02	328
1855.36	372
1855.71	356
1856.05	357
1856.39	356
1856.73	352
1857.07	329
1857.41	304
1857.76	311
1858.1	285
1858.44	256
1858.78	265
1859.12	269
1859.46	267
1859.8	229
1860.15	256
1860.49	254
1860.83	259
1861.17	241
1861.51	249
1861.85	257
1862.19	259
1862.53	240
1862.88	212
1863.22	245
1863.56	234
1863.9	243
1864.24	228
1864.58	219
1864.92	208
1865.26	245
1865.6	215
1865.94	215
1866.29	191
1866.63	196
1866.97	189
1867.31	184
1867.65	202
1867.99	175
1868.33	184
1868.67	194
1869.01	179
1869.35	170
1869.69	154
1870.03	120
1870.37	154
1870.72	156
1871.06	154
1871.4	169
1871.74	149
1872.08	150
1872.42	171
1872.76	150
1873.1	187
1873.44	168
1873.78	138
1874.12	101
1874.46	127
1874.8	152
1875.14	129
1875.48	109
1875.82	131
1876.16	133
1876.5	131
1876.84	107
1877.18	108
1877.52	92
1877.86	99
1878.2	126
1878.54	125
1878.88	114
1879.22	97
1879.56	110
1879.9	114
1880.24	113
1880.58	97
1880.92	95
1881.26	87
1881.6	95
1881.94	94
1882.28	72
1882.62	72
1882.96	91
1883.3	119
1883.64	123
1883.98	89
1884.32	92
1884.66	84
1885	93
1885.34	93
1885.68	100
1886.02	86
1886.36	92
1886.7	99
1887.04	85
1887.38	111
1887.72	121
1888.06	83
1888.39	105
1888.73	92
1889.07	86
1889.41	96
1889.75	97
1890.09	100
1890.43	85
1890.77	85
1891.11	67
1891.45	86
1891.79	101
1892.13	66
1892.47	79
1892.8	90
1893.14	87
1893.48	89
1893.82	99
1894.16	93
1894.5	67
1894.84	103
1895.18	76
1895.52	95
1895.86	108
1896.19	89
1896.53	87
1896.87	99
1897.21	90
1897.55	107
1897.89	94
1898.23	94
1898.57	119
1898.9	75
1899.24	85
1899.58	86
1899.92	100
1900.26	92
1900.6	99
1900.94	111
1901.27	110
1901.61	107
1901.95	95
1902.29	90
1902.63	98
1902.97	111
1903.3	87
1903.64	121
1903.98	89
1904.32	109
1904.66	126
1905	125
1905.33	115
1905.67	113
1906.01	103
1906.35	99
1906.69	115
1907.02	110
1907.36	101
1907.7	99
1908.04	111
1908.38	143
1908.71	150
1909.05	108
1909.39	85
1909.73	98
1910.07	92
1910.4	82
1910.74	111
1911.08	98
1911.42	108
1911.76	111
1912.09	184
1912.43	141
1912.77	142
1913.11	168
1913.44	148
1913.78	157
1914.12	126
1914.46	134
1914.79	144
1915.13	126
1915.47	117
1915.81	129
1916.14	206
1916.48	184
1916.82	123
1917.16	137
1917.49	167
1917.83	155
1918.17	147
1918.5	163
1918.84	139
1919.18	162
1919.52	169
1919.85	223
1920.19	251
1920.53	190
1920.87	173
1921.2	175
1921.54	167
1921.88	155
1922.21	174
1922.55	172
1922.89	158
1923.22	145
1923.56	162
1923.9	188
1924.23	188
1924.57	166
1924.91	158
1925.25	171
1925.58	134
1925.92	139
1926.26	113
1926.59	137
1926.93	141
1927.27	134
1927.6	130
1927.94	203
1928.28	112
1928.61	149
1928.95	141
1929.29	103
1929.62	132
1929.96	101
1930.29	123
1930.63	141
1930.97	123
1931.3	139
1931.64	116
1931.98	118
1932.31	95
1932.65	83
1932.99	119
1933.32	71
1933.66	77
1933.99	87
1934.33	73
1934.67	60
1935	81
1935.34	75
1935.67	91
1936.01	90
1936.35	79
1936.68	63
1937.02	59
1937.35	76
1937.69	63
1938.03	63
1938.36	46
1938.7	33
1939.03	68
1939.37	70
1939.7	60
1940.04	56
1940.38	49
1940.71	65
1941.05	45
1941.38	28
1941.72	48
1942.05	48
1942.39	40
1942.73	36
1943.06	39
1943.4	62
1943.73	28
1944.07	24
1944.4	42
1944.74	46
1945.07	35
1945.41	50
1945.74	16
1946.08	22
1946.42	2
1946.75	19
1947.09	26
1947.42	27
1947.76	1
1948.09	24
1948.43	28
1948.76	19
1949.1	32
1949.43	29
1949.77	43
1950.1	13
1950.44	16
1950.77	38
1951.11	31
1951.44	32
1951.78	24
1952.11	5
1952.45	1
1952.78	14
1953.12	13
1953.45	26
1953.79	15
1954.12	8
1954.46	24
1954.79	11
1955.12	21
1955.46	0
1955.79	6
1956.13	28
1956.46	13
1956.8	0
1957.13	5
1957.47	0
1957.8	0
1958.14	0
1958.47	8
1958.8	11
1959.14	0
1959.47	0
1959.81	15
1960.14	0
1960.48	0
1960.81	0
1961.14	7
1961.48	0
1961.81	0
1962.15	0
1962.48	7
1962.82	0
1963.15	0
1963.48	0
1963.82	0
1964.15	0
1964.49	0
1964.82	0
1965.15	8
1965.49	0
1965.82	0
1966.16	11
1966.49	1
1966.82	0
1967.16	0
1967.49	0
1967.83	0
1968.16	0
1968.49	0
1968.83	0
1969.16	0
1969.49	8
1969.83	0
1970.16	6
1970.49	0
1970.83	0
1971.16	0
1971.5	0
1971.83	0
1972.16	0
1972.5	12
1972.83	0
1973.16	0
1973.5	0
1973.83	0
1974.16	0
1974.5	8
1974.83	0
1975.16	0
1975.5	0
1975.83	0
1976.16	-4
1976.49	5
1976.83	0
1977.16	0
1977.49	1
1977.83	0
1978.16	0
1978.49	4
1978.83	0
1979.16	0
1979.49	11
1979.83	0
1980.16	0
1980.49	-2
1980.82	0
1981.16	0
1981.49	5
1981.82	0
1982.15	0
1982.49	7
1982.82	0
1983.15	0
1983.49	0
1983.82	0
1984.15	0
1984.48	0
1984.82	0
1985.15	0
1985.48	0
1985.81	0
1986.15	0
1986.48	0
1986.81	0
1987.14	0
1987.48	0
1987.81	15
1988.14	0
1988.47	0
1988.81	0
1989.14	6
1989.47	35
1989.8	0
1990.13	0
1990.47	9
1990.8	25
1991.13	6
1991.46	15
1991.79	20
1992.13	4
1992.46	32
1992.79	42
1993.12	21
1993.45	6
1993.79	4
1994.12	24
1994.45	5
1994.78	27
1995.11	35
1995.45	3
1995.78	30
1996.11	17
1996.44	34
1996.77	0
1997.1	34
1997.44	27
1997.77	26
1998.1	15
1998.43	29
1998.76	44
1999.09	7
1999.43	30
1999.76	9
2000.09	0
2000.42	52
2000.75	17
2001.08	21
2001.41	23
2001.75	22
2002.08	20
2002.41	8
2002.74	10
2003.07	13
2003.4	4
2003.73	20
2004.06	36
2004.4	27
2004.73	11
2005.06	26
2005.39	29
2005.72	26
2006.05	34
2006.38	19
2006.71	41
2007.04	26
2007.37	0
2007.71	24
2008.04	45
2008.37	30
2008.7	22
2009.03	28
2009.36	28
2009.69	38
2010.02	29
2010.35	41
2010.68	30
2011.01	28
2011.34	27
2011.67	48
2012.01	32
2012.34	6
2012.67	17
2013	47
2013.33	28
2013.66	28
2013.99	25
2014.32	18
2014.65	7
2014.98	15
2015.31	16
2015.64	15
2015.97	15
2016.3	20
2016.63	13
2016.96	23
2017.29	26
2017.62	22
2017.95	11
2018.28	21
2018.61	8
2018.94	6
2019.27	2
2019.6	15
2019.93	27
2020.26	17
2020.59	6
2020.92	19
2021.25	14
2021.58	9
2021.91	0
2022.24	10
2022.57	9
2022.9	6
2023.23	27
2023.56	11
2023.89	17
2024.22	7
2024.55	3
2024.88	0
2025.21	0
2025.54	0
2025.87	19
2026.2	19
2026.53	0
2026.86	0
2027.19	0
2027.52	0
2027.85	14
2028.18	0
2028.51	7
2028.84	0
2029.16	10
2029.49	7
2029.82	0
2030.15	10
2030.48	3
2030.81	0
2031.14	0
2031.47	0
2031.8	4
2032.13	0
2032.46	5
2032.79	0
2033.12	0
2033.44	6
2033.77	0
2034.1	0
2034.43	0
2034.76	10
2035.09	2
2035.42	3
2035.75	0
2036.08	0
2036.41	5
2036.73	16
2037.06	10
2037.39	0
2037.72	0
2038.05	0
2038.38	10
2038.71	0
2039.04	0
2039.36	0
2039.69	2
2040.02	0
2040.35	0
2040.68	11
2041.01	4
2041.34	5
2041.66	0
2041.99	0
2042.32	2
2042.65	0
2042.98	5
2043.31	0
2043.63	0
2043.96	5
2044.29	0
2044.62	0
2044.95	0
2045.28	13
2045.6	0
2045.93	8
2046.26	1
2046.59	0
2046.92	0
2047.24	2
2047.57	5
2047.9	15
2048.23	4
2048.56	0
2048.88	8
2049.21	0
2049.54	0
2049.87	0
2050.2	0
2050.52	0
2050.85	14
2051.18	0
2051.51	10
2051.83	0
2052.16	0
2052.49	8
2052.82	0
2053.15	2
2053.47	0
2053.8	0
2054.13	0
2054.46	2
2054.78	0
2055.11	0
2055.44	1
2055.77	0
2056.09	0
2056.42	0
2056.75	9
2057.08	1
2057.4	0
2057.73	1
2058.06	0
2058.38	6
2058.71	5
2059.04	2
2059.37	0
2059.69	0
2060.02	-1
2060.35	2
2060.67	0
2061	9
2061.33	0
2061.66	0
2061.98	0
2062.31	0
2062.64	0
2062.96	2
2063.29	4
2063.62	0
2063.94	0
2064.27	0
2064.6	0
2064.92	0
2065.25	0
2065.58	0
2065.91	0
2066.23	0
2066.56	0
2066.89	0
2067.21	1
2067.54	0
2067.87	0
2068.19	0
2068.52	18
2068.84	0
2069.17	0
2069.5	0
2069.82	0
2070.15	26
2070.48	0
2070.8	1
2071.13	0
2071.46	0
2071.78	0
2072.11	0
2072.43	0
2072.76	0
2073.09	5
2073.41	0
2073.74	0
2074.07	0
2074.39	1
2074.72	0
2075.04	0
2075.37	0
2075.7	6
2076.02	9
2076.35	0
2076.67	0
2077	0
2077.33	0
2077.65	0
2077.98	0
2078.3	0
2078.63	0
2078.95	0
2079.28	0
2079.61	0
2079.93	0
2080.26	0
2080.58	0
2080.91	0
2081.23	0
2081.56	0
2081.89	0
2082.21	3
2082.54	0
2082.86	0
2083.19	0
2083.51	0
2083.84	0
2084.16	0
2084.49	0
2084.81	0
2085.14	0
2085.46	0
2085.79	0
2086.12	17
2086.44	0
2086.77	10
2087.09	3
2087.42	0
2087.74	0
2088.07	0
2088.39	0
2088.72	0
2089.04	0
2089.37	0
2089.69	4
2090.02	0
2090.34	0
2090.67	0
2090.99	0
2091.32	0
2091.64	0
2091.97	1
2092.29	0
2092.62	11
2092.94	0
2093.26	0
2093.59	1
2093.91	8
2094.24	0
2094.56	0
2094.89	0
2095.21	0
2095.54	0
2095.86	0
2096.19	0
2096.51	0
2096.84	0
2097.16	0
2097.48	0
2097.81	0
2098.13	0
2098.46	0
2098.78	0
2099.11	0
2099.43	15
2099.75	0
2100.08	0
2100.4	-1
2100.73	0
2101.05	0
2101.38	0
2101.7	0
2102.02	0
2102.35	13
2102.67	0
2103	0
2103.32	0
2103.64	0
2103.97	7
2104.29	0
2104.62	0
2104.94	0
2105.26	0
2105.59	0
2105.91	0
2106.23	0
2106.56	0
2106.88	0
2107.21	0
2107.53	0
2107.85	0
2108.18	0
2108.5	0
2108.82	4
2109.15	0
2109.47	0
2109.79	0
2110.12	0
2110.44	0
2110.76	0
2111.09	0
2111.41	0
2111.73	0
2112.06	0
2112.38	0
2112.7	0
2113.03	0
2113.35	0
2113.67	0
2114	2
2114.32	14
2114.64	0
2114.97	0
2115.29	0
2115.61	0
2115.94	0
2116.26	0
2116.58	0
2116.91	0
2117.23	13
2117.55	0
2117.87	0
2118.2	0
2118.52	0
2118.84	0
2119.17	0
2119.49	0
2119.81	0
2120.13	0
2120.46	0
2120.78	0
2121.1	0
2121.42	0
2121.75	0
2122.07	0
2122.39	0
2122.72	0
2123.04	0
2123.36	0
2123.68	0
2124.01	0
2124.33	0
2124.65	0
2124.97	0
2125.29	0
2125.62	0
2125.94	0
2126.26	0
2126.58	0
2126.91	0
2127.23	0
2127.55	0
2127.87	0
2128.2	0
2128.52	0
2128.84	0
2129.16	0
2129.48	0
2129.81	0
2130.13	0
2130.45	0
2130.77	0
2131.09	0
2131.42	0
2131.74	0
2132.06	0
2132.38	0
2132.7	0
2133.02	0
2133.35	0
2133.67	0
2133.99	0
2134.31	0
2134.63	0
2134.96	0
2135.28	0
2135.6	0
2135.92	0
2136.24	0
2136.56	0
2136.88	0
2137.21	0
2137.53	0
2137.85	0
2138.17	0
2138.49	0
2138.81	0
2139.13	0
2139.46	0
2139.78	0
2140.1	0
2140.42	0
2140.74	0
2141.06	0
2141.38	0
2141.7	0
2142.03	0
2142.35	0
2142.67	0
2142.99	0
2143.31	0
2143.63	0
2143.95	0
2144.27	0
2144.59	0
2144.91	0
2145.24	0
2145.56	0
2145.88	0
2146.2	0
2146.52	0
2146.84	0
2147.16	0
2147.48	0
2147.8	0
2148.12	0
2148.44	0
2148.76	0
2149.08	0
2149.41	0
2149.73	0
2150.05	0
2150.37	0
2150.69	0
2151.01	-20
2151.33	0
2151.65	0
2151.97	0
2152.29	0
2152.61	0
2152.93	0
2153.25	0
2153.57	0
2153.89	0
2154.21	0
2154.53	0
2154.85	0
2155.17	0
2155.49	0
2155.81	0
2156.13	0
2156.45	0
2156.77	0
2157.09	0
2157.41	0
2157.73	0
2158.05	0
2158.37	0
2158.69	0
2159.01	0
2159.33	0
2159.65	0
2159.97	0
2160.29	0
2160.61	0
2160.93	1
2161.25	0
2161.57	0
2161.89	0
2162.21	0
2162.53	0
2162.85	0
2163.17	0
2163.49	0
2163.81	0
2164.13	0
2164.45	0
2164.77	0
2165.08	0
2165.4	0
2165.72	0
2166.04	0
2166.36	0
2166.68	0
2167	0
2167.32	0
2167.64	0
2167.96	0
2168.28	0
2168.6	0
2168.92	0
2169.24	0
2169.55	0
2169.87	0
2170.19	0
2170.51	0
2170.83	0
2171.15	0
2171.47	0
2171.79	0
2172.11	0
2172.43	0
2172.74	0
2173.06	0
2173.38	0
2173.7	0
2174.02	0
2174.34	0
2174.66	0
2174.98	0
2175.29	0
2175.61	0
2175.93	0
2176.25	0
2176.57	0
2176.89	0
2177.21	0
2177.52	0
2177.84	0
2178.16	0
2178.48	0
2178.8	0
2179.12	0
2179.43	0
2179.75	0
2180.07	0
2180.39	0
2180.71	0
2181.03	0
2181.34	0
2181.66	0
2181.98	0
2182.3	0
2182.62	0
2182.93	0
2183.25	0
2183.57	0
2183.89	0
2184.21	0
2184.52	0
2184.84	0
2185.16	0
2185.48	0
2185.8	0
2186.11	0
2186.43	0
2186.75	0
2187.07	0
2187.39	0
2187.7	0
2188.02	0
2188.34	0
2188.66	0
2188.97	0
2189.29	0
2189.61	0
2189.93	0
2190.24	3
2190.56	0
2190.88	0
2191.2	0
2191.51	4
2191.83	2
2192.15	0
2192.47	0
2192.78	0
2193.1	0
2193.42	0
2193.74	0
2194.05	0
2194.37	0
2194.69	0
2195	0
2195.32	0
2195.64	0
2195.96	0
2196.27	0
2196.59	0
2196.91	0
2197.22	0
2197.54	3
2197.86	0
2198.18	0
2198.49	0
2198.81	1
2199.13	0
2199.44	0
2199.76	0
2200.08	0
2200.39	0
2200.71	0
2201.03	0
2201.34	0
2201.66	0
2201.98	0
2202.29	0
2202.61	0
2202.93	0
2203.24	0
2203.56	0
2203.88	0
2204.19	0
2204.51	0
2204.83	0
2205.14	0
2205.46	0
2205.78	0
2206.09	0
2206.41	0
2206.72	0
2207.04	0
2207.36	0
2207.67	0
2207.99	0
2208.31	0
2208.62	0
2208.94	0
2209.25	0
2209.57	0
2209.89	0
2210.2	0
2210.52	0
2210.83	0
2211.15	0
2211.47	0
2211.78	0
2212.1	0
2212.41	0
2212.73	0
2213.05	0
2213.36	0
2213.68	0
2213.99	0
2214.31	0
2214.62	0
2214.94	0
2215.26	0
2215.57	0
2215.89	0
2216.2	0
2216.52	0
2216.83	0
2217.15	0
2217.46	0
2217.78	0
2218.1	0
2218.41	0
2218.73	0
2219.04	0
2219.36	0
2219.67	0
2219.99	0
2220.3	0
2220.62	0
2220.93	0
2221.25	1
2221.56	0
2221.88	0
2222.19	0
2222.51	0
2222.82	0
2223.14	0
2223.45	0
2223.77	0
2224.08	35
2224.4	0
2224.71	0
2225.03	0
2225.34	0
2225.66	0
2225.97	0
2226.29	10
2226.6	0
2226.92	8
2227.23	0
2227.55	0
2227.86	0
2228.18	0
2228.49	-7
2228.81	-6
2229.12	0
2229.44	-1
2229.75	0
2230.07	0
2230.38	0
2230.69	0
2231.01	0
2231.32	0
2231.64	0
2231.95	0
2232.27	0
2232.58	0
2232.9	0
2233.21	0
2233.52	0
2233.84	5
2234.15	0
2234.47	0
2234.78	2
2235.1	0
2235.41	12
2235.72	0
2236.04	0
2236.35	0
2236.67	0
2236.98	6
2237.29	0
2237.61	0
2237.92	0
2238.24	0
2238.55	0
2238.86	-4
2239.18	0
2239.49	0
2239.8	0
2240.12	0
2240.43	5
2240.75	0
2241.06	0
2241.37	0
2241.69	0
2242	0
2242.31	0
2242.63	0
2242.94	0
2243.26	0
2243.57	0
2243.88	0
2244.2	0
2244.51	0
2244.82	0
2245.14	0
2245.45	0
2245.76	0
2246.08	0
2246.39	0
2246.7	0
2247.02	0
2247.33	0
2247.64	0
2247.96	0
2248.27	0
2248.58	0
2248.9	0
2249.21	0
2249.52	0
2249.83	0
2250.15	0
2250.46	0
2250.77	0
2251.09	0
2251.4	0
2251.71	0
2252.03	0
2252.34	0
2252.65	0
2252.96	0
2253.28	0
2253.59	0
2253.9	0
2254.21	0
2254.53	0
2254.84	0
2255.15	0
2255.47	0
2255.78	11
2256.09	3
2256.4	0
2256.72	0
2257.03	0
2257.34	0
2257.65	0
2257.97	0
2258.28	0
2258.59	0
2258.9	0
2259.22	0
2259.53	0
2259.84	0
2260.15	0
2260.46	0
2260.78	0
2261.09	0
2261.4	0
2261.71	0
2262.03	0
2262.34	0
2262.65	0
2262.96	0
2263.27	0
2263.59	0
2263.9	0
2264.21	0
2264.52	0
2264.83	0
2265.15	0
2265.46	0
2265.77	0
2266.08	0
2266.39	0
2266.7	0
2267.02	0
2267.33	0
2267.64	0
2267.95	0
2268.26	0
2268.57	-1
2268.89	0
2269.2	0
2269.51	0
2269.82	0
2270.13	0
2270.44	0
2270.76	0
2271.07	0
2271.38	0
2271.69	0
2272	0
2272.31	0
2272.62	0
2272.93	0
2273.25	0
2273.56	0
2273.87	0
2274.18	0
2274.49	0
2274.8	0
2275.11	0
2275.42	0
2275.74	0
2276.05	0
2276.36	-1
2276.67	0
2276.98	0
2277.29	0
2277.6	-1
2277.91	0
2278.22	0
2278.53	0
2278.85	0
2279.16	0
2279.47	0
2279.78	2
2280.09	0
2280.4	0
2280.71	0
2281.02	0
2281.33	0
2281.64	0
2281.95	0
2282.26	0
2282.57	0
2282.88	0
2283.19	0
2283.5	0
2283.82	0
2284.13	0
2284.44	0
2284.75	0
2285.06	0
2285.37	0
2285.68	0
2285.99	-2
2286.3	0
2286.61	0
2286.92	0
2287.23	0
2287.54	0
2287.85	0
2288.16	0
2288.47	0
2288.78	0
2289.09	0
2289.4	0
2289.71	0
2290.02	0
2290.33	0
2290.64	-5
2290.95	0
2291.26	0
2291.57	0
2291.88	0
2292.19	0
2292.5	0
2292.81	0
2293.12	-1
2293.43	0
2293.74	1
2294.05	0
2294.36	0
2294.67	0
2294.98	0
2295.29	0
2295.6	0
2295.91	0
2296.21	0
2296.52	0
2296.83	0
2297.14	0
2297.45	0
2297.76	3
2298.07	0
2298.38	14
2298.69	0
2299	0
2299.31	0
2299.62	-5
2299.93	0
2300.24	0
2300.55	0
2300.85	0
2301.16	0
2301.47	0
2301.78	0
2302.09	0
2302.4	5
2302.71	1
2303.02	0
2303.33	0
2303.64	0
2303.94	0
2304.25	15
2304.56	0
2304.87	0
2305.18	0
2305.49	0
2305.8	0
2306.11	0
2306.42	0
2306.72	1
2307.03	0
2307.34	0
2307.65	0
2307.96	0
2308.27	0
2308.58	0
2308.88	0
2309.19	0
2309.5	0
2309.81	0
2310.12	0
2310.43	0
2310.74	0
2311.04	0
2311.35	0
2311.66	0
2311.97	0
2312.28	0
2312.59	0
2312.89	0
2313.2	0
2313.51	0
2313.82	1
2314.13	0
2314.43	0
2314.74	0
2315.05	0
2315.36	0
2315.67	0
2315.97	0
2316.28	0
2316.59	0
2316.9	0
2317.21	0
2317.51	0
2317.82	0
2318.13	0
2318.44	0
2318.75	0
2319.05	0
2319.36	0
2319.67	0
2319.98	0
2320.28	0
2320.59	0
2320.9	0
2321.21	0
2321.51	0
2321.82	0
2322.13	0
2322.44	0
2322.74	0
2323.05	0
2323.36	0
2323.67	0
2323.97	0
2324.28	0
2324.59	0
2324.9	0
2325.2	0
2325.51	0
2325.82	0
2326.13	0
2326.43	0
2326.74	0
2327.05	0
2327.35	0
2327.66	0
2327.97	0
2328.27	0
2328.58	0
2328.89	0
2329.2	0
2329.5	0
2329.81	0
2330.12	0
2330.42	0
2330.73	0
2331.04	0
2331.34	0
2331.65	0
2331.96	0
2332.26	0
2332.57	0
2332.88	0
2333.18	0
2333.49	0
2333.8	0
2334.1	0
2334.41	0
2334.72	1
2335.02	0
2335.33	-5
2335.64	0
2335.94	0
2336.25	0
2336.56	0
2336.86	0
2337.17	0
2337.48	0
2337.78	0
2338.09	0
2338.39	0
2338.7	-3
2339.01	0
2339.31	0
2339.62	0
2339.93	0
2340.23	0
2340.54	0
2340.84	0
2341.15	0
2341.46	0
2341.76	0
2342.07	0
2342.37	0
2342.68	0
2342.99	0
2343.29	0
2343.6	0
2343.9	0
2344.21	0
2344.51	0
2344.82	0
2345.13	0
2345.43	0
2345.74	0
2346.04	0
2346.35	0
2346.65	0
2346.96	0
2347.27	0
2347.57	0
2347.88	0
2348.18	1
2348.49	0
2348.79	0
2349.1	0
2349.4	4
2349.71	0
2350.01	0
2350.32	0
2350.63	-5
2350.93	0
2351.24	3
2351.54	0
2351.85	0
2352.15	0
2352.46	0
2352.76	0
2353.07	0
2353.37	0
2353.68	0
2353.98	0
2354.29	0
2354.59	0
2354.9	0
2355.2	0
2355.51	0
2355.81	8
2356.12	0
2356.42	0
2356.73	0
2357.03	0
2357.34	0
2357.64	0
2357.95	0
2358.25	0
2358.55	0
2358.86	0
2359.16	0
2359.47	0
2359.77	0
2360.08	0
2360.38	0
2360.69	0
2360.99	0
2361.3	0
2361.6	0
2361.9	0
2362.21	0
2362.51	0
2362.82	0
2363.12	0
2363.43	0
2363.73	0
2364.04	0
2364.34	0
2364.64	0
2364.95	0
2365.25	0
2365.56	0
2365.86	0
2366.16	0
2366.47	0
2366.77	0
2367.08	0
2367.38	0
2367.68	0
2367.99	0
2368.29	0
2368.6	0
2368.9	0
2369.2	0
2369.51	0
2369.81	0
2370.12	0
2370.42	0
2370.72	-10
2371.03	0
2371.33	0
2371.63	0
2371.94	0
2372.24	0
2372.55	0
2372.85	0
2373.15	0
2373.46	0
2373.76	0
2374.06	0
2374.37	0
2374.67	0
2374.97	0
2375.28	0
2375.58	0
2375.88	0
2376.19	0
2376.49	0
2376.79	0
2377.1	0
2377.4	0
2377.7	0
2378.01	0
2378.31	0
2378.61	0
2378.92	0
2379.22	0
2379.52	0
2379.82	0
2380.13	0
2380.43	0
2380.73	0
2381.04	0
2381.34	0
2381.64	0
2381.95	0
2382.25	0
2382.55	0
2382.85	0
2383.16	0
2383.46	0
2383.76	0
2384.06	2
2384.37	0
2384.67	0
2384.97	0
2385.28	0
2385.58	0
2385.88	0
2386.18	4
2386.49	0
2386.79	0
2387.09	0
2387.39	0
2387.69	0
2388	0
2388.3	1
2388.6	0
2388.9	0
2389.21	0
2389.51	0
2389.81	0
2390.11	0
2390.42	0
2390.72	0
2391.02	0
2391.32	0
2391.62	0
2391.93	0
2392.23	4
2392.53	0
2392.83	0
2393.13	0
2393.44	0
2393.74	0
2394.04	0
2394.34	0
2394.64	0
2394.95	0
2395.25	0
2395.55	0
2395.85	0
2396.15	0
2396.45	0
2396.76	0
2397.06	0
2397.36	0
2397.66	0
2397.96	0
2398.26	0
2398.57	0
2398.87	3
2399.17	0
2399.47	0
2399.77	0
2400.07	0
2400.37	0
2400.68	0
2400.98	0
2401.28	0
2401.58	0
2401.88	0
2402.18	0
2402.48	0
2402.79	0
2403.09	0
2403.39	0
2403.69	0
2403.99	0
2404.29	0
2404.59	0
2404.89	7
2405.19	0
2405.5	0
2405.8	0
2406.1	0
2406.4	0
2406.7	0
2407	0
2407.3	0
2407.6	0
2407.9	0
2408.2	0
2408.5	0
2408.8	0
2409.11	0
2409.41	0
2409.71	0
2410.01	0
2410.31	0
2410.61	0
2410.91	0
2411.21	0
2411.51	0
2411.81	0
2412.11	0
2412.41	0
2412.71	0
2413.01	0
2413.31	0
2413.61	0
2413.91	0
2414.21	0
2414.51	0
2414.81	0
2415.12	0
2415.42	0
2415.72	0
2416.02	0
2416.32	0
2416.62	0
2416.92	3
2417.22	0
2417.52	0
2417.82	-2
2418.12	0
2418.42	0
2418.72	0
2419.02	0
2419.32	0
2419.62	0
2419.92	12
2420.22	0
2420.52	0
2420.82	0
2421.12	0
2421.42	0
2421.71	0
2422.01	0
2422.31	1
2422.61	0
2422.91	0
2423.21	0
2423.51	0
2423.81	0
2424.11	0
2424.41	0
2424.71	0
2425.01	0
2425.31	0
2425.61	0
2425.91	0
2426.21	0
2426.51	0
2426.81	0
2427.11	0
2427.41	0
2427.7	0
2428	0
2428.3	0
2428.6	0
2428.9	0
2429.2	15
2429.5	0
2429.8	0
2430.1	0
2430.4	0
2430.7	0
2430.99	0
2431.29	0
2431.59	0
2431.89	0
2432.19	0
2432.49	0
2432.79	0
2433.09	0
2433.39	0
2433.68	0
2433.98	0
2434.28	0
2434.58	0
2434.88	0
2435.18	0
2435.48	0
2435.78	0
2436.07	0
2436.37	0
2436.67	0
2436.97	0
2437.27	0
2437.57	0
2437.86	0
2438.16	0
2438.46	0
2438.76	0
2439.06	0
2439.36	0
2439.66	3
2439.95	0
2440.25	0
2440.55	0
2440.85	0
2441.15	0
2441.44	0
2441.74	0
2442.04	0
2442.34	-1
2442.64	0
2442.93	0
2443.23	0
2443.53	0
2443.83	0
2444.13	0
2444.42	7
2444.72	0
2445.02	0
2445.32	0
2445.62	0
2445.91	0
2446.21	0
2446.51	0
2446.81	3
2447.1	0
2447.4	0
2447.7	0
2448	0
2448.3	0
2448.59	0
2448.89	0
2449.19	0
2449.49	0
2449.78	0
2450.08	0
2450.38	-1
2450.68	0
2450.97	0
2451.27	0
2451.57	0
2451.87	0
2452.16	0
2452.46	0
2452.76	0
2453.05	0
2453.35	0
2453.65	0
2453.95	0
2454.24	0
2454.54	0
2454.84	0
2455.13	0
2455.43	0
2455.73	0
2456.03	0
2456.32	0
2456.62	0
2456.92	0
2457.21	0
2457.51	0
2457.81	0
2458.1	0
2458.4	0
2458.7	1
2458.99	0
2459.29	0
2459.59	0
2459.88	0
2460.18	0
2460.48	0
2460.77	3
2461.07	0
2461.37	0
2461.66	0
2461.96	0
2462.26	0
2462.55	0
2462.85	0
2463.15	0
2463.44	0
2463.74	0
2464.04	0
2464.33	0
2464.63	0
2464.92	0
2465.22	-3
2465.52	11
2465.81	0
2466.11	4
2466.41	0
2466.7	0
2467	0
2467.29	0
2467.59	0
2467.89	0
2468.18	0
2468.48	5
2468.77	0
2469.07	0
2469.37	1
2469.66	0
2469.96	0
2470.25	0
2470.55	0
2470.84	0
2471.14	0
2471.44	0
2471.73	0
2472.03	-1
2472.32	0
2472.62	0
2472.91	0
2473.21	0
2473.51	0
2473.8	0
2474.1	0
2474.39	0
2474.69	0
2474.98	11
2475.28	0
2475.57	0
2475.87	0
2476.17	0
2476.46	0
2476.76	0
2477.05	0
2477.35	0
2477.64	0
2477.94	0
2478.23	0
2478.53	0
2478.82	0
2479.12	0
2479.41	0
2479.71	0
2480	0
2480.3	0
2480.59	0
2480.89	0
2481.18	0
2481.48	0
2481.77	0
2482.07	0
2482.36	0
2482.66	0
2482.95	0
2483.25	0
2483.54	0
2483.84	0
2484.13	0
2484.43	0
2484.72	0
2485.02	0
2485.31	0
2485.6	0
2485.9	0
2486.19	0
2486.49	0
2486.78	0
2487.08	0
2487.37	0
2487.67	0
2487.96	0
2488.26	0
2488.55	0
2488.84	0
2489.14	0
2489.43	0
2489.73	0
2490.02	0
2490.32	0
2490.61	2
2490.9	0
2491.2	0
2491.49	0
2491.79	0
2492.08	0
2492.37	0
2492.67	0
2492.96	0
2493.26	0
2493.55	0
2493.84	1
2494.14	0
2494.43	0
2494.73	0
2495.02	0
2495.31	0
2495.61	0
2495.9	0
2496.2	0
2496.49	0
2496.78	0
2497.08	0
2497.37	0
2497.66	0
2497.96	0
2498.25	0
2498.54	0
2498.84	0
2499.13	0
2499.43	0
2499.72	0
2500.01	0
2500.31	0
2500.6	0
2500.89	0
2501.19	0
2501.48	0
2501.77	0
2502.07	0
2502.36	0
2502.65	0
2502.95	0
2503.24	0
2503.53	0
2503.82	0
2504.12	0
2504.41	0
2504.7	0
2505	0
2505.29	0
2505.58	0
2505.88	0
2506.17	0
2506.46	0
2506.76	0
2507.05	0
2507.34	0
2507.63	0
2507.93	0
2508.22	0
2508.51	0
2508.8	0
2509.1	0
2509.39	1
2509.68	0
2509.98	0
2510.27	0
2510.56	0
2510.85	0
2511.15	0
2511.44	0
2511.73	0
2512.02	7
2512.32	0
2512.61	0
2512.9	0
2513.19	0
2513.49	0
2513.78	0
2514.07	0
2514.36	0
2514.65	5
2514.95	0
2515.24	2
2515.53	0
2515.82	0
2516.12	0
2516.41	2
2516.7	0
2516.99	0
2517.28	0
2517.58	0
2517.87	0
2518.16	0
2518.45	0
2518.74	0
2519.04	0
2519.33	1
2519.62	0
2519.91	0
2520.2	0
2520.5	0
2520.79	0
2521.08	0
2521.37	0
2521.66	0
2521.95	0
2522.25	0
2522.54	0
2522.83	0
2523.12	0
2523.41	0
2523.7	0
2523.99	0
2524.29	0
2524.58	0
2524.87	0
2525.16	0
2525.45	0
2525.74	0
2526.03	0
2526.33	0
2526.62	0
2526.91	0
2527.2	0
2527.49	0
2527.78	0
2528.07	0
2528.36	0
2528.66	0
2528.95	0
2529.24	0
2529.53	0
2529.82	0
2530.11	0
2530.4	0
2530.69	0
2530.98	0
2531.27	0
2531.57	0
2531.86	0
2532.15	0
2532.44	0
2532.73	0
2533.02	0
2533.31	0
2533.6	0
2533.89	0
2534.18	8
2534.47	4
2534.76	0
2535.05	0
2535.35	0
2535.64	0
2535.93	0
2536.22	0
2536.51	0
2536.8	0
2537.09	0
2537.38	0
2537.67	0
2537.96	0
2538.25	0
2538.54	0
2538.83	0
2539.12	0
2539.41	0
2539.7	0
2539.99	0
2540.28	0
2540.57	0
2540.86	0
2541.15	0
2541.44	0
2541.73	0
2542.02	0
2542.31	0
2542.6	0
2542.89	0
2543.18	0
2543.47	0
2543.76	0
2544.05	0
2544.34	0
2544.63	0
2544.92	0
2545.21	0
2545.5	0
2545.79	0
2546.08	0
2546.37	0
2546.66	0
2546.95	0
2547.24	-6
2547.53	0
2547.82	3
2548.11	0
2548.4	0
2548.69	0
2548.98	0
2549.27	0
2549.55	0
2549.84	0
2550.13	-9
2550.42	0
2550.71	-2
2551	0
2551.29	0
2551.58	0
2551.87	0
2552.16	0
2552.45	0
2552.74	0
2553.03	0
2553.31	0
2553.6	0
2553.89	0
2554.18	0
2554.47	0
2554.76	0
2555.05	0
2555.34	0
2555.63	0
2555.92	0
2556.2	0
2556.49	0
2556.78	0
2557.07	0
2557.36	0
2557.65	0
2557.94	0
2558.23	0
2558.51	0
2558.8	0
2559.09	0
2559.38	0
2559.67	0
2559.96	0
2560.25	0
2560.53	0
2560.82	0
2561.11	0
2561.4	0
2561.69	0
2561.98	0
2562.27	0
2562.55	0
2562.84	0
2563.13	0
2563.42	0
2563.71	0
2564	0
2564.28	0
2564.57	0
2564.86	0
2565.15	0
2565.44	0
2565.72	0
2566.01	0
2566.3	0
2566.59	0
2566.88	0
2567.16	0
2567.45	0
2567.74	0
2568.03	0
2568.32	0
2568.6	0
2568.89	0
2569.18	0
2569.47	0
2569.75	0

