Source: Spectrum Viewer

Chart: Pulse Spectrum

Series: 
Wavelength (nm)	S (a.u.)
1179.9	0
1180.29	0
1180.68	0
1181.06	0
1181.45	0
1181.83	0
1182.22	0
1182.6	0
1182.99	0
1183.38	0
1183.76	0
1184.15	0
1184.53	0
1184.92	0
1185.3	0
1185.69	0
1186.07	0
1186.46	0
1186.85	0
1187.23	0
1187.62	0
1188	0
1188.39	0
1188.77	0
1189.16	0
1189.54	0
1189.93	0
1190.31	0
1190.7	0
1191.08	0
1191.47	0
1191.85	0
1192.24	0
1192.62	0
1193.01	0
1193.39	0
1193.78	0
1194.16	0
1194.55	0
1194.93	0
1195.32	0
1195.7	0
1196.09	0
1196.47	0
1196.86	0
1197.24	0
1197.63	0
1198.01	0
1198.4	0
1198.78	0
1199.16	0
1199.55	0
1199.93	0
1200.32	0
1200.7	0
1201.09	0
1201.47	0
1201.86	0
1202.24	0
1202.63	0
1203.01	0
1203.39	0
1203.78	0
1204.16	0
1204.55	0
1204.93	0
1205.32	0
1205.7	0
1206.08	0
1206.47	0
1206.85	0
1207.24	0
1207.62	0
1208	0
1208.39	0
1208.77	0
1209.16	0
1209.54	0
1209.92	0
1210.31	0
1210.69	0
1211.08	0
1211.46	0
1211.84	0
1212.23	0
1212.61	0
1213	0
1213.38	0
1213.76	0
1214.15	0
1214.53	0
1214.91	0
1215.3	0
1215.68	0
1216.06	0
1216.45	0
1216.83	0
1217.22	0
1217.6	0
1217.98	0
1218.37	0
1218.75	0
1219.13	0
1219.52	0
1219.9	0
1220.28	0
1220.67	0
1221.05	0
1221.43	0
1221.82	0
1222.2	0
1222.58	0
1222.97	0
1223.35	0
1223.73	0
1224.11	0
1224.5	0
1224.88	0
1225.26	0
1225.65	0
1226.03	0
1226.41	0
1226.8	0
1227.18	0
1227.56	12
1227.94	1
1228.33	0
1228.71	0
1229.09	0
1229.47	0
1229.86	0
1230.24	0
1230.62	0
1231.01	0
1231.39	0
1231.77	0
1232.15	0
1232.54	0
1232.92	0
1233.3	0
1233.68	0
1234.07	0
1234.45	0
1234.83	0
1235.21	0
1235.6	0
1235.98	0
1236.36	0
1236.74	0
1237.12	0
1237.51	0
1237.89	0
1238.27	0
1238.65	0
1239.04	0
1239.42	0
1239.8	0
1240.18	0
1240.56	6
1240.95	0
1241.33	0
1241.71	0
1242.09	0
1242.47	0
1242.86	0
1243.24	0
1243.62	0
1244	0
1244.38	1
1244.77	0
1245.15	0
1245.53	0
1245.91	0
1246.29	0
1246.67	0
1247.06	0
1247.44	0
1247.82	6
1248.2	0
1248.58	0
1248.96	0
1249.34	2
1249.73	0
1250.11	0
1250.49	0
1250.87	-2
1251.25	0
1251.63	0
1252.01	0
1252.4	0
1252.78	0
1253.16	0
1253.54	0
1253.92	0
1254.3	0
1254.68	0
1255.06	0
1255.45	0
1255.83	0
1256.21	0
1256.59	0
1256.97	0
1257.35	0
1257.73	0
1258.11	0
1258.49	0
1258.87	0
1259.26	0
1259.64	0
1260.02	0
1260.4	0
1260.78	0
1261.16	0
1261.54	0
1261.92	0
1262.3	0
1262.68	0
1263.06	0
1263.44	0
1263.82	0
1264.21	0
1264.59	0
1264.97	0
1265.35	0
1265.73	0
1266.11	0
1266.49	0
1266.87	0
1267.25	0
1267.63	0
1268.01	0
1268.39	0
1268.77	0
1269.15	0
1269.53	4
1269.91	0
1270.29	0
1270.67	-7
1271.05	0
1271.43	0
1271.81	0
1272.19	0
1272.57	0
1272.95	8
1273.33	0
1273.71	0
1274.09	0
1274.47	0
1274.85	0
1275.23	0
1275.61	0
1275.99	0
1276.37	0
1276.75	0
1277.13	0
1277.51	0
1277.89	0
1278.27	0
1278.65	0
1279.03	0
1279.41	0
1279.79	0
1280.17	0
1280.55	0
1280.93	0
1281.31	0
1281.69	0
1282.07	0
1282.45	0
1282.82	0
1283.2	7
1283.58	0
1283.96	0
1284.34	0
1284.72	0
1285.1	0
1285.48	0
1285.86	0
1286.24	0
1286.62	0
1287	0
1287.38	0
1287.75	0
1288.13	0
1288.51	0
1288.89	0
1289.27	0
1289.65	0
1290.03	0
1290.41	0
1290.79	0
1291.17	0
1291.54	0
1291.92	0
1292.3	3
1292.68	0
1293.06	0
1293.44	0
1293.82	7
1294.2	0
1294.57	0
1294.95	0
1295.33	0
1295.71	0
1296.09	5
1296.47	0
1296.85	0
1297.22	0
1297.6	0
1297.98	0
1298.36	0
1298.74	0
1299.12	0
1299.5	0
1299.87	-1
1300.25	0
1300.63	0
1301.01	0
1301.39	0
1301.77	0
1302.14	0
1302.52	0
1302.9	-2
1303.28	0
1303.66	3
1304.03	0
1304.41	0
1304.79	0
1305.17	0
1305.55	0
1305.92	0
1306.3	0
1306.68	0
1307.06	0
1307.44	0
1307.81	0
1308.19	0
1308.57	0
1308.95	0
1309.32	0
1309.7	1
1310.08	0
1310.46	0
1310.84	0
1311.21	0
1311.59	0
1311.97	0
1312.35	0
1312.72	0
1313.1	0
1313.48	0
1313.86	0
1314.23	0
1314.61	0
1314.99	0
1315.37	0
1315.74	0
1316.12	0
1316.5	0
1316.87	0
1317.25	0
1317.63	0
1318.01	0
1318.38	0
1318.76	1
1319.14	0
1319.52	0
1319.89	0
1320.27	0
1320.65	0
1321.02	0
1321.4	0
1321.78	0
1322.15	0
1322.53	0
1322.91	0
1323.29	0
1323.66	-3
1324.04	0
1324.42	0
1324.79	0
1325.17	0
1325.55	0
1325.92	0
1326.3	0
1326.68	0
1327.05	0
1327.43	0
1327.81	0
1328.18	0
1328.56	0
1328.94	0
1329.31	0
1329.69	0
1330.06	0
1330.44	0
1330.82	0
1331.19	0
1331.57	0
1331.95	0
1332.32	0
1332.7	0
1333.08	0
1333.45	0
1333.83	0
1334.2	0
1334.58	0
1334.96	0
1335.33	0
1335.71	0
1336.08	0
1336.46	0
1336.84	0
1337.21	0
1337.59	0
1337.96	0
1338.34	0
1338.72	0
1339.09	0
1339.47	0
1339.84	0
1340.22	0
1340.6	0
1340.97	0
1341.35	0
1341.72	0
1342.1	0
1342.47	0
1342.85	0
1343.23	0
1343.6	0
1343.98	0
1344.35	0
1344.73	0
1345.1	4
1345.48	0
1345.85	0
1346.23	0
1346.61	0
1346.98	0
1347.36	0
1347.73	0
1348.11	0
1348.48	0
1348.86	0
1349.23	0
1349.61	0
1349.98	0
1350.36	0
1350.73	0
1351.11	0
1351.48	0
1351.86	0
1352.23	6
1352.61	0
1352.98	0
1353.36	0
1353.73	0
1354.11	0
1354.48	0
1354.86	0
1355.23	0
1355.61	0
1355.98	0
1356.36	0
1356.73	0
1357.11	0
1357.48	0
1357.86	0
1358.23	0
1358.61	0
1358.98	0
1359.35	0
1359.73	0
1360.1	0
1360.48	0
1360.85	0
1361.23	0
1361.6	0
1361.98	0
1362.35	0
1362.72	0
1363.1	0
1363.47	0
1363.85	0
1364.22	12
1364.6	0
1364.97	0
1365.34	0
1365.72	0
1366.09	0
1366.47	0
1366.84	0
1367.22	0
1367.59	0
1367.96	0
1368.34	0
1368.71	0
1369.09	0
1369.46	0
1369.83	0
1370.21	0
1370.58	-3
1370.96	0
1371.33	0
1371.7	0
1372.08	0
1372.45	0
1372.82	0
1373.2	0
1373.57	0
1373.95	0
1374.32	0
1374.69	0
1375.07	0
1375.44	0
1375.81	0
1376.19	0
1376.56	0
1376.93	0
1377.31	5
1377.68	0
1378.05	0
1378.43	0
1378.8	0
1379.17	4
1379.55	0
1379.92	0
1380.29	0
1380.67	1
1381.04	0
1381.41	0
1381.79	0
1382.16	0
1382.53	0
1382.91	0
1383.28	0
1383.65	0
1384.03	0
1384.4	0
1384.77	0
1385.14	0
1385.52	0
1385.89	0
1386.26	0
1386.64	0
1387.01	0
1387.38	0
1387.75	0
1388.13	0
1388.5	0
1388.87	0
1389.25	-4
1389.62	0
1389.99	0
1390.36	0
1390.74	0
1391.11	0
1391.48	0
1391.85	0
1392.23	0
1392.6	0
1392.97	0
1393.34	0
1393.72	0
1394.09	0
1394.46	-4
1394.83	0
1395.21	0
1395.58	0
1395.95	0
1396.32	0
1396.69	0
1397.07	0
1397.44	0
1397.81	0
1398.18	0
1398.55	0
1398.93	0
1399.3	0
1399.67	0
1400.04	0
1400.41	0
1400.79	0
1401.16	0
1401.53	0
1401.9	0
1402.27	0
1402.65	0
1403.02	0
1403.39	0
1403.76	0
1404.13	5
1404.51	0
1404.88	0
1405.25	0
1405.62	0
1405.99	0
1406.36	0
1406.74	0
1407.11	0
1407.48	0
1407.85	0
1408.22	0
1408.59	0
1408.96	0
1409.34	0
1409.71	0
1410.08	0
1410.45	0
1410.82	0
1411.19	-2
1411.56	0
1411.93	0
1412.31	0
1412.68	0
1413.05	0
1413.42	0
1413.79	0
1414.16	0
1414.53	0
1414.9	0
1415.27	0
1415.65	0
1416.02	0
1416.39	0
1416.76	0
1417.13	0
1417.5	0
1417.87	0
1418.24	0
1418.61	0
1418.98	0
1419.35	0
1419.73	0
1420.1	0
1420.47	0
1420.84	0
1421.21	0
1421.58	0
1421.95	0
1422.32	0
1422.69	0
1423.06	0
1423.43	0
1423.8	0
1424.17	0
1424.54	0
1424.91	0
1425.28	0
1425.65	0
1426.02	0
1426.39	0
1426.76	0
1427.14	0
1427.51	0
1427.88	0
1428.25	0
1428.62	0
1428.99	0
1429.36	0
1429.73	0
1430.1	0
1430.47	0
1430.84	0
1431.21	0
1431.58	0
1431.95	0
1432.32	9
1432.69	0
1433.06	-6
1433.43	0
1433.8	0
1434.17	0
1434.54	0
1434.91	0
1435.28	0
1435.64	0
1436.01	0
1436.38	0
1436.75	0
1437.12	0
1437.49	0
1437.86	0
1438.23	0
1438.6	-3
1438.97	0
1439.34	0
1439.71	0
1440.08	0
1440.45	0
1440.82	0
1441.19	0
1441.56	0
1441.93	0
1442.3	0
1442.67	0
1443.03	0
1443.4	0
1443.77	0
1444.14	0
1444.51	0
1444.88	0
1445.25	0
1445.62	0
1445.99	0
1446.36	0
1446.73	0
1447.09	0
1447.46	0
1447.83	0
1448.2	0
1448.57	0
1448.94	0
1449.31	0
1449.68	0
1450.05	0
1450.41	0
1450.78	0
1451.15	0
1451.52	0
1451.89	0
1452.26	0
1452.63	0
1453	0
1453.36	0
1453.73	0
1454.1	0
1454.47	0
1454.84	0
1455.21	0
1455.57	0
1455.94	0
1456.31	0
1456.68	0
1457.05	0
1457.42	0
1457.78	0
1458.15	0
1458.52	0
1458.89	0
1459.26	0
1459.63	0
1459.99	0
1460.36	0
1460.73	8
1461.1	0
1461.47	0
1461.83	0
1462.2	0
1462.57	0
1462.94	0
1463.31	0
1463.67	0
1464.04	0
1464.41	0
1464.78	7
1465.15	0
1465.51	0
1465.88	0
1466.25	0
1466.62	0
1466.98	0
1467.35	0
1467.72	0
1468.09	0
1468.46	0
1468.82	0
1469.19	0
1469.56	0
1469.93	0
1470.29	0
1470.66	0
1471.03	0
1471.4	0
1471.76	0
1472.13	0
1472.5	0
1472.86	0
1473.23	0
1473.6	0
1473.97	0
1474.33	0
1474.7	6
1475.07	-1
1475.44	0
1475.8	0
1476.17	0
1476.54	0
1476.9	0
1477.27	0
1477.64	0
1478	0
1478.37	0
1478.74	0
1479.11	0
1479.47	3
1479.84	0
1480.21	-1
1480.57	0
1480.94	0
1481.31	0
1481.67	0
1482.04	0
1482.41	0
1482.77	0
1483.14	0
1483.51	0
1483.87	0
1484.24	0
1484.61	0
1484.97	0
1485.34	0
1485.71	0
1486.07	0
1486.44	0
1486.81	0
1487.17	0
1487.54	0
1487.9	0
1488.27	0
1488.64	-3
1489	0
1489.37	0
1489.74	0
1490.1	0
1490.47	0
1490.83	0
1491.2	0
1491.57	0
1491.93	0
1492.3	0
1492.66	0
1493.03	-1
1493.4	0
1493.76	0
1494.13	0
1494.49	0
1494.86	0
1495.23	0
1495.59	0
1495.96	0
1496.32	0
1496.69	0
1497.06	0
1497.42	0
1497.79	0
1498.15	0
1498.52	1
1498.88	0
1499.25	0
1499.62	0
1499.98	0
1500.35	0
1500.71	0
1501.08	0
1501.44	0
1501.81	0
1502.17	0
1502.54	0
1502.9	0
1503.27	0
1503.64	0
1504	0
1504.37	0
1504.73	0
1505.1	0
1505.46	0
1505.83	0
1506.19	0
1506.56	0
1506.92	0
1507.29	0
1507.65	0
1508.02	0
1508.38	0
1508.75	0
1509.11	0
1509.48	0
1509.84	0
1510.21	0
1510.57	0
1510.94	0
1511.3	0
1511.67	0
1512.03	0
1512.4	0
1512.76	0
1513.13	0
1513.49	0
1513.85	0
1514.22	0
1514.58	0
1514.95	0
1515.31	0
1515.68	0
1516.04	0
1516.41	0
1516.77	0
1517.14	0
1517.5	0
1517.86	0
1518.23	-4
1518.59	0
1518.96	0
1519.32	0
1519.69	0
1520.05	-8
1520.41	0
1520.78	0
1521.14	0
1521.51	-4
1521.87	0
1522.24	0
1522.6	0
1522.96	0
1523.33	0
1523.69	0
1524.06	0
1524.42	0
1524.78	0
1525.15	0
1525.51	0
1525.88	0
1526.24	0
1526.6	1
1526.97	0
1527.33	0
1527.69	0
1528.06	0
1528.42	0
1528.79	2
1529.15	0
1529.51	0
1529.88	0
1530.24	0
1530.6	1
1530.97	0
1531.33	0
1531.69	0
1532.06	0
1532.42	0
1532.78	0
1533.15	0
1533.51	0
1533.87	0
1534.24	0
1534.6	0
1534.96	0
1535.33	0
1535.69	-2
1536.05	0
1536.42	0
1536.78	0
1537.14	0
1537.51	0
1537.87	0
1538.23	0
1538.6	0
1538.96	0
1539.32	0
1539.68	0
1540.05	0
1540.41	0
1540.77	0
1541.14	0
1541.5	0
1541.86	0
1542.23	0
1542.59	0
1542.95	0
1543.31	0
1543.68	0
1544.04	-3
1544.4	0
1544.76	0
1545.13	0
1545.49	0
1545.85	0
1546.21	0
1546.58	0
1546.94	0
1547.3	0
1547.66	0
1548.03	0
1548.39	0
1548.75	0
1549.11	0
1549.48	0
1549.84	0
1550.2	0
1550.56	0
1550.93	0
1551.29	0
1551.65	0
1552.01	0
1552.37	0
1552.74	0
1553.1	0
1553.46	0
1553.82	0
1554.18	0
1554.55	0
1554.91	0
1555.27	0
1555.63	0
1555.99	5
1556.36	0
1556.72	0
1557.08	0
1557.44	0
1557.8	0
1558.17	0
1558.53	0
1558.89	0
1559.25	0
1559.61	0
1559.97	0
1560.34	0
1560.7	0
1561.06	0
1561.42	0
1561.78	0
1562.14	0
1562.5	0
1562.87	0
1563.23	0
1563.59	0
1563.95	0
1564.31	0
1564.67	-2
1565.03	0
1565.4	-4
1565.76	0
1566.12	0
1566.48	0
1566.84	0
1567.2	0
1567.56	-1
1567.92	0
1568.29	0
1568.65	0
1569.01	0
1569.37	9
1569.73	0
1570.09	0
1570.45	0
1570.81	0
1571.17	0
1571.53	0
1571.89	0
1572.26	0
1572.62	0
1572.98	0
1573.34	0
1573.7	0
1574.06	0
1574.42	0
1574.78	0
1575.14	0
1575.5	14
1575.86	0
1576.22	0
1576.58	0
1576.94	0
1577.3	0
1577.67	7
1578.03	0
1578.39	0
1578.75	0
1579.11	0
1579.47	0
1579.83	0
1580.19	0
1580.55	0
1580.91	0
1581.27	0
1581.63	0
1581.99	0
1582.35	0
1582.71	0
1583.07	0
1583.43	0
1583.79	0
1584.15	0
1584.51	0
1584.87	0
1585.23	0
1585.59	0
1585.95	0
1586.31	0
1586.67	0
1587.03	0
1587.39	0
1587.75	2
1588.11	0
1588.47	0
1588.83	0
1589.19	-4
1589.55	7
1589.91	0
1590.27	0
1590.63	0
1590.99	0
1591.35	0
1591.71	0
1592.07	0
1592.42	0
1592.78	0
1593.14	0
1593.5	0
1593.86	0
1594.22	0
1594.58	0
1594.94	0
1595.3	0
1595.66	0
1596.02	0
1596.38	0
1596.74	0
1597.1	0
1597.46	11
1597.81	0
1598.17	0
1598.53	0
1598.89	0
1599.25	0
1599.61	6
1599.97	0
1600.33	0
1600.69	0
1601.05	0
1601.4	0
1601.76	0
1602.12	0
1602.48	0
1602.84	0
1603.2	0
1603.56	5
1603.92	0
1604.28	0
1604.63	0
1604.99	0
1605.35	0
1605.71	0
1606.07	0
1606.43	0
1606.79	0
1607.14	0
1607.5	0
1607.86	14
1608.22	0
1608.58	0
1608.94	0
1609.29	4
1609.65	0
1610.01	5
1610.37	0
1610.73	0
1611.09	5
1611.44	0
1611.8	7
1612.16	17
1612.52	11
1612.88	0
1613.24	7
1613.59	1
1613.95	0
1614.31	0
1614.67	0
1615.03	0
1615.38	0
1615.74	9
1616.1	24
1616.46	13
1616.82	36
1617.17	12
1617.53	26
1617.89	39
1618.25	5
1618.6	14
1618.96	30
1619.32	20
1619.68	43
1620.04	23
1620.39	37
1620.75	25
1621.11	28
1621.47	19
1621.82	28
1622.18	23
1622.54	54
1622.9	44
1623.25	44
1623.61	24
1623.97	56
1624.33	64
1624.68	42
1625.04	54
1625.4	64
1625.75	52
1626.11	56
1626.47	49
1626.83	41
1627.18	73
1627.54	49
1627.9	36
1628.26	74
1628.61	50
1628.97	49
1629.33	53
1629.68	57
1630.04	53
1630.4	49
1630.75	49
1631.11	61
1631.47	63
1631.83	71
1632.18	44
1632.54	69
1632.9	64
1633.25	47
1633.61	39
1633.97	44
1634.32	43
1634.68	48
1635.04	46
1635.39	47
1635.75	64
1636.11	71
1636.46	40
1636.82	58
1637.18	51
1637.53	72
1637.89	60
1638.25	36
1638.6	54
1638.96	47
1639.31	84
1639.67	51
1640.03	52
1640.38	63
1640.74	36
1641.1	41
1641.45	47
1641.81	39
1642.16	30
1642.52	14
1642.88	31
1643.23	1
1643.59	15
1643.95	32
1644.3	20
1644.66	15
1645.01	0
1645.37	38
1645.73	22
1646.08	7
1646.44	14
1646.79	0
1647.15	0
1647.51	0
1647.86	0
1648.22	0
1648.57	0
1648.93	0
1649.28	17
1649.64	3
1650	0
1650.35	0
1650.71	0
1651.06	0
1651.42	0
1651.77	0
1652.13	0
1652.48	0
1652.84	0
1653.2	0
1653.55	0
1653.91	0
1654.26	0
1654.62	0
1654.97	0
1655.33	0
1655.68	0
1656.04	0
1656.39	0
1656.75	0
1657.1	0
1657.46	0
1657.81	2
1658.17	0
1658.52	0
1658.88	2
1659.23	0
1659.59	0
1659.94	0
1660.3	0
1660.65	0
1661.01	0
1661.36	0
1661.72	12
1662.07	4
1662.43	3
1662.78	0
1663.14	0
1663.49	0
1663.85	9
1664.2	0
1664.56	5
1664.91	0
1665.27	0
1665.62	0
1665.98	7
1666.33	23
1666.69	14
1667.04	11
1667.39	4
1667.75	0
1668.1	2
1668.46	7
1668.81	20
1669.17	25
1669.52	16
1669.88	12
1670.23	26
1670.58	0
1670.94	29
1671.29	14
1671.65	8
1672	24
1672.36	34
1672.71	18
1673.06	20
1673.42	25
1673.77	10
1674.13	17
1674.48	10
1674.83	1
1675.19	8
1675.54	25
1675.9	19
1676.25	0
1676.6	19
1676.96	6
1677.31	15
1677.67	41
1678.02	15
1678.37	9
1678.73	34
1679.08	17
1679.43	34
1679.79	21
1680.14	27
1680.5	43
1680.85	34
1681.2	22
1681.56	28
1681.91	26
1682.26	46
1682.62	32
1682.97	43
1683.32	40
1683.68	34
1684.03	53
1684.38	38
1684.74	61
1685.09	56
1685.44	75
1685.8	56
1686.15	67
1686.5	81
1686.86	93
1687.21	92
1687.56	84
1687.92	119
1688.27	121
1688.62	97
1688.98	98
1689.33	123
1689.68	126
1690.03	152
1690.39	135
1690.74	158
1691.09	172
1691.45	161
1691.8	175
1692.15	176
1692.5	180
1692.86	214
1693.21	228
1693.56	216
1693.92	240
1694.27	245
1694.62	250
1694.97	289
1695.33	285
1695.68	324
1696.03	291
1696.38	321
1696.74	327
1697.09	329
1697.44	321
1697.79	360
1698.15	376
1698.5	376
1698.85	400
1699.2	406
1699.56	423
1699.91	432
1700.26	418
1700.61	488
1700.97	462
1701.32	451
1701.67	502
1702.02	541
1702.37	518
1702.73	559
1703.08	568
1703.43	567
1703.78	644
1704.13	573
1704.49	559
1704.84	578
1705.19	563
1705.54	615
1705.89	634
1706.25	615
1706.6	655
1706.95	645
1707.3	656
1707.65	697
1708.01	733
1708.36	691
1708.71	651
1709.06	711
1709.41	760
1709.76	745
1710.12	685
1710.47	802
1710.82	824
1711.17	771
1711.52	822
1711.87	832
1712.23	825
1712.58	826
1712.93	861
1713.28	828
1713.63	824
1713.98	875
1714.33	867
1714.69	893
1715.04	948
1715.39	931
1715.74	961
1716.09	899
1716.44	912
1716.79	1000
1717.14	956
1717.5	997
1717.85	978
1718.2	1043
1718.55	1033
1718.9	1053
1719.25	1078
1719.6	1139
1719.95	1118
1720.3	1107
1720.65	1095
1721.01	1064
1721.36	1152
1721.71	1175
1722.06	1165
1722.41	1184
1722.76	1241
1723.11	1272
1723.46	1275
1723.81	1301
1724.16	1279
1724.51	1312
1724.86	1303
1725.21	1310
1725.56	1339
1725.92	1383
1726.27	1476
1726.62	1499
1726.97	1484
1727.32	1503
1727.67	1485
1728.02	1545
1728.37	1540
1728.72	1605
1729.07	1601
1729.42	1578
1729.77	1583
1730.12	1704
1730.47	1733
1730.82	1746
1731.17	1741
1731.52	1796
1731.87	1877
1732.22	1830
1732.57	1792
1732.92	1800
1733.27	1910
1733.62	1956
1733.97	1935
1734.32	1929
1734.67	1980
1735.02	2033
1735.37	2088
1735.72	2105
1736.07	2089
1736.42	2047
1736.77	2139
1737.12	2155
1737.47	2151
1737.82	2197
1738.17	2315
1738.52	2308
1738.87	2365
1739.22	2358
1739.57	2393
1739.92	2457
1740.27	2427
1740.62	2428
1740.97	2486
1741.32	2557
1741.67	2525
1742.02	2636
1742.37	2693
1742.72	2716
1743.06	2749
1743.41	2801
1743.76	2856
1744.11	2825
1744.46	2769
1744.81	2906
1745.16	2853
1745.51	2853
1745.86	2979
1746.21	3037
1746.56	2946
1746.91	3122
1747.26	3203
1747.6	3076
1747.95	3153
1748.3	3214
1748.65	3181
1749	3234
1749.35	3332
1749.7	3283
1750.05	3386
1750.4	3463
1750.75	3369
1751.09	3458
1751.44	3707
1751.79	3510
1752.14	3632
1752.49	3655
1752.84	3511
1753.19	3726
1753.54	3673
1753.88	3684
1754.23	3945
1754.58	3849
1754.93	3761
1755.28	4033
1755.63	4056
1755.98	3892
1756.32	3963
1756.67	4057
1757.02	4015
1757.37	4097
1757.72	4159
1758.07	4182
1758.42	4217
1758.76	4334
1759.11	4269
1759.46	4260
1759.81	4413
1760.16	4409
1760.5	4252
1760.85	4342
1761.2	4527
1761.55	4371
1761.9	4480
1762.25	4606
1762.59	4588
1762.94	4475
1763.29	4661
1763.64	4727
1763.99	4563
1764.33	4624
1764.68	4838
1765.03	4795
1765.38	4709
1765.73	4930
1766.07	4895
1766.42	4819
1766.77	4999
1767.12	4927
1767.46	4884
1767.81	5049
1768.16	5082
1768.51	4923
1768.85	5026
1769.2	5162
1769.55	5026
1769.9	4995
1770.25	5158
1770.59	5144
1770.94	4891
1771.29	5211
1771.64	5133
1771.98	5027
1772.33	5246
1772.68	5181
1773.02	5073
1773.37	5201
1773.72	5278
1774.07	5071
1774.41	5389
1774.76	5271
1775.11	5109
1775.46	5345
1775.8	5361
1776.15	5151
1776.5	5204
1776.84	5198
1777.19	5079
1777.54	5324
1777.89	5426
1778.23	5148
1778.58	5365
1778.93	5442
1779.27	5257
1779.62	5159
1779.97	5393
1780.31	5361
1780.66	5181
1781.01	5356
1781.35	5275
1781.7	4976
1782.05	5091
1782.39	5530
1782.74	5275
1783.09	5191
1783.43	5263
1783.78	5311
1784.13	5237
1784.47	5463
1784.82	5477
1785.17	5220
1785.51	5358
1785.86	5166
1786.21	4779
1786.55	4907
1786.9	5319
1787.25	5231
1787.59	5064
1787.94	5281
1788.29	5336
1788.63	5132
1788.98	5119
1789.32	5157
1789.67	5166
1790.02	4982
1790.36	5146
1790.71	4697
1791.06	4067
1791.4	4939
1791.75	5332
1792.09	4915
1792.44	5026
1792.79	4961
1793.13	5206
1793.48	5025
1793.82	5218
1794.17	5146
1794.52	4977
1794.86	5051
1795.21	5084
1795.55	4901
1795.9	4613
1796.24	4514
1796.59	3584
1796.94	4781
1797.28	4838
1797.63	4805
1797.97	4742
1798.32	4374
1798.66	4428
1799.01	4080
1799.36	4576
1799.7	4447
1800.05	3987
1800.39	4471
1800.74	4530
1801.08	3402
1801.43	4045
1801.77	4579
1802.12	4243
1802.46	3807
1802.81	4268
1803.15	4205
1803.5	4042
1803.85	4061
1804.19	4104
1804.54	3600
1804.88	3196
1805.23	3853
1805.57	3667
1805.92	2893
1806.26	3652
1806.61	3933
1806.95	3345
1807.3	2964
1807.64	3435
1807.99	4023
1808.33	3800
1808.68	3591
1809.02	3383
1809.37	2534
1809.71	3447
1810.06	3571
1810.4	3408
1810.75	3313
1811.09	2905
1811.43	2413
1811.78	3190
1812.12	3580
1812.47	3517
1812.81	3457
1813.16	3453
1813.5	3166
1813.85	3520
1814.19	3305
1814.54	3015
1814.88	3351
1815.23	3073
1815.57	2912
1815.91	3074
1816.26	2658
1816.6	2033
1816.95	2632
1817.29	2917
1817.64	2642
1817.98	2747
1818.32	2671
1818.67	3073
1819.01	2999
1819.36	2977
1819.7	2952
1820.05	2775
1820.39	2671
1820.73	2689
1821.08	2711
1821.42	2758
1821.77	2489
1822.11	2519
1822.45	2447
1822.8	2302
1823.14	1964
1823.49	2330
1823.83	2233
1824.17	1702
1824.52	2224
1824.86	2439
1825.2	2262
1825.55	2339
1825.89	2216
1826.24	2110
1826.58	2143
1826.92	1594
1827.27	1802
1827.61	2326
1827.95	2024
1828.3	2118
1828.64	2163
1828.98	1954
1829.33	1895
1829.67	1768
1830.02	1392
1830.36	1662
1830.7	2041
1831.05	1690
1831.39	1837
1831.73	1960
1832.08	1889
1832.42	1825
1832.76	1784
1833.1	1807
1833.45	1705
1833.79	1636
1834.13	1764
1834.48	1542
1834.82	1453
1835.16	1588
1835.51	1482
1835.85	1609
1836.19	1572
1836.54	1456
1836.88	1483
1837.22	1517
1837.56	1299
1837.91	1178
1838.25	1016
1838.59	1071
1838.94	1273
1839.28	1304
1839.62	1347
1839.96	1238
1840.31	1078
1840.65	1266
1840.99	1062
1841.34	1055
1841.68	750
1842.02	951
1842.36	1142
1842.71	1114
1843.05	1105
1843.39	1111
1843.73	851
1844.08	717
1844.42	1053
1844.76	1038
1845.1	1052
1845.45	1005
1845.79	1035
1846.13	911
1846.47	806
1846.81	944
1847.16	864
1847.5	930
1847.84	785
1848.18	724
1848.53	888
1848.87	847
1849.21	820
1849.55	817
1849.89	788
1850.24	768
1850.58	738
1850.92	676
1851.26	689
1851.6	686
1851.95	609
1852.29	623
1852.63	620
1852.97	570
1853.31	581
1853.66	554
1854	530
1854.34	520
1854.68	464
1855.02	416
1855.36	518
1855.71	475
1856.05	463
1856.39	452
1856.73	433
1857.07	385
1857.41	412
1857.76	384
1858.1	403
1858.44	398
1858.78	370
1859.12	416
1859.46	358
1859.8	348
1860.15	359
1860.49	324
1860.83	293
1861.17	278
1861.51	354
1861.85	289
1862.19	285
1862.53	240
1862.88	237
1863.22	304
1863.56	281
1863.9	255
1864.24	248
1864.58	185
1864.92	219
1865.26	237
1865.6	209
1865.94	189
1866.29	192
1866.63	157
1866.97	178
1867.31	162
1867.65	144
1867.99	133
1868.33	145
1868.67	132
1869.01	135
1869.35	130
1869.69	99
1870.03	106
1870.37	122
1870.72	126
1871.06	162
1871.4	124
1871.74	145
1872.08	93
1872.42	100
1872.76	75
1873.1	76
1873.44	125
1873.78	115
1874.12	75
1874.46	66
1874.8	90
1875.14	84
1875.48	76
1875.82	80
1876.16	75
1876.5	70
1876.84	69
1877.18	90
1877.52	55
1877.86	77
1878.2	81
1878.54	97
1878.88	92
1879.22	77
1879.56	109
1879.9	84
1880.24	75
1880.58	68
1880.92	73
1881.26	88
1881.6	80
1881.94	136
1882.28	100
1882.62	107
1882.96	95
1883.3	81
1883.64	98
1883.98	108
1884.32	106
1884.66	102
1885	117
1885.34	146
1885.68	166
1886.02	104
1886.36	139
1886.7	118
1887.04	114
1887.38	126
1887.72	126
1888.06	115
1888.39	134
1888.73	153
1889.07	159
1889.41	143
1889.75	151
1890.09	137
1890.43	145
1890.77	138
1891.11	141
1891.45	131
1891.79	173
1892.13	170
1892.47	165
1892.8	180
1893.14	187
1893.48	249
1893.82	259
1894.16	271
1894.5	198
1894.84	230
1895.18	234
1895.52	223
1895.86	217
1896.19	230
1896.53	214
1896.87	255
1897.21	263
1897.55	321
1897.89	290
1898.23	263
1898.57	286
1898.9	266
1899.24	235
1899.58	214
1899.92	308
1900.26	293
1900.6	303
1900.94	281
1901.27	280
1901.61	333
1901.95	288
1902.29	287
1902.63	328
1902.97	317
1903.3	296
1903.64	288
1903.98	297
1904.32	314
1904.66	329
1905	353
1905.33	411
1905.67	400
1906.01	354
1906.35	366
1906.69	319
1907.02	314
1907.36	306
1907.7	340
1908.04	380
1908.38	353
1908.71	350
1909.05	376
1909.39	436
1909.73	431
1910.07	313
1910.4	338
1910.74	346
1911.08	327
1911.42	329
1911.76	383
1912.09	356
1912.43	378
1912.77	443
1913.11	432
1913.44	405
1913.78	368
1914.12	412
1914.46	401
1914.79	352
1915.13	375
1915.47	374
1915.81	371
1916.14	373
1916.48	394
1916.82	446
1917.16	409
1917.49	351
1917.83	335
1918.17	395
1918.5	354
1918.84	343
1919.18	342
1919.52	343
1919.85	356
1920.19	379
1920.53	401
1920.87	373
1921.2	370
1921.54	301
1921.88	245
1922.21	325
1922.55	302
1922.89	329
1923.22	311
1923.56	339
1923.9	314
1924.23	273
1924.57	309
1924.91	302
1925.25	298
1925.58	274
1925.92	270
1926.26	310
1926.59	315
1926.93	268
1927.27	283
1927.6	260
1927.94	260
1928.28	295
1928.61	298
1928.95	309
1929.29	252
1929.62	253
1929.96	228
1930.29	222
1930.63	254
1930.97	214
1931.3	250
1931.64	245
1931.98	271
1932.31	273
1932.65	267
1932.99	222
1933.32	236
1933.66	214
1933.99	213
1934.33	201
1934.67	214
1935	214
1935.34	233
1935.67	219
1936.01	249
1936.35	247
1936.68	187
1937.02	196
1937.35	189
1937.69	193
1938.03	181
1938.36	187
1938.7	195
1939.03	190
1939.37	211
1939.7	194
1940.04	189
1940.38	222
1940.71	151
1941.05	155
1941.38	148
1941.72	154
1942.05	165
1942.39	138
1942.73	146
1943.06	158
1943.4	125
1943.73	129
1944.07	140
1944.4	116
1944.74	107
1945.07	104
1945.41	107
1945.74	103
1946.08	103
1946.42	82
1946.75	101
1947.09	115
1947.42	88
1947.76	85
1948.09	49
1948.43	80
1948.76	79
1949.1	57
1949.43	69
1949.77	59
1950.1	62
1950.44	65
1950.77	42
1951.11	32
1951.44	37
1951.78	38
1952.11	43
1952.45	32
1952.78	40
1953.12	28
1953.45	17
1953.79	26
1954.12	1
1954.46	30
1954.79	37
1955.12	35
1955.46	20
1955.79	19
1956.13	14
1956.46	10
1956.8	23
1957.13	3
1957.47	15
1957.8	24
1958.14	30
1958.47	20
1958.8	7
1959.14	30
1959.47	24
1959.81	17
1960.14	0
1960.48	9
1960.81	7
1961.14	14
1961.48	5
1961.81	0
1962.15	10
1962.48	18
1962.82	1
1963.15	4
1963.48	0
1963.82	10
1964.15	1
1964.49	0
1964.82	0
1965.15	0
1965.49	18
1965.82	0
1966.16	8
1966.49	32
1966.82	0
1967.16	25
1967.49	15
1967.83	0
1968.16	0
1968.49	26
1968.83	0
1969.16	1
1969.49	1
1969.83	16
1970.16	11
1970.49	16
1970.83	4
1971.16	14
1971.5	0
1971.83	0
1972.16	0
1972.5	2
1972.83	26
1973.16	4
1973.5	14
1973.83	52
1974.16	7
1974.5	8
1974.83	58
1975.16	60
1975.5	14
1975.83	0
1976.16	-2
1976.49	30
1976.83	20
1977.16	13
1977.49	16
1977.83	25
1978.16	54
1978.49	44
1978.83	22
1979.16	0
1979.49	7
1979.83	6
1980.16	31
1980.49	8
1980.82	6
1981.16	26
1981.49	35
1981.82	17
1982.15	46
1982.49	17
1982.82	31
1983.15	0
1983.49	15
1983.82	14
1984.15	17
1984.48	16
1984.82	0
1985.15	38
1985.48	53
1985.81	4
1986.15	23
1986.48	37
1986.81	10
1987.14	0
1987.48	9
1987.81	11
1988.14	31
1988.47	46
1988.81	47
1989.14	57
1989.47	26
1989.8	26
1990.13	44
1990.47	15
1990.8	13
1991.13	34
1991.46	25
1991.79	33
1992.13	37
1992.46	48
1992.79	44
1993.12	51
1993.45	31
1993.79	52
1994.12	56
1994.45	18
1994.78	28
1995.11	27
1995.45	34
1995.78	17
1996.11	43
1996.44	63
1996.77	77
1997.1	37
1997.44	46
1997.77	29
1998.1	15
1998.43	43
1998.76	41
1999.09	42
1999.43	34
1999.76	29
2000.09	50
2000.42	49
2000.75	45
2001.08	43
2001.41	35
2001.75	30
2002.08	27
2002.41	37
2002.74	48
2003.07	24
2003.4	33
2003.73	52
2004.06	24
2004.4	46
2004.73	47
2005.06	23
2005.39	57
2005.72	41
2006.05	47
2006.38	30
2006.71	59
2007.04	40
2007.37	43
2007.71	41
2008.04	21
2008.37	20
2008.7	38
2009.03	51
2009.36	18
2009.69	26
2010.02	43
2010.35	45
2010.68	44
2011.01	26
2011.34	18
2011.67	50
2012.01	23
2012.34	20
2012.67	48
2013	16
2013.33	29
2013.66	12
2013.99	35
2014.32	33
2014.65	19
2014.98	21
2015.31	13
2015.64	31
2015.97	12
2016.3	8
2016.63	0
2016.96	33
2017.29	16
2017.62	15
2017.95	32
2018.28	24
2018.61	21
2018.94	7
2019.27	1
2019.6	0
2019.93	2
2020.26	10
2020.59	20
2020.92	10
2021.25	11
2021.58	4
2021.91	13
2022.24	29
2022.57	5
2022.9	3
2023.23	10
2023.56	10
2023.89	7
2024.22	22
2024.55	2
2024.88	7
2025.21	0
2025.54	10
2025.87	0
2026.2	16
2026.53	0
2026.86	0
2027.19	10
2027.52	0
2027.85	2
2028.18	0
2028.51	15
2028.84	0
2029.16	0
2029.49	0
2029.82	0
2030.15	0
2030.48	5
2030.81	13
2031.14	0
2031.47	0
2031.8	0
2032.13	0
2032.46	0
2032.79	2
2033.12	0
2033.44	0
2033.77	0
2034.1	0
2034.43	0
2034.76	0
2035.09	0
2035.42	0
2035.75	0
2036.08	14
2036.41	0
2036.73	0
2037.06	0
2037.39	0
2037.72	0
2038.05	0
2038.38	0
2038.71	0
2039.04	0
2039.36	0
2039.69	0
2040.02	0
2040.35	1
2040.68	0
2041.01	0
2041.34	0
2041.66	0
2041.99	0
2042.32	0
2042.65	0
2042.98	0
2043.31	0
2043.63	0
2043.96	0
2044.29	0
2044.62	0
2044.95	0
2045.28	-1
2045.6	0
2045.93	0
2046.26	0
2046.59	0
2046.92	0
2047.24	0
2047.57	0
2047.9	0
2048.23	0
2048.56	0
2048.88	0
2049.21	0
2049.54	0
2049.87	0
2050.2	0
2050.52	0
2050.85	0
2051.18	0
2051.51	0
2051.83	0
2052.16	0
2052.49	0
2052.82	0
2053.15	7
2053.47	0
2053.8	0
2054.13	0
2054.46	0
2054.78	1
2055.11	0
2055.44	-1
2055.77	0
2056.09	0
2056.42	0
2056.75	0
2057.08	0
2057.4	0
2057.73	0
2058.06	17
2058.38	12
2058.71	0
2059.04	8
2059.37	0
2059.69	0
2060.02	-1
2060.35	0
2060.67	0
2061	0
2061.33	0
2061.66	0
2061.98	0
2062.31	0
2062.64	0
2062.96	0
2063.29	0
2063.62	0
2063.94	0
2064.27	0
2064.6	0
2064.92	0
2065.25	0
2065.58	12
2065.91	4
2066.23	0
2066.56	0
2066.89	8
2067.21	0
2067.54	0
2067.87	0
2068.19	10
2068.52	0
2068.84	0
2069.17	0
2069.5	0
2069.82	0
2070.15	0
2070.48	0
2070.8	0
2071.13	0
2071.46	0
2071.78	3
2072.11	0
2072.43	0
2072.76	1
2073.09	0
2073.41	0
2073.74	0
2074.07	9
2074.39	0
2074.72	0
2075.04	1
2075.37	0
2075.7	0
2076.02	0
2076.35	0
2076.67	0
2077	3
2077.33	0
2077.65	0
2077.98	0
2078.3	0
2078.63	0
2078.95	0
2079.28	0
2079.61	0
2079.93	0
2080.26	0
2080.58	0
2080.91	0
2081.23	0
2081.56	0
2081.89	0
2082.21	0
2082.54	0
2082.86	0
2083.19	0
2083.51	0
2083.84	0
2084.16	0
2084.49	0
2084.81	0
2085.14	0
2085.46	0
2085.79	0
2086.12	0
2086.44	0
2086.77	3
2087.09	-2
2087.42	3
2087.74	0
2088.07	0
2088.39	0
2088.72	0
2089.04	1
2089.37	0
2089.69	0
2090.02	1
2090.34	0
2090.67	0
2090.99	4
2091.32	0
2091.64	0
2091.97	0
2092.29	0
2092.62	0
2092.94	0
2093.26	0
2093.59	0
2093.91	0
2094.24	0
2094.56	0
2094.89	0
2095.21	0
2095.54	0
2095.86	0
2096.19	0
2096.51	0
2096.84	0
2097.16	0
2097.48	0
2097.81	0
2098.13	0
2098.46	0
2098.78	0
2099.11	0
2099.43	0
2099.75	0
2100.08	0
2100.4	-2
2100.73	0
2101.05	0
2101.38	0
2101.7	0
2102.02	0
2102.35	0
2102.67	0
2103	0
2103.32	0
2103.64	0
2103.97	0
2104.29	0
2104.62	0
2104.94	0
2105.26	0
2105.59	0
2105.91	0
2106.23	0
2106.56	0
2106.88	0
2107.21	0
2107.53	0
2107.85	8
2108.18	0
2108.5	0
2108.82	0
2109.15	0
2109.47	0
2109.79	0
2110.12	0
2110.44	0
2110.76	0
2111.09	0
2111.41	0
2111.73	0
2112.06	0
2112.38	0
2112.7	0
2113.03	0
2113.35	0
2113.67	0
2114	0
2114.32	0
2114.64	0
2114.97	0
2115.29	0
2115.61	0
2115.94	0
2116.26	0
2116.58	0
2116.91	0
2117.23	0
2117.55	0
2117.87	0
2118.2	0
2118.52	0
2118.84	0
2119.17	8
2119.49	0
2119.81	0
2120.13	0
2120.46	0
2120.78	0
2121.1	0
2121.42	0
2121.75	0
2122.07	0
2122.39	0
2122.72	0
2123.04	0
2123.36	0
2123.68	0
2124.01	0
2124.33	0
2124.65	0
2124.97	0
2125.29	0
2125.62	0
2125.94	0
2126.26	0
2126.58	0
2126.91	0
2127.23	0
2127.55	12
2127.87	0
2128.2	0
2128.52	0
2128.84	0
2129.16	0
2129.48	0
2129.81	0
2130.13	0
2130.45	0
2130.77	0
2131.09	0
2131.42	0
2131.74	0
2132.06	0
2132.38	0
2132.7	0
2133.02	0
2133.35	0
2133.67	0
2133.99	0
2134.31	0
2134.63	0
2134.96	0
2135.28	0
2135.6	0
2135.92	0
2136.24	0
2136.56	0
2136.88	0
2137.21	0
2137.53	0
2137.85	0
2138.17	0
2138.49	0
2138.81	0
2139.13	0
2139.46	0
2139.78	0
2140.1	0
2140.42	0
2140.74	0
2141.06	0
2141.38	0
2141.7	0
2142.03	0
2142.35	0
2142.67	0
2142.99	0
2143.31	0
2143.63	2
2143.95	0
2144.27	0
2144.59	0
2144.91	0
2145.24	0
2145.56	0
2145.88	0
2146.2	0
2146.52	0
2146.84	0
2147.16	0
2147.48	0
2147.8	0
2148.12	0
2148.44	5
2148.76	0
2149.08	0
2149.41	13
2149.73	0
2150.05	0
2150.37	0
2150.69	4
2151.01	-20
2151.33	0
2151.65	0
2151.97	0
2152.29	0
2152.61	0
2152.93	0
2153.25	0
2153.57	0
2153.89	0
2154.21	0
2154.53	0
2154.85	0
2155.17	0
2155.49	4
2155.81	0
2156.13	0
2156.45	0
2156.77	0
2157.09	0
2157.41	0
2157.73	0
2158.05	0
2158.37	0
2158.69	0
2159.01	0
2159.33	0
2159.65	0
2159.97	0
2160.29	0
2160.61	0
2160.93	0
2161.25	0
2161.57	0
2161.89	0
2162.21	0
2162.53	0
2162.85	0
2163.17	0
2163.49	0
2163.81	0
2164.13	0
2164.45	0
2164.77	0
2165.08	0
2165.4	0
2165.72	0
2166.04	0
2166.36	0
2166.68	0
2167	0
2167.32	0
2167.64	0
2167.96	0
2168.28	0
2168.6	0
2168.92	0
2169.24	0
2169.55	0
2169.87	0
2170.19	0
2170.51	0
2170.83	0
2171.15	0
2171.47	0
2171.79	0
2172.11	0
2172.43	0
2172.74	0
2173.06	0
2173.38	0
2173.7	0
2174.02	0
2174.34	0
2174.66	0
2174.98	0
2175.29	0
2175.61	0
2175.93	2
2176.25	0
2176.57	0
2176.89	0
2177.21	0
2177.52	0
2177.84	0
2178.16	0
2178.48	0
2178.8	0
2179.12	8
2179.43	6
2179.75	0
2180.07	0
2180.39	0
2180.71	0
2181.03	5
2181.34	0
2181.66	0
2181.98	0
2182.3	0
2182.62	0
2182.93	0
2183.25	0
2183.57	0
2183.89	0
2184.21	0
2184.52	0
2184.84	0
2185.16	0
2185.48	0
2185.8	0
2186.11	0
2186.43	0
2186.75	0
2187.07	0
2187.39	0
2187.7	8
2188.02	0
2188.34	0
2188.66	2
2188.97	0
2189.29	0
2189.61	0
2189.93	0
2190.24	0
2190.56	0
2190.88	0
2191.2	0
2191.51	0
2191.83	0
2192.15	0
2192.47	0
2192.78	0
2193.1	0
2193.42	0
2193.74	0
2194.05	0
2194.37	0
2194.69	0
2195	0
2195.32	0
2195.64	0
2195.96	8
2196.27	0
2196.59	0
2196.91	0
2197.22	0
2197.54	0
2197.86	0
2198.18	4
2198.49	0
2198.81	0
2199.13	0
2199.44	0
2199.76	0
2200.08	0
2200.39	0
2200.71	0
2201.03	0
2201.34	0
2201.66	2
2201.98	0
2202.29	0
2202.61	0
2202.93	0
2203.24	0
2203.56	0
2203.88	0
2204.19	0
2204.51	0
2204.83	0
2205.14	0
2205.46	0
2205.78	0
2206.09	0
2206.41	0
2206.72	0
2207.04	0
2207.36	0
2207.67	0
2207.99	0
2208.31	0
2208.62	0
2208.94	0
2209.25	2
2209.57	0
2209.89	0
2210.2	0
2210.52	0
2210.83	0
2211.15	0
2211.47	0
2211.78	0
2212.1	0
2212.41	0
2212.73	0
2213.05	0
2213.36	0
2213.68	0
2213.99	0
2214.31	0
2214.62	0
2214.94	0
2215.26	0
2215.57	0
2215.89	0
2216.2	0
2216.52	0
2216.83	0
2217.15	0
2217.46	0
2217.78	0
2218.1	0
2218.41	0
2218.73	0
2219.04	0
2219.36	0
2219.67	0
2219.99	0
2220.3	0
2220.62	0
2220.93	0
2221.25	0
2221.56	5
2221.88	0
2222.19	0
2222.51	0
2222.82	0
2223.14	0
2223.45	0
2223.77	0
2224.08	0
2224.4	0
2224.71	0
2225.03	0
2225.34	0
2225.66	9
2225.97	0
2226.29	0
2226.6	0
2226.92	0
2227.23	0
2227.55	0
2227.86	0
2228.18	0
2228.49	-7
2228.81	-6
2229.12	0
2229.44	-1
2229.75	0
2230.07	0
2230.38	0
2230.69	0
2231.01	0
2231.32	0
2231.64	0
2231.95	0
2232.27	0
2232.58	0
2232.9	0
2233.21	0
2233.52	0
2233.84	0
2234.15	0
2234.47	0
2234.78	0
2235.1	0
2235.41	3
2235.72	0
2236.04	0
2236.35	0
2236.67	0
2236.98	0
2237.29	0
2237.61	0
2237.92	0
2238.24	0
2238.55	0
2238.86	-4
2239.18	0
2239.49	0
2239.8	0
2240.12	0
2240.43	0
2240.75	0
2241.06	0
2241.37	0
2241.69	0
2242	0
2242.31	0
2242.63	0
2242.94	0
2243.26	0
2243.57	0
2243.88	0
2244.2	0
2244.51	0
2244.82	0
2245.14	4
2245.45	0
2245.76	0
2246.08	0
2246.39	0
2246.7	0
2247.02	0
2247.33	0
2247.64	0
2247.96	0
2248.27	0
2248.58	0
2248.9	0
2249.21	0
2249.52	0
2249.83	0
2250.15	0
2250.46	0
2250.77	0
2251.09	0
2251.4	0
2251.71	0
2252.03	0
2252.34	0
2252.65	0
2252.96	0
2253.28	0
2253.59	0
2253.9	2
2254.21	0
2254.53	0
2254.84	0
2255.15	0
2255.47	0
2255.78	0
2256.09	0
2256.4	0
2256.72	0
2257.03	0
2257.34	0
2257.65	0
2257.97	0
2258.28	0
2258.59	0
2258.9	0
2259.22	0
2259.53	0
2259.84	0
2260.15	0
2260.46	0
2260.78	0
2261.09	0
2261.4	0
2261.71	0
2262.03	0
2262.34	0
2262.65	0
2262.96	0
2263.27	0
2263.59	0
2263.9	0
2264.21	0
2264.52	0
2264.83	0
2265.15	0
2265.46	0
2265.77	0
2266.08	0
2266.39	0
2266.7	0
2267.02	0
2267.33	0
2267.64	0
2267.95	0
2268.26	0
2268.57	-1
2268.89	0
2269.2	0
2269.51	0
2269.82	0
2270.13	0
2270.44	0
2270.76	0
2271.07	1
2271.38	0
2271.69	0
2272	0
2272.31	0
2272.62	0
2272.93	0
2273.25	0
2273.56	0
2273.87	0
2274.18	0
2274.49	0
2274.8	0
2275.11	0
2275.42	3
2275.74	0
2276.05	0
2276.36	-1
2276.67	0
2276.98	0
2277.29	0
2277.6	0
2277.91	0
2278.22	0
2278.53	0
2278.85	0
2279.16	0
2279.47	0
2279.78	0
2280.09	0
2280.4	0
2280.71	0
2281.02	0
2281.33	0
2281.64	0
2281.95	0
2282.26	0
2282.57	0
2282.88	0
2283.19	4
2283.5	0
2283.82	6
2284.13	0
2284.44	0
2284.75	0
2285.06	0
2285.37	0
2285.68	0
2285.99	-2
2286.3	0
2286.61	0
2286.92	0
2287.23	0
2287.54	0
2287.85	0
2288.16	0
2288.47	12
2288.78	0
2289.09	0
2289.4	0
2289.71	0
2290.02	0
2290.33	0
2290.64	-5
2290.95	0
2291.26	0
2291.57	0
2291.88	0
2292.19	0
2292.5	0
2292.81	0
2293.12	-1
2293.43	0
2293.74	0
2294.05	0
2294.36	0
2294.67	0
2294.98	0
2295.29	0
2295.6	0
2295.91	0
2296.21	0
2296.52	0
2296.83	0
2297.14	0
2297.45	0
2297.76	0
2298.07	0
2298.38	0
2298.69	0
2299	1
2299.31	0
2299.62	-5
2299.93	0
2300.24	0
2300.55	0
2300.85	0
2301.16	17
2301.47	0
2301.78	0
2302.09	0
2302.4	0
2302.71	0
2303.02	0
2303.33	0
2303.64	0
2303.94	0
2304.25	0
2304.56	0
2304.87	0
2305.18	0
2305.49	0
2305.8	0
2306.11	0
2306.42	0
2306.72	0
2307.03	0
2307.34	0
2307.65	0
2307.96	0
2308.27	0
2308.58	0
2308.88	0
2309.19	0
2309.5	0
2309.81	0
2310.12	1
2310.43	0
2310.74	0
2311.04	0
2311.35	0
2311.66	0
2311.97	0
2312.28	0
2312.59	0
2312.89	0
2313.2	0
2313.51	0
2313.82	0
2314.13	0
2314.43	0
2314.74	0
2315.05	0
2315.36	0
2315.67	0
2315.97	2
2316.28	0
2316.59	0
2316.9	0
2317.21	0
2317.51	0
2317.82	0
2318.13	0
2318.44	0
2318.75	0
2319.05	0
2319.36	0
2319.67	0
2319.98	0
2320.28	3
2320.59	0
2320.9	0
2321.21	0
2321.51	0
2321.82	0
2322.13	0
2322.44	0
2322.74	0
2323.05	0
2323.36	0
2323.67	0
2323.97	0
2324.28	0
2324.59	0
2324.9	0
2325.2	1
2325.51	0
2325.82	0
2326.13	0
2326.43	0
2326.74	0
2327.05	0
2327.35	0
2327.66	0
2327.97	0
2328.27	0
2328.58	0
2328.89	0
2329.2	0
2329.5	0
2329.81	0
2330.12	0
2330.42	0
2330.73	0
2331.04	0
2331.34	0
2331.65	0
2331.96	0
2332.26	0
2332.57	0
2332.88	14
2333.18	0
2333.49	0
2333.8	0
2334.1	0
2334.41	0
2334.72	0
2335.02	0
2335.33	-5
2335.64	0
2335.94	1
2336.25	0
2336.56	0
2336.86	0
2337.17	0
2337.48	0
2337.78	0
2338.09	0
2338.39	0
2338.7	-3
2339.01	0
2339.31	0
2339.62	0
2339.93	0
2340.23	0
2340.54	0
2340.84	0
2341.15	0
2341.46	0
2341.76	0
2342.07	0
2342.37	0
2342.68	0
2342.99	0
2343.29	0
2343.6	0
2343.9	0
2344.21	0
2344.51	0
2344.82	0
2345.13	0
2345.43	0
2345.74	0
2346.04	0
2346.35	0
2346.65	0
2346.96	0
2347.27	0
2347.57	0
2347.88	0
2348.18	0
2348.49	0
2348.79	0
2349.1	0
2349.4	0
2349.71	0
2350.01	3
2350.32	0
2350.63	-5
2350.93	0
2351.24	0
2351.54	0
2351.85	0
2352.15	0
2352.46	0
2352.76	0
2353.07	0
2353.37	0
2353.68	0
2353.98	0
2354.29	0
2354.59	0
2354.9	0
2355.2	0
2355.51	0
2355.81	0
2356.12	0
2356.42	0
2356.73	0
2357.03	0
2357.34	0
2357.64	0
2357.95	0
2358.25	0
2358.55	0
2358.86	0
2359.16	0
2359.47	0
2359.77	0
2360.08	0
2360.38	0
2360.69	0
2360.99	0
2361.3	0
2361.6	0
2361.9	0
2362.21	0
2362.51	0
2362.82	3
2363.12	0
2363.43	0
2363.73	0
2364.04	0
2364.34	0
2364.64	0
2364.95	0
2365.25	0
2365.56	0
2365.86	0
2366.16	0
2366.47	0
2366.77	0
2367.08	8
2367.38	0
2367.68	0
2367.99	0
2368.29	0
2368.6	14
2368.9	0
2369.2	0
2369.51	0
2369.81	0
2370.12	0
2370.42	0
2370.72	-10
2371.03	0
2371.33	0
2371.63	0
2371.94	0
2372.24	0
2372.55	0
2372.85	0
2373.15	0
2373.46	0
2373.76	0
2374.06	0
2374.37	0
2374.67	0
2374.97	0
2375.28	0
2375.58	13
2375.88	0
2376.19	0
2376.49	0
2376.79	0
2377.1	0
2377.4	0
2377.7	0
2378.01	0
2378.31	0
2378.61	2
2378.92	0
2379.22	0
2379.52	0
2379.82	0
2380.13	0
2380.43	0
2380.73	0
2381.04	0
2381.34	0
2381.64	0
2381.95	0
2382.25	0
2382.55	0
2382.85	0
2383.16	0
2383.46	0
2383.76	0
2384.06	0
2384.37	0
2384.67	0
2384.97	0
2385.28	0
2385.58	0
2385.88	0
2386.18	0
2386.49	0
2386.79	0
2387.09	1
2387.39	0
2387.69	0
2388	0
2388.3	0
2388.6	0
2388.9	0
2389.21	0
2389.51	0
2389.81	0
2390.11	0
2390.42	0
2390.72	0
2391.02	1
2391.32	0
2391.62	0
2391.93	0
2392.23	0
2392.53	0
2392.83	0
2393.13	0
2393.44	0
2393.74	0
2394.04	0
2394.34	0
2394.64	0
2394.95	0
2395.25	0
2395.55	0
2395.85	0
2396.15	0
2396.45	0
2396.76	0
2397.06	0
2397.36	0
2397.66	0
2397.96	0
2398.26	0
2398.57	0
2398.87	0
2399.17	0
2399.47	0
2399.77	0
2400.07	0
2400.37	0
2400.68	0
2400.98	0
2401.28	0
2401.58	0
2401.88	0
2402.18	5
2402.48	0
2402.79	0
2403.09	0
2403.39	0
2403.69	0
2403.99	0
2404.29	0
2404.59	0
2404.89	0
2405.19	0
2405.5	0
2405.8	0
2406.1	0
2406.4	0
2406.7	0
2407	0
2407.3	0
2407.6	0
2407.9	0
2408.2	0
2408.5	0
2408.8	0
2409.11	0
2409.41	0
2409.71	0
2410.01	0
2410.31	0
2410.61	0
2410.91	0
2411.21	0
2411.51	0
2411.81	0
2412.11	0
2412.41	0
2412.71	0
2413.01	0
2413.31	0
2413.61	0
2413.91	0
2414.21	0
2414.51	0
2414.81	0
2415.12	0
2415.42	0
2415.72	0
2416.02	0
2416.32	0
2416.62	0
2416.92	0
2417.22	0
2417.52	0
2417.82	-2
2418.12	0
2418.42	0
2418.72	0
2419.02	0
2419.32	0
2419.62	0
2419.92	0
2420.22	0
2420.52	0
2420.82	0
2421.12	0
2421.42	0
2421.71	0
2422.01	0
2422.31	0
2422.61	0
2422.91	0
2423.21	0
2423.51	0
2423.81	0
2424.11	0
2424.41	0
2424.71	0
2425.01	0
2425.31	0
2425.61	0
2425.91	0
2426.21	0
2426.51	0
2426.81	0
2427.11	0
2427.41	0
2427.7	0
2428	0
2428.3	0
2428.6	0
2428.9	0
2429.2	0
2429.5	9
2429.8	0
2430.1	0
2430.4	0
2430.7	0
2430.99	0
2431.29	0
2431.59	0
2431.89	0
2432.19	0
2432.49	0
2432.79	0
2433.09	0
2433.39	0
2433.68	0
2433.98	0
2434.28	0
2434.58	0
2434.88	0
2435.18	0
2435.48	0
2435.78	0
2436.07	0
2436.37	0
2436.67	0
2436.97	0
2437.27	0
2437.57	0
2437.86	0
2438.16	0
2438.46	0
2438.76	0
2439.06	0
2439.36	0
2439.66	0
2439.95	0
2440.25	0
2440.55	0
2440.85	0
2441.15	0
2441.44	0
2441.74	0
2442.04	0
2442.34	-1
2442.64	0
2442.93	0
2443.23	0
2443.53	0
2443.83	0
2444.13	0
2444.42	0
2444.72	0
2445.02	0
2445.32	0
2445.62	0
2445.91	0
2446.21	0
2446.51	0
2446.81	0
2447.1	0
2447.4	0
2447.7	0
2448	0
2448.3	0
2448.59	0
2448.89	0
2449.19	0
2449.49	0
2449.78	0
2450.08	0
2450.38	-1
2450.68	0
2450.97	0
2451.27	0
2451.57	0
2451.87	0
2452.16	0
2452.46	0
2452.76	0
2453.05	0
2453.35	0
2453.65	0
2453.95	0
2454.24	0
2454.54	0
2454.84	0
2455.13	0
2455.43	0
2455.73	0
2456.03	0
2456.32	0
2456.62	0
2456.92	0
2457.21	3
2457.51	0
2457.81	0
2458.1	0
2458.4	0
2458.7	0
2458.99	0
2459.29	0
2459.59	0
2459.88	0
2460.18	0
2460.48	0
2460.77	0
2461.07	0
2461.37	0
2461.66	0
2461.96	0
2462.26	0
2462.55	0
2462.85	0
2463.15	0
2463.44	0
2463.74	0
2464.04	0
2464.33	0
2464.63	0
2464.92	0
2465.22	-3
2465.52	0
2465.81	0
2466.11	0
2466.41	0
2466.7	0
2467	0
2467.29	0
2467.59	0
2467.89	6
2468.18	0
2468.48	0
2468.77	0
2469.07	0
2469.37	0
2469.66	0
2469.96	0
2470.25	0
2470.55	0
2470.84	0
2471.14	0
2471.44	0
2471.73	0
2472.03	-1
2472.32	0
2472.62	0
2472.91	0
2473.21	0
2473.51	0
2473.8	0
2474.1	0
2474.39	0
2474.69	0
2474.98	0
2475.28	0
2475.57	0
2475.87	0
2476.17	0
2476.46	0
2476.76	0
2477.05	0
2477.35	0
2477.64	4
2477.94	0
2478.23	0
2478.53	0
2478.82	0
2479.12	0
2479.41	0
2479.71	0
2480	0
2480.3	2
2480.59	0
2480.89	0
2481.18	0
2481.48	0
2481.77	0
2482.07	0
2482.36	0
2482.66	0
2482.95	0
2483.25	0
2483.54	0
2483.84	0
2484.13	0
2484.43	0
2484.72	0
2485.02	0
2485.31	0
2485.6	0
2485.9	0
2486.19	0
2486.49	0
2486.78	0
2487.08	0
2487.37	10
2487.67	0
2487.96	0
2488.26	0
2488.55	0
2488.84	0
2489.14	0
2489.43	0
2489.73	0
2490.02	0
2490.32	0
2490.61	0
2490.9	0
2491.2	0
2491.49	0
2491.79	0
2492.08	0
2492.37	0
2492.67	0
2492.96	0
2493.26	0
2493.55	0
2493.84	0
2494.14	0
2494.43	0
2494.73	0
2495.02	0
2495.31	0
2495.61	0
2495.9	0
2496.2	0
2496.49	0
2496.78	0
2497.08	0
2497.37	0
2497.66	0
2497.96	0
2498.25	0
2498.54	0
2498.84	0
2499.13	0
2499.43	0
2499.72	0
2500.01	0
2500.31	0
2500.6	0
2500.89	0
2501.19	0
2501.48	0
2501.77	0
2502.07	0
2502.36	0
2502.65	0
2502.95	0
2503.24	0
2503.53	0
2503.82	0
2504.12	0
2504.41	0
2504.7	0
2505	0
2505.29	0
2505.58	0
2505.88	0
2506.17	0
2506.46	0
2506.76	0
2507.05	0
2507.34	0
2507.63	0
2507.93	0
2508.22	0
2508.51	1
2508.8	0
2509.1	0
2509.39	0
2509.68	0
2509.98	0
2510.27	0
2510.56	0
2510.85	0
2511.15	0
2511.44	0
2511.73	0
2512.02	3
2512.32	3
2512.61	0
2512.9	0
2513.19	0
2513.49	0
2513.78	0
2514.07	0
2514.36	0
2514.65	8
2514.95	0
2515.24	0
2515.53	0
2515.82	0
2516.12	0
2516.41	6
2516.7	0
2516.99	0
2517.28	0
2517.58	2
2517.87	0
2518.16	0
2518.45	0
2518.74	0
2519.04	0
2519.33	0
2519.62	3
2519.91	0
2520.2	0
2520.5	0
2520.79	0
2521.08	0
2521.37	0
2521.66	0
2521.95	0
2522.25	0
2522.54	0
2522.83	0
2523.12	0
2523.41	0
2523.7	0
2523.99	0
2524.29	0
2524.58	0
2524.87	0
2525.16	0
2525.45	0
2525.74	0
2526.03	0
2526.33	0
2526.62	0
2526.91	0
2527.2	0
2527.49	12
2527.78	0
2528.07	0
2528.36	0
2528.66	0
2528.95	0
2529.24	0
2529.53	0
2529.82	0
2530.11	0
2530.4	0
2530.69	0
2530.98	0
2531.27	0
2531.57	0
2531.86	0
2532.15	0
2532.44	0
2532.73	0
2533.02	0
2533.31	0
2533.6	0
2533.89	0
2534.18	0
2534.47	0
2534.76	0
2535.05	0
2535.35	0
2535.64	0
2535.93	0
2536.22	0
2536.51	0
2536.8	0
2537.09	4
2537.38	0
2537.67	0
2537.96	0
2538.25	0
2538.54	0
2538.83	0
2539.12	0
2539.41	0
2539.7	0
2539.99	0
2540.28	0
2540.57	0
2540.86	0
2541.15	0
2541.44	0
2541.73	0
2542.02	5
2542.31	0
2542.6	0
2542.89	0
2543.18	0
2543.47	0
2543.76	0
2544.05	0
2544.34	0
2544.63	0
2544.92	0
2545.21	0
2545.5	0
2545.79	0
2546.08	0
2546.37	0
2546.66	0
2546.95	0
2547.24	-6
2547.53	0
2547.82	0
2548.11	0
2548.4	0
2548.69	0
2548.98	0
2549.27	0
2549.55	0
2549.84	0
2550.13	-9
2550.42	0
2550.71	-2
2551	0
2551.29	0
2551.58	0
2551.87	0
2552.16	0
2552.45	0
2552.74	0
2553.03	0
2553.31	0
2553.6	0
2553.89	0
2554.18	0
2554.47	0
2554.76	0
2555.05	0
2555.34	0
2555.63	0
2555.92	0
2556.2	0
2556.49	0
2556.78	0
2557.07	0
2557.36	0
2557.65	0
2557.94	0
2558.23	0
2558.51	0
2558.8	0
2559.09	0
2559.38	0
2559.67	0
2559.96	0
2560.25	0
2560.53	0
2560.82	0
2561.11	0
2561.4	0
2561.69	0
2561.98	0
2562.27	0
2562.55	0
2562.84	0
2563.13	0
2563.42	0
2563.71	0
2564	0
2564.28	0
2564.57	0
2564.86	0
2565.15	0
2565.44	0
2565.72	0
2566.01	0
2566.3	0
2566.59	0
2566.88	0
2567.16	0
2567.45	0
2567.74	0
2568.03	0
2568.32	0
2568.6	0
2568.89	0
2569.18	0
2569.47	0
2569.75	0

