Source: Spectrum Viewer

Chart: Pulse Spectrum

Series: 
Wavelength (nm)	S (a.u.)
1179.9	0
1180.29	0
1180.68	0
1181.06	0
1181.45	0
1181.83	0
1182.22	0
1182.6	0
1182.99	0
1183.38	0
1183.76	0
1184.15	0
1184.53	0
1184.92	0
1185.3	0
1185.69	0
1186.07	0
1186.46	0
1186.85	1
1187.23	1
1187.62	0
1188	0
1188.39	0
1188.77	0
1189.16	0
1189.54	0
1189.93	0
1190.31	0
1190.7	1
1191.08	0
1191.47	0
1191.85	0
1192.24	0
1192.62	0
1193.01	0
1193.39	0
1193.78	0
1194.16	0
1194.55	0
1194.93	0
1195.32	0
1195.7	0
1196.09	0
1196.47	0
1196.86	0
1197.24	0
1197.63	0
1198.01	0
1198.4	0
1198.78	0
1199.16	0
1199.55	0
1199.93	0
1200.32	0
1200.7	0
1201.09	0
1201.47	0
1201.86	0
1202.24	0
1202.63	0
1203.01	0
1203.39	0
1203.78	0
1204.16	0
1204.55	0
1204.93	0
1205.32	0
1205.7	0
1206.08	0
1206.47	0
1206.85	0
1207.24	0
1207.62	0
1208	0
1208.39	0
1208.77	0
1209.16	0
1209.54	0
1209.92	0
1210.31	0
1210.69	0
1211.08	0
1211.46	0
1211.84	0
1212.23	0
1212.61	0
1213	0
1213.38	0
1213.76	0
1214.15	0
1214.53	0
1214.91	0
1215.3	0
1215.68	0
1216.06	0
1216.45	0
1216.83	0
1217.22	0
1217.6	0
1217.98	0
1218.37	0
1218.75	0
1219.13	0
1219.52	0
1219.9	0
1220.28	0
1220.67	0
1221.05	0
1221.43	0
1221.82	0
1222.2	0
1222.58	0
1222.97	0
1223.35	0
1223.73	0
1224.11	0
1224.5	0
1224.88	0
1225.26	0
1225.65	0
1226.03	0
1226.41	0
1226.8	0
1227.18	0
1227.56	0
1227.94	0
1228.33	0
1228.71	0
1229.09	0
1229.47	0
1229.86	0
1230.24	0
1230.62	0
1231.01	0
1231.39	0
1231.77	0
1232.15	0
1232.54	0
1232.92	0
1233.3	0
1233.68	0
1234.07	0
1234.45	0
1234.83	0
1235.21	0
1235.6	0
1235.98	0
1236.36	0
1236.74	0
1237.12	2
1237.51	0
1237.89	0
1238.27	0
1238.65	0
1239.04	0
1239.42	0
1239.8	0
1240.18	0
1240.56	0
1240.95	0
1241.33	0
1241.71	0
1242.09	0
1242.47	0
1242.86	0
1243.24	0
1243.62	0
1244	0
1244.38	0
1244.77	0
1245.15	0
1245.53	0
1245.91	0
1246.29	0
1246.67	0
1247.06	0
1247.44	0
1247.82	0
1248.2	0
1248.58	0
1248.96	0
1249.34	0
1249.73	0
1250.11	0
1250.49	0
1250.87	-2
1251.25	0
1251.63	0
1252.01	0
1252.4	0
1252.78	0
1253.16	0
1253.54	0
1253.92	19
1254.3	0
1254.68	0
1255.06	0
1255.45	0
1255.83	0
1256.21	0
1256.59	0
1256.97	0
1257.35	4
1257.73	0
1258.11	0
1258.49	0
1258.87	0
1259.26	0
1259.64	0
1260.02	0
1260.4	0
1260.78	0
1261.16	0
1261.54	0
1261.92	0
1262.3	0
1262.68	0
1263.06	0
1263.44	0
1263.82	0
1264.21	0
1264.59	0
1264.97	0
1265.35	0
1265.73	0
1266.11	0
1266.49	0
1266.87	0
1267.25	0
1267.63	0
1268.01	0
1268.39	0
1268.77	0
1269.15	0
1269.53	0
1269.91	0
1270.29	0
1270.67	-7
1271.05	0
1271.43	0
1271.81	0
1272.19	0
1272.57	0
1272.95	0
1273.33	0
1273.71	0
1274.09	0
1274.47	0
1274.85	0
1275.23	0
1275.61	0
1275.99	0
1276.37	0
1276.75	0
1277.13	0
1277.51	0
1277.89	0
1278.27	0
1278.65	0
1279.03	0
1279.41	0
1279.79	0
1280.17	0
1280.55	0
1280.93	0
1281.31	0
1281.69	0
1282.07	0
1282.45	0
1282.82	0
1283.2	0
1283.58	0
1283.96	0
1284.34	0
1284.72	0
1285.1	0
1285.48	0
1285.86	0
1286.24	0
1286.62	0
1287	0
1287.38	0
1287.75	0
1288.13	0
1288.51	0
1288.89	0
1289.27	0
1289.65	0
1290.03	0
1290.41	0
1290.79	0
1291.17	0
1291.54	0
1291.92	0
1292.3	0
1292.68	0
1293.06	10
1293.44	0
1293.82	0
1294.2	0
1294.57	0
1294.95	0
1295.33	0
1295.71	0
1296.09	0
1296.47	0
1296.85	0
1297.22	0
1297.6	0
1297.98	0
1298.36	0
1298.74	0
1299.12	0
1299.5	0
1299.87	-1
1300.25	0
1300.63	0
1301.01	0
1301.39	0
1301.77	0
1302.14	0
1302.52	0
1302.9	-2
1303.28	0
1303.66	0
1304.03	0
1304.41	0
1304.79	0
1305.17	0
1305.55	1
1305.92	0
1306.3	0
1306.68	0
1307.06	0
1307.44	0
1307.81	0
1308.19	0
1308.57	1
1308.95	0
1309.32	0
1309.7	0
1310.08	1
1310.46	0
1310.84	0
1311.21	0
1311.59	0
1311.97	0
1312.35	0
1312.72	0
1313.1	0
1313.48	0
1313.86	0
1314.23	0
1314.61	0
1314.99	0
1315.37	0
1315.74	0
1316.12	0
1316.5	0
1316.87	0
1317.25	0
1317.63	0
1318.01	0
1318.38	0
1318.76	0
1319.14	0
1319.52	0
1319.89	0
1320.27	3
1320.65	0
1321.02	0
1321.4	0
1321.78	0
1322.15	0
1322.53	0
1322.91	0
1323.29	0
1323.66	-3
1324.04	0
1324.42	0
1324.79	0
1325.17	0
1325.55	0
1325.92	0
1326.3	0
1326.68	0
1327.05	0
1327.43	0
1327.81	0
1328.18	0
1328.56	0
1328.94	0
1329.31	0
1329.69	0
1330.06	0
1330.44	0
1330.82	0
1331.19	0
1331.57	4
1331.95	0
1332.32	0
1332.7	0
1333.08	0
1333.45	0
1333.83	0
1334.2	0
1334.58	0
1334.96	0
1335.33	0
1335.71	0
1336.08	0
1336.46	0
1336.84	0
1337.21	0
1337.59	0
1337.96	0
1338.34	0
1338.72	0
1339.09	0
1339.47	0
1339.84	0
1340.22	0
1340.6	0
1340.97	0
1341.35	0
1341.72	0
1342.1	0
1342.47	0
1342.85	1
1343.23	0
1343.6	0
1343.98	0
1344.35	0
1344.73	0
1345.1	0
1345.48	0
1345.85	0
1346.23	0
1346.61	0
1346.98	0
1347.36	0
1347.73	0
1348.11	0
1348.48	0
1348.86	0
1349.23	0
1349.61	0
1349.98	0
1350.36	0
1350.73	0
1351.11	0
1351.48	0
1351.86	0
1352.23	0
1352.61	0
1352.98	0
1353.36	0
1353.73	0
1354.11	0
1354.48	0
1354.86	0
1355.23	0
1355.61	0
1355.98	0
1356.36	0
1356.73	0
1357.11	0
1357.48	0
1357.86	0
1358.23	0
1358.61	0
1358.98	0
1359.35	0
1359.73	0
1360.1	0
1360.48	0
1360.85	0
1361.23	0
1361.6	0
1361.98	0
1362.35	0
1362.72	0
1363.1	0
1363.47	0
1363.85	0
1364.22	0
1364.6	0
1364.97	0
1365.34	0
1365.72	0
1366.09	0
1366.47	0
1366.84	0
1367.22	0
1367.59	0
1367.96	0
1368.34	0
1368.71	0
1369.09	0
1369.46	0
1369.83	1
1370.21	0
1370.58	-3
1370.96	0
1371.33	0
1371.7	0
1372.08	0
1372.45	0
1372.82	10
1373.2	0
1373.57	0
1373.95	0
1374.32	0
1374.69	0
1375.07	0
1375.44	0
1375.81	0
1376.19	0
1376.56	0
1376.93	0
1377.31	0
1377.68	0
1378.05	0
1378.43	0
1378.8	0
1379.17	0
1379.55	0
1379.92	0
1380.29	0
1380.67	0
1381.04	0
1381.41	0
1381.79	0
1382.16	0
1382.53	0
1382.91	0
1383.28	0
1383.65	0
1384.03	0
1384.4	0
1384.77	0
1385.14	12
1385.52	0
1385.89	0
1386.26	0
1386.64	0
1387.01	0
1387.38	0
1387.75	0
1388.13	0
1388.5	0
1388.87	0
1389.25	-4
1389.62	0
1389.99	0
1390.36	0
1390.74	0
1391.11	0
1391.48	0
1391.85	0
1392.23	0
1392.6	0
1392.97	0
1393.34	0
1393.72	0
1394.09	0
1394.46	-4
1394.83	0
1395.21	0
1395.58	0
1395.95	5
1396.32	0
1396.69	0
1397.07	4
1397.44	10
1397.81	0
1398.18	0
1398.55	0
1398.93	0
1399.3	0
1399.67	0
1400.04	0
1400.41	0
1400.79	0
1401.16	0
1401.53	0
1401.9	0
1402.27	0
1402.65	0
1403.02	0
1403.39	0
1403.76	0
1404.13	0
1404.51	0
1404.88	0
1405.25	0
1405.62	0
1405.99	0
1406.36	0
1406.74	0
1407.11	0
1407.48	0
1407.85	0
1408.22	0
1408.59	0
1408.96	0
1409.34	0
1409.71	0
1410.08	0
1410.45	0
1410.82	0
1411.19	-2
1411.56	0
1411.93	0
1412.31	0
1412.68	0
1413.05	0
1413.42	0
1413.79	0
1414.16	0
1414.53	0
1414.9	0
1415.27	0
1415.65	0
1416.02	0
1416.39	0
1416.76	0
1417.13	0
1417.5	0
1417.87	0
1418.24	0
1418.61	0
1418.98	0
1419.35	0
1419.73	0
1420.1	0
1420.47	0
1420.84	0
1421.21	0
1421.58	0
1421.95	0
1422.32	0
1422.69	0
1423.06	0
1423.43	0
1423.8	0
1424.17	0
1424.54	0
1424.91	0
1425.28	0
1425.65	0
1426.02	0
1426.39	0
1426.76	0
1427.14	0
1427.51	0
1427.88	0
1428.25	0
1428.62	0
1428.99	0
1429.36	0
1429.73	0
1430.1	0
1430.47	0
1430.84	0
1431.21	4
1431.58	0
1431.95	0
1432.32	0
1432.69	0
1433.06	-6
1433.43	0
1433.8	0
1434.17	0
1434.54	0
1434.91	0
1435.28	0
1435.64	0
1436.01	0
1436.38	0
1436.75	3
1437.12	0
1437.49	0
1437.86	0
1438.23	0
1438.6	-3
1438.97	0
1439.34	0
1439.71	0
1440.08	0
1440.45	0
1440.82	0
1441.19	0
1441.56	0
1441.93	0
1442.3	0
1442.67	0
1443.03	0
1443.4	0
1443.77	0
1444.14	0
1444.51	0
1444.88	0
1445.25	0
1445.62	0
1445.99	0
1446.36	0
1446.73	0
1447.09	0
1447.46	0
1447.83	0
1448.2	0
1448.57	0
1448.94	0
1449.31	0
1449.68	0
1450.05	0
1450.41	0
1450.78	0
1451.15	0
1451.52	0
1451.89	0
1452.26	0
1452.63	0
1453	0
1453.36	0
1453.73	0
1454.1	0
1454.47	0
1454.84	0
1455.21	0
1455.57	0
1455.94	0
1456.31	0
1456.68	0
1457.05	0
1457.42	0
1457.78	0
1458.15	0
1458.52	0
1458.89	0
1459.26	0
1459.63	0
1459.99	0
1460.36	0
1460.73	0
1461.1	0
1461.47	0
1461.83	0
1462.2	0
1462.57	0
1462.94	0
1463.31	11
1463.67	0
1464.04	0
1464.41	8
1464.78	0
1465.15	0
1465.51	0
1465.88	0
1466.25	0
1466.62	0
1466.98	0
1467.35	0
1467.72	0
1468.09	0
1468.46	0
1468.82	0
1469.19	0
1469.56	0
1469.93	0
1470.29	0
1470.66	0
1471.03	0
1471.4	0
1471.76	0
1472.13	0
1472.5	0
1472.86	0
1473.23	0
1473.6	0
1473.97	0
1474.33	0
1474.7	0
1475.07	-1
1475.44	0
1475.8	0
1476.17	0
1476.54	0
1476.9	0
1477.27	0
1477.64	0
1478	4
1478.37	0
1478.74	0
1479.11	0
1479.47	0
1479.84	0
1480.21	-1
1480.57	0
1480.94	0
1481.31	0
1481.67	0
1482.04	0
1482.41	0
1482.77	0
1483.14	0
1483.51	0
1483.87	0
1484.24	0
1484.61	0
1484.97	0
1485.34	0
1485.71	0
1486.07	0
1486.44	0
1486.81	0
1487.17	0
1487.54	0
1487.9	0
1488.27	0
1488.64	-3
1489	0
1489.37	0
1489.74	0
1490.1	5
1490.47	0
1490.83	0
1491.2	0
1491.57	0
1491.93	0
1492.3	0
1492.66	0
1493.03	-1
1493.4	4
1493.76	0
1494.13	0
1494.49	0
1494.86	2
1495.23	0
1495.59	0
1495.96	0
1496.32	0
1496.69	0
1497.06	0
1497.42	0
1497.79	0
1498.15	0
1498.52	0
1498.88	0
1499.25	0
1499.62	0
1499.98	0
1500.35	0
1500.71	0
1501.08	0
1501.44	0
1501.81	0
1502.17	0
1502.54	0
1502.9	0
1503.27	0
1503.64	0
1504	0
1504.37	0
1504.73	0
1505.1	0
1505.46	0
1505.83	0
1506.19	0
1506.56	0
1506.92	0
1507.29	0
1507.65	0
1508.02	0
1508.38	0
1508.75	0
1509.11	0
1509.48	2
1509.84	0
1510.21	0
1510.57	0
1510.94	0
1511.3	0
1511.67	0
1512.03	0
1512.4	0
1512.76	0
1513.13	0
1513.49	0
1513.85	0
1514.22	0
1514.58	0
1514.95	0
1515.31	0
1515.68	0
1516.04	0
1516.41	0
1516.77	0
1517.14	0
1517.5	0
1517.86	0
1518.23	-4
1518.59	0
1518.96	0
1519.32	0
1519.69	0
1520.05	-8
1520.41	0
1520.78	0
1521.14	0
1521.51	-4
1521.87	0
1522.24	0
1522.6	0
1522.96	0
1523.33	0
1523.69	0
1524.06	0
1524.42	0
1524.78	0
1525.15	0
1525.51	0
1525.88	0
1526.24	0
1526.6	0
1526.97	0
1527.33	0
1527.69	0
1528.06	0
1528.42	0
1528.79	3
1529.15	0
1529.51	0
1529.88	0
1530.24	0
1530.6	0
1530.97	0
1531.33	0
1531.69	0
1532.06	0
1532.42	0
1532.78	0
1533.15	0
1533.51	0
1533.87	0
1534.24	0
1534.6	0
1534.96	0
1535.33	0
1535.69	-2
1536.05	0
1536.42	0
1536.78	0
1537.14	0
1537.51	0
1537.87	0
1538.23	0
1538.6	0
1538.96	0
1539.32	0
1539.68	0
1540.05	0
1540.41	0
1540.77	0
1541.14	0
1541.5	0
1541.86	0
1542.23	0
1542.59	0
1542.95	0
1543.31	0
1543.68	0
1544.04	-3
1544.4	0
1544.76	0
1545.13	4
1545.49	0
1545.85	0
1546.21	0
1546.58	0
1546.94	0
1547.3	0
1547.66	0
1548.03	0
1548.39	0
1548.75	0
1549.11	0
1549.48	0
1549.84	0
1550.2	0
1550.56	0
1550.93	0
1551.29	0
1551.65	0
1552.01	0
1552.37	0
1552.74	0
1553.1	0
1553.46	0
1553.82	0
1554.18	5
1554.55	0
1554.91	0
1555.27	0
1555.63	0
1555.99	0
1556.36	0
1556.72	0
1557.08	0
1557.44	0
1557.8	0
1558.17	0
1558.53	0
1558.89	2
1559.25	1
1559.61	0
1559.97	0
1560.34	0
1560.7	0
1561.06	0
1561.42	0
1561.78	0
1562.14	0
1562.5	14
1562.87	0
1563.23	4
1563.59	0
1563.95	0
1564.31	0
1564.67	-2
1565.03	0
1565.4	-4
1565.76	0
1566.12	0
1566.48	5
1566.84	0
1567.2	5
1567.56	-1
1567.92	0
1568.29	0
1568.65	0
1569.01	0
1569.37	0
1569.73	0
1570.09	0
1570.45	14
1570.81	0
1571.17	0
1571.53	0
1571.89	0
1572.26	0
1572.62	0
1572.98	0
1573.34	0
1573.7	0
1574.06	0
1574.42	0
1574.78	0
1575.14	0
1575.5	0
1575.86	0
1576.22	0
1576.58	0
1576.94	0
1577.3	0
1577.67	0
1578.03	8
1578.39	0
1578.75	0
1579.11	0
1579.47	0
1579.83	0
1580.19	0
1580.55	0
1580.91	15
1581.27	0
1581.63	0
1581.99	0
1582.35	0
1582.71	0
1583.07	1
1583.43	0
1583.79	0
1584.15	0
1584.51	0
1584.87	0
1585.23	0
1585.59	2
1585.95	0
1586.31	4
1586.67	0
1587.03	0
1587.39	2
1587.75	2
1588.11	0
1588.47	0
1588.83	0
1589.19	-4
1589.55	0
1589.91	0
1590.27	7
1590.63	0
1590.99	0
1591.35	0
1591.71	0
1592.07	0
1592.42	0
1592.78	0
1593.14	0
1593.5	0
1593.86	0
1594.22	0
1594.58	0
1594.94	0
1595.3	0
1595.66	0
1596.02	0
1596.38	0
1596.74	0
1597.1	3
1597.46	0
1597.81	0
1598.17	0
1598.53	0
1598.89	0
1599.25	0
1599.61	0
1599.97	0
1600.33	0
1600.69	0
1601.05	0
1601.4	0
1601.76	0
1602.12	0
1602.48	10
1602.84	0
1603.2	15
1603.56	0
1603.92	0
1604.28	0
1604.63	7
1604.99	0
1605.35	0
1605.71	10
1606.07	0
1606.43	9
1606.79	0
1607.14	0
1607.5	0
1607.86	0
1608.22	0
1608.58	10
1608.94	0
1609.29	11
1609.65	0
1610.01	0
1610.37	2
1610.73	0
1611.09	0
1611.44	0
1611.8	0
1612.16	0
1612.52	0
1612.88	2
1613.24	0
1613.59	1
1613.95	0
1614.31	5
1614.67	0
1615.03	0
1615.38	0
1615.74	4
1616.1	2
1616.46	0
1616.82	3
1617.17	26
1617.53	2
1617.89	2
1618.25	0
1618.6	0
1618.96	0
1619.32	0
1619.68	7
1620.04	0
1620.39	0
1620.75	0
1621.11	0
1621.47	0
1621.82	0
1622.18	0
1622.54	3
1622.9	0
1623.25	0
1623.61	5
1623.97	0
1624.33	1
1624.68	0
1625.04	2
1625.4	3
1625.75	0
1626.11	5
1626.47	22
1626.83	0
1627.18	0
1627.54	0
1627.9	0
1628.26	0
1628.61	12
1628.97	0
1629.33	0
1629.68	0
1630.04	13
1630.4	7
1630.75	28
1631.11	2
1631.47	8
1631.83	21
1632.18	22
1632.54	5
1632.9	32
1633.25	33
1633.61	56
1633.97	43
1634.32	45
1634.68	45
1635.04	36
1635.39	42
1635.75	73
1636.11	61
1636.46	54
1636.82	66
1637.18	84
1637.53	92
1637.89	89
1638.25	104
1638.6	101
1638.96	117
1639.31	120
1639.67	100
1640.03	102
1640.38	119
1640.74	128
1641.1	165
1641.45	166
1641.81	157
1642.16	170
1642.52	155
1642.88	168
1643.23	178
1643.59	182
1643.95	179
1644.3	191
1644.66	183
1645.01	203
1645.37	219
1645.73	213
1646.08	216
1646.44	236
1646.79	232
1647.15	236
1647.51	241
1647.86	248
1648.22	232
1648.57	228
1648.93	267
1649.28	244
1649.64	235
1650	236
1650.35	262
1650.71	238
1651.06	248
1651.42	269
1651.77	262
1652.13	258
1652.48	267
1652.84	245
1653.2	242
1653.55	243
1653.91	249
1654.26	243
1654.62	234
1654.97	218
1655.33	248
1655.68	236
1656.04	223
1656.39	226
1656.75	225
1657.1	232
1657.46	215
1657.81	220
1658.17	193
1658.52	188
1658.88	205
1659.23	194
1659.59	183
1659.94	185
1660.3	179
1660.65	178
1661.01	158
1661.36	143
1661.72	141
1662.07	150
1662.43	158
1662.78	156
1663.14	142
1663.49	159
1663.85	132
1664.2	121
1664.56	119
1664.91	147
1665.27	120
1665.62	95
1665.98	95
1666.33	83
1666.69	85
1667.04	101
1667.39	86
1667.75	62
1668.1	85
1668.46	64
1668.81	68
1669.17	63
1669.52	46
1669.88	55
1670.23	40
1670.58	51
1670.94	40
1671.29	35
1671.65	49
1672	32
1672.36	31
1672.71	31
1673.06	26
1673.42	20
1673.77	27
1674.13	15
1674.48	21
1674.83	25
1675.19	27
1675.54	28
1675.9	37
1676.25	31
1676.6	47
1676.96	34
1677.31	18
1677.67	24
1678.02	35
1678.37	46
1678.73	28
1679.08	31
1679.43	12
1679.79	22
1680.14	32
1680.5	61
1680.85	64
1681.2	36
1681.56	60
1681.91	63
1682.26	83
1682.62	74
1682.97	62
1683.32	57
1683.68	77
1684.03	78
1684.38	82
1684.74	80
1685.09	87
1685.44	87
1685.8	96
1686.15	92
1686.5	116
1686.86	108
1687.21	111
1687.56	113
1687.92	99
1688.27	96
1688.62	127
1688.98	117
1689.33	119
1689.68	124
1690.03	123
1690.39	144
1690.74	139
1691.09	129
1691.45	132
1691.8	141
1692.15	135
1692.5	137
1692.86	171
1693.21	159
1693.56	127
1693.92	120
1694.27	137
1694.62	139
1694.97	148
1695.33	165
1695.68	146
1696.03	141
1696.38	177
1696.74	157
1697.09	133
1697.44	167
1697.79	148
1698.15	121
1698.5	167
1698.85	148
1699.2	155
1699.56	150
1699.91	131
1700.26	151
1700.61	130
1700.97	127
1701.32	127
1701.67	122
1702.02	111
1702.37	111
1702.73	148
1703.08	117
1703.43	126
1703.78	117
1704.13	119
1704.49	99
1704.84	97
1705.19	124
1705.54	127
1705.89	115
1706.25	107
1706.6	122
1706.95	108
1707.3	115
1707.65	107
1708.01	87
1708.36	95
1708.71	101
1709.06	83
1709.41	82
1709.76	80
1710.12	79
1710.47	68
1710.82	91
1711.17	85
1711.52	66
1711.87	60
1712.23	79
1712.58	82
1712.93	66
1713.28	91
1713.63	56
1713.98	52
1714.33	61
1714.69	77
1715.04	93
1715.39	76
1715.74	71
1716.09	86
1716.44	96
1716.79	88
1717.14	84
1717.5	113
1717.85	87
1718.2	79
1718.55	83
1718.9	76
1719.25	89
1719.6	100
1719.95	129
1720.3	101
1720.65	118
1721.01	121
1721.36	152
1721.71	122
1722.06	166
1722.41	191
1722.76	172
1723.11	184
1723.46	217
1723.81	215
1724.16	186
1724.51	208
1724.86	275
1725.21	249
1725.56	265
1725.92	287
1726.27	295
1726.62	326
1726.97	325
1727.32	375
1727.67	369
1728.02	411
1728.37	434
1728.72	429
1729.07	420
1729.42	447
1729.77	568
1730.12	568
1730.47	540
1730.82	540
1731.17	556
1731.52	649
1731.87	665
1732.22	687
1732.57	740
1732.92	800
1733.27	811
1733.62	789
1733.97	770
1734.32	883
1734.67	890
1735.02	937
1735.37	926
1735.72	924
1736.07	964
1736.42	1127
1736.77	1104
1737.12	1051
1737.47	1058
1737.82	1119
1738.17	1278
1738.52	1245
1738.87	1165
1739.22	1306
1739.57	1430
1739.92	1441
1740.27	1396
1740.62	1441
1740.97	1568
1741.32	1590
1741.67	1409
1742.02	1663
1742.37	1799
1742.72	1661
1743.06	1746
1743.41	1939
1743.76	1994
1744.11	2017
1744.46	2013
1744.81	2208
1745.16	2155
1745.51	2110
1745.86	2457
1746.21	2480
1746.56	2353
1746.91	2463
1747.26	2644
1747.6	2548
1747.95	2687
1748.3	2879
1748.65	2847
1749	2898
1749.35	3108
1749.7	2987
1750.05	3193
1750.4	3523
1750.75	3132
1751.09	3223
1751.44	3440
1751.79	3763
1752.14	3532
1752.49	3440
1752.84	3941
1753.19	3874
1753.54	3690
1753.88	3807
1754.23	4071
1754.58	4215
1754.93	4152
1755.28	4407
1755.63	4480
1755.98	4280
1756.32	4589
1756.67	4959
1757.02	4630
1757.37	4648
1757.72	4924
1758.07	5013
1758.42	4912
1758.76	5340
1759.11	5242
1759.46	5203
1759.81	5487
1760.16	5775
1760.5	5542
1760.85	5495
1761.2	5822
1761.55	5609
1761.9	5844
1762.25	6243
1762.59	6238
1762.94	5907
1763.29	6288
1763.64	6627
1763.99	6250
1764.33	6511
1764.68	6775
1765.03	6775
1765.38	6700
1765.73	6776
1766.07	7434
1766.42	7171
1766.77	7108
1767.12	7646
1767.46	7925
1767.81	7405
1768.16	7774
1768.51	8383
1768.85	7781
1769.2	7685
1769.55	8221
1769.9	8322
1770.25	8082
1770.59	8479
1770.94	8729
1771.29	8342
1771.64	8838
1771.98	8623
1772.33	9308
1772.68	9192
1773.02	8801
1773.37	9119
1773.72	9919
1774.07	9589
1774.41	9443
1774.76	10159
1775.11	9939
1775.46	9719
1775.8	10047
1776.15	10085
1776.5	9780
1776.84	9697
1777.19	10876
1777.54	10734
1777.89	10223
1778.23	10515
1778.58	11361
1778.93	10823
1779.27	10466
1779.62	11281
1779.97	11413
1780.31	10770
1780.66	10742
1781.01	11176
1781.35	10749
1781.7	11144
1782.05	11746
1782.39	11587
1782.74	11342
1783.09	10915
1783.43	12345
1783.78	12237
1784.13	11749
1784.47	11967
1784.82	12306
1785.17	11413
1785.51	11109
1785.86	11238
1786.21	12920
1786.55	12167
1786.9	12785
1787.25	12342
1787.59	12615
1787.94	12850
1788.29	12420
1788.63	11661
1788.98	12643
1789.32	12633
1789.67	12159
1790.02	12671
1790.36	11219
1790.71	9843
1791.06	12743
1791.4	13545
1791.75	13074
1792.09	13590
1792.44	12029
1792.79	14104
1793.13	13857
1793.48	13275
1793.82	14241
1794.17	13569
1794.52	12963
1794.86	13351
1795.21	12777
1795.55	12344
1795.9	13149
1796.24	11780
1796.59	10965
1796.94	8943
1797.28	14471
1797.63	14834
1797.97	14660
1798.32	13705
1798.66	11915
1799.01	11911
1799.36	12015
1799.7	13697
1800.05	12787
1800.39	11415
1800.74	13284
1801.08	12893
1801.43	9860
1801.77	13530
1802.12	14635
1802.46	13039
1802.81	11443
1803.15	13359
1803.5	12965
1803.85	12058
1804.19	12143
1804.54	11942
1804.88	10169
1805.23	9841
1805.57	13045
1805.92	10897
1806.26	8410
1806.61	12497
1806.95	13451
1807.3	10545
1807.64	9314
1807.99	11364
1808.33	13708
1808.68	12329
1809.02	12098
1809.37	10763
1809.71	7531
1810.06	13205
1810.4	13229
1810.75	11701
1811.09	10897
1811.43	8915
1811.78	8122
1812.12	13433
1812.47	13447
1812.81	12939
1813.16	12517
1813.5	12020
1813.85	10646
1814.19	11189
1814.54	11093
1814.88	9985
1815.23	10231
1815.57	9549
1815.91	8889
1816.26	8971
1816.6	7592
1816.95	6153
1817.29	12238
1817.64	10991
1817.98	8559
1818.32	10499
1818.67	10114
1819.01	11703
1819.36	10698
1819.7	10169
1820.05	10214
1820.39	9679
1820.73	9237
1821.08	10110
1821.42	9553
1821.77	8329
1822.11	8370
1822.45	7774
1822.8	6255
1823.14	6847
1823.49	7800
1823.83	5394
1824.17	9205
1824.52	10455
1824.86	8908
1825.2	8574
1825.55	7943
1825.89	7104
1826.24	6902
1826.58	5133
1826.92	6308
1827.27	8911
1827.61	7295
1827.95	8039
1828.3	7132
1828.64	6883
1828.98	6859
1829.33	5335
1829.67	4678
1830.02	4794
1830.36	7875
1830.7	6710
1831.05	6470
1831.39	7113
1831.73	6895
1832.08	6216
1832.42	6172
1832.76	6343
1833.1	5444
1833.45	5347
1833.79	5365
1834.13	4552
1834.48	4464
1834.82	4717
1835.16	4960
1835.51	5095
1835.85	4577
1836.19	4721
1836.54	4537
1836.88	3832
1837.22	3662
1837.56	3035
1837.91	2589
1838.25	2841
1838.59	3153
1838.94	4657
1839.28	4254
1839.62	3428
1839.96	3328
1840.31	3598
1840.65	3488
1840.99	3033
1841.34	1766
1841.68	2715
1842.02	4109
1842.36	3359
1842.71	3763
1843.05	2769
1843.39	2179
1843.73	2006
1844.08	3793
1844.42	3995
1844.76	3701
1845.1	3392
1845.45	3062
1845.79	2310
1846.13	2145
1846.47	3143
1846.81	2493
1847.16	2377
1847.5	1915
1847.84	2136
1848.18	3381
1848.53	2738
1848.87	2270
1849.21	2259
1849.55	1871
1849.89	1688
1850.24	1758
1850.58	1563
1850.92	1601
1851.26	1575
1851.6	1409
1851.95	1721
1852.29	1437
1852.63	1347
1852.97	1409
1853.31	1098
1853.66	1157
1854	1085
1854.34	908
1854.68	887
1855.02	1284
1855.36	1279
1855.71	1274
1856.05	1008
1856.39	944
1856.73	857
1857.07	775
1857.41	802
1857.76	714
1858.1	802
1858.44	883
1858.78	682
1859.12	793
1859.46	672
1859.8	631
1860.15	717
1860.49	536
1860.83	527
1861.17	712
1861.51	647
1861.85	768
1862.19	583
1862.53	531
1862.88	556
1863.22	564
1863.56	591
1863.9	611
1864.24	466
1864.58	566
1864.92	613
1865.26	613
1865.6	709
1865.94	575
1866.29	678
1866.63	639
1866.97	488
1867.31	559
1867.65	593
1867.99	549
1868.33	603
1868.67	675
1869.01	641
1869.35	720
1869.69	698
1870.03	575
1870.37	423
1870.72	735
1871.06	522
1871.4	697
1871.74	876
1872.08	757
1872.42	1091
1872.76	998
1873.1	856
1873.44	665
1873.78	801
1874.12	837
1874.46	993
1874.8	925
1875.14	964
1875.48	964
1875.82	661
1876.16	921
1876.5	1207
1876.84	1033
1877.18	979
1877.52	1228
1877.86	1179
1878.2	1295
1878.54	1221
1878.88	1249
1879.22	1365
1879.56	1266
1879.9	1485
1880.24	1582
1880.58	1481
1880.92	1693
1881.26	1524
1881.6	1404
1881.94	1444
1882.28	1519
1882.62	1649
1882.96	1691
1883.3	1689
1883.64	1590
1883.98	1343
1884.32	1871
1884.66	1908
1885	1866
1885.34	2140
1885.68	1849
1886.02	2293
1886.36	1735
1886.7	1847
1887.04	2100
1887.38	2076
1887.72	2436
1888.06	2363
1888.39	2325
1888.73	2553
1889.07	2321
1889.41	2494
1889.75	2342
1890.09	1884
1890.43	2384
1890.77	1742
1891.11	1793
1891.45	2414
1891.79	2309
1892.13	2846
1892.47	2628
1892.8	2688
1893.14	2739
1893.48	2565
1893.82	2730
1894.16	2483
1894.5	2405
1894.84	2632
1895.18	2835
1895.52	2917
1895.86	2720
1896.19	3165
1896.53	2851
1896.87	2860
1897.21	2983
1897.55	2673
1897.89	2971
1898.23	2898
1898.57	3030
1898.9	2565
1899.24	2671
1899.58	3077
1899.92	3082
1900.26	3084
1900.6	2979
1900.94	2971
1901.27	2996
1901.61	2951
1901.95	2962
1902.29	3020
1902.63	3021
1902.97	3229
1903.3	3000
1903.64	3144
1903.98	3162
1904.32	2861
1904.66	3177
1905	2925
1905.33	3215
1905.67	3019
1906.01	3077
1906.35	3088
1906.69	3005
1907.02	2865
1907.36	2974
1907.7	3259
1908.04	3030
1908.38	3128
1908.71	2973
1909.05	3074
1909.39	3058
1909.73	2861
1910.07	3047
1910.4	2801
1910.74	3101
1911.08	2880
1911.42	3057
1911.76	2901
1912.09	2916
1912.43	2947
1912.77	2781
1913.11	2990
1913.44	2724
1913.78	2917
1914.12	2763
1914.46	2718
1914.79	2839
1915.13	2601
1915.47	2607
1915.81	2498
1916.14	2641
1916.48	2612
1916.82	2527
1917.16	2639
1917.49	2454
1917.83	2563
1918.17	2400
1918.5	2431
1918.84	2437
1919.18	2198
1919.52	2416
1919.85	2233
1920.19	2300
1920.53	2213
1920.87	2220
1921.2	2197
1921.54	2109
1921.88	2188
1922.21	2031
1922.55	2056
1922.89	2001
1923.22	1857
1923.56	1857
1923.9	1809
1924.23	1772
1924.57	1759
1924.91	1858
1925.25	1733
1925.58	1688
1925.92	1722
1926.26	1589
1926.59	1599
1926.93	1473
1927.27	1301
1927.6	1351
1927.94	1340
1928.28	1503
1928.61	1340
1928.95	1373
1929.29	1262
1929.62	1305
1929.96	1188
1930.29	1069
1930.63	1237
1930.97	936
1931.3	1043
1931.64	944
1931.98	944
1932.31	1057
1932.65	929
1932.99	993
1933.32	846
1933.66	776
1933.99	787
1934.33	689
1934.67	603
1935	640
1935.34	681
1935.67	622
1936.01	606
1936.35	583
1936.68	579
1937.02	534
1937.35	493
1937.69	472
1938.03	429
1938.36	449
1938.7	322
1939.03	338
1939.37	348
1939.7	356
1940.04	337
1940.38	308
1940.71	325
1941.05	241
1941.38	219
1941.72	174
1942.05	200
1942.39	219
1942.73	158
1943.06	114
1943.4	197
1943.73	113
1944.07	128
1944.4	103
1944.74	110
1945.07	123
1945.41	61
1945.74	44
1946.08	91
1946.42	27
1946.75	35
1947.09	30
1947.42	34
1947.76	18
1948.09	35
1948.43	5
1948.76	10
1949.1	30
1949.43	0
1949.77	0
1950.1	0
1950.44	0
1950.77	0
1951.11	7
1951.44	0
1951.78	0
1952.11	0
1952.45	0
1952.78	7
1953.12	0
1953.45	10
1953.79	0
1954.12	33
1954.46	27
1954.79	15
1955.12	5
1955.46	16
1955.79	61
1956.13	57
1956.46	46
1956.8	61
1957.13	76
1957.47	30
1957.8	96
1958.14	82
1958.47	93
1958.8	68
1959.14	88
1959.47	74
1959.81	116
1960.14	102
1960.48	113
1960.81	136
1961.14	84
1961.48	173
1961.81	141
1962.15	164
1962.48	110
1962.82	164
1963.15	186
1963.48	146
1963.82	177
1964.15	137
1964.49	193
1964.82	169
1965.15	200
1965.49	174
1965.82	228
1966.16	206
1966.49	182
1966.82	208
1967.16	226
1967.49	251
1967.83	213
1968.16	250
1968.49	226
1968.83	224
1969.16	192
1969.49	276
1969.83	231
1970.16	259
1970.49	261
1970.83	269
1971.16	257
1971.5	263
1971.83	287
1972.16	270
1972.5	238
1972.83	246
1973.16	248
1973.5	275
1973.83	303
1974.16	263
1974.5	272
1974.83	252
1975.16	244
1975.5	259
1975.83	254
1976.16	225
1976.49	261
1976.83	257
1977.16	283
1977.49	235
1977.83	258
1978.16	242
1978.49	246
1978.83	235
1979.16	242
1979.49	233
1979.83	256
1980.16	249
1980.49	217
1980.82	251
1981.16	249
1981.49	234
1981.82	230
1982.15	233
1982.49	224
1982.82	249
1983.15	217
1983.49	217
1983.82	200
1984.15	195
1984.48	218
1984.82	222
1985.15	197
1985.48	207
1985.81	195
1986.15	203
1986.48	173
1986.81	197
1987.14	191
1987.48	179
1987.81	207
1988.14	181
1988.47	183
1988.81	167
1989.14	195
1989.47	164
1989.8	173
1990.13	159
1990.47	132
1990.8	169
1991.13	161
1991.46	145
1991.79	154
1992.13	133
1992.46	127
1992.79	136
1993.12	91
1993.45	148
1993.79	127
1994.12	126
1994.45	112
1994.78	105
1995.11	118
1995.45	96
1995.78	98
1996.11	94
1996.44	96
1996.77	98
1997.1	79
1997.44	95
1997.77	83
1998.1	96
1998.43	85
1998.76	89
1999.09	82
1999.43	103
1999.76	92
2000.09	102
2000.42	89
2000.75	88
2001.08	74
2001.41	56
2001.75	58
2002.08	70
2002.41	70
2002.74	67
2003.07	56
2003.4	76
2003.73	60
2004.06	54
2004.4	41
2004.73	43
2005.06	41
2005.39	43
2005.72	45
2006.05	52
2006.38	24
2006.71	41
2007.04	30
2007.37	64
2007.71	22
2008.04	20
2008.37	48
2008.7	10
2009.03	30
2009.36	51
2009.69	20
2010.02	29
2010.35	64
2010.68	23
2011.01	25
2011.34	0
2011.67	14
2012.01	23
2012.34	4
2012.67	0
2013	28
2013.33	20
2013.66	16
2013.99	18
2014.32	14
2014.65	8
2014.98	1
2015.31	2
2015.64	3
2015.97	0
2016.3	13
2016.63	0
2016.96	0
2017.29	0
2017.62	1
2017.95	0
2018.28	0
2018.61	0
2018.94	-5
2019.27	0
2019.6	0
2019.93	0
2020.26	0
2020.59	0
2020.92	0
2021.25	0
2021.58	0
2021.91	5
2022.24	0
2022.57	0
2022.9	5
2023.23	0
2023.56	0
2023.89	0
2024.22	-4
2024.55	0
2024.88	0
2025.21	0
2025.54	0
2025.87	0
2026.2	2
2026.53	0
2026.86	0
2027.19	13
2027.52	0
2027.85	0
2028.18	0
2028.51	0
2028.84	0
2029.16	5
2029.49	0
2029.82	0
2030.15	12
2030.48	4
2030.81	0
2031.14	4
2031.47	19
2031.8	0
2032.13	7
2032.46	0
2032.79	0
2033.12	2
2033.44	0
2033.77	0
2034.1	20
2034.43	3
2034.76	4
2035.09	7
2035.42	0
2035.75	0
2036.08	6
2036.41	10
2036.73	13
2037.06	0
2037.39	0
2037.72	0
2038.05	9
2038.38	0
2038.71	10
2039.04	0
2039.36	0
2039.69	14
2040.02	16
2040.35	11
2040.68	20
2041.01	6
2041.34	25
2041.66	0
2041.99	0
2042.32	8
2042.65	4
2042.98	21
2043.31	16
2043.63	0
2043.96	0
2044.29	26
2044.62	8
2044.95	12
2045.28	23
2045.6	25
2045.93	14
2046.26	23
2046.59	13
2046.92	0
2047.24	13
2047.57	19
2047.9	19
2048.23	0
2048.56	7
2048.88	13
2049.21	0
2049.54	0
2049.87	5
2050.2	0
2050.52	2
2050.85	1
2051.18	0
2051.51	0
2051.83	4
2052.16	10
2052.49	10
2052.82	19
2053.15	9
2053.47	0
2053.8	6
2054.13	0
2054.46	0
2054.78	32
2055.11	7
2055.44	-1
2055.77	16
2056.09	0
2056.42	0
2056.75	0
2057.08	0
2057.4	0
2057.73	0
2058.06	0
2058.38	0
2058.71	3
2059.04	15
2059.37	19
2059.69	0
2060.02	-1
2060.35	3
2060.67	5
2061	0
2061.33	5
2061.66	0
2061.98	0
2062.31	0
2062.64	11
2062.96	0
2063.29	0
2063.62	0
2063.94	0
2064.27	0
2064.6	0
2064.92	0
2065.25	0
2065.58	0
2065.91	0
2066.23	2
2066.56	0
2066.89	0
2067.21	0
2067.54	0
2067.87	0
2068.19	0
2068.52	0
2068.84	0
2069.17	0
2069.5	0
2069.82	0
2070.15	0
2070.48	0
2070.8	1
2071.13	0
2071.46	0
2071.78	0
2072.11	0
2072.43	0
2072.76	0
2073.09	0
2073.41	0
2073.74	0
2074.07	0
2074.39	0
2074.72	0
2075.04	0
2075.37	0
2075.7	0
2076.02	0
2076.35	0
2076.67	0
2077	0
2077.33	0
2077.65	0
2077.98	4
2078.3	0
2078.63	0
2078.95	0
2079.28	0
2079.61	0
2079.93	0
2080.26	0
2080.58	0
2080.91	0
2081.23	0
2081.56	0
2081.89	1
2082.21	0
2082.54	0
2082.86	0
2083.19	0
2083.51	0
2083.84	1
2084.16	0
2084.49	2
2084.81	0
2085.14	0
2085.46	0
2085.79	0
2086.12	15
2086.44	0
2086.77	0
2087.09	-2
2087.42	0
2087.74	0
2088.07	0
2088.39	0
2088.72	0
2089.04	0
2089.37	0
2089.69	0
2090.02	0
2090.34	0
2090.67	0
2090.99	0
2091.32	0
2091.64	0
2091.97	0
2092.29	0
2092.62	5
2092.94	0
2093.26	0
2093.59	0
2093.91	0
2094.24	0
2094.56	0
2094.89	0
2095.21	0
2095.54	0
2095.86	0
2096.19	0
2096.51	0
2096.84	0
2097.16	0
2097.48	0
2097.81	0
2098.13	0
2098.46	0
2098.78	0
2099.11	0
2099.43	0
2099.75	0
2100.08	0
2100.4	-2
2100.73	0
2101.05	0
2101.38	0
2101.7	0
2102.02	0
2102.35	0
2102.67	0
2103	0
2103.32	0
2103.64	0
2103.97	0
2104.29	0
2104.62	0
2104.94	0
2105.26	0
2105.59	0
2105.91	0
2106.23	0
2106.56	0
2106.88	15
2107.21	0
2107.53	0
2107.85	0
2108.18	0
2108.5	0
2108.82	0
2109.15	0
2109.47	0
2109.79	0
2110.12	0
2110.44	0
2110.76	0
2111.09	0
2111.41	0
2111.73	0
2112.06	0
2112.38	0
2112.7	0
2113.03	0
2113.35	0
2113.67	0
2114	0
2114.32	0
2114.64	0
2114.97	0
2115.29	0
2115.61	0
2115.94	0
2116.26	0
2116.58	0
2116.91	0
2117.23	0
2117.55	0
2117.87	0
2118.2	0
2118.52	0
2118.84	0
2119.17	0
2119.49	0
2119.81	0
2120.13	0
2120.46	0
2120.78	0
2121.1	0
2121.42	0
2121.75	0
2122.07	0
2122.39	0
2122.72	0
2123.04	0
2123.36	0
2123.68	0
2124.01	0
2124.33	0
2124.65	0
2124.97	0
2125.29	0
2125.62	0
2125.94	0
2126.26	0
2126.58	0
2126.91	0
2127.23	0
2127.55	0
2127.87	0
2128.2	0
2128.52	0
2128.84	0
2129.16	0
2129.48	0
2129.81	0
2130.13	0
2130.45	0
2130.77	0
2131.09	0
2131.42	0
2131.74	0
2132.06	0
2132.38	0
2132.7	0
2133.02	0
2133.35	0
2133.67	0
2133.99	0
2134.31	0
2134.63	0
2134.96	0
2135.28	0
2135.6	0
2135.92	0
2136.24	0
2136.56	0
2136.88	0
2137.21	0
2137.53	0
2137.85	0
2138.17	0
2138.49	0
2138.81	0
2139.13	0
2139.46	0
2139.78	0
2140.1	0
2140.42	0
2140.74	0
2141.06	0
2141.38	0
2141.7	0
2142.03	0
2142.35	0
2142.67	0
2142.99	0
2143.31	0
2143.63	0
2143.95	0
2144.27	0
2144.59	0
2144.91	0
2145.24	0
2145.56	0
2145.88	0
2146.2	0
2146.52	0
2146.84	0
2147.16	0
2147.48	0
2147.8	0
2148.12	0
2148.44	0
2148.76	0
2149.08	1
2149.41	0
2149.73	0
2150.05	0
2150.37	0
2150.69	0
2151.01	-20
2151.33	0
2151.65	0
2151.97	0
2152.29	0
2152.61	0
2152.93	0
2153.25	0
2153.57	0
2153.89	0
2154.21	0
2154.53	0
2154.85	0
2155.17	0
2155.49	0
2155.81	0
2156.13	0
2156.45	0
2156.77	0
2157.09	0
2157.41	0
2157.73	0
2158.05	0
2158.37	0
2158.69	0
2159.01	0
2159.33	0
2159.65	0
2159.97	0
2160.29	0
2160.61	0
2160.93	0
2161.25	0
2161.57	0
2161.89	0
2162.21	0
2162.53	0
2162.85	4
2163.17	0
2163.49	0
2163.81	0
2164.13	0
2164.45	0
2164.77	0
2165.08	0
2165.4	0
2165.72	0
2166.04	0
2166.36	0
2166.68	0
2167	0
2167.32	0
2167.64	0
2167.96	0
2168.28	0
2168.6	0
2168.92	0
2169.24	0
2169.55	0
2169.87	0
2170.19	0
2170.51	0
2170.83	0
2171.15	0
2171.47	0
2171.79	0
2172.11	0
2172.43	0
2172.74	0
2173.06	0
2173.38	0
2173.7	0
2174.02	0
2174.34	0
2174.66	1
2174.98	0
2175.29	0
2175.61	0
2175.93	0
2176.25	0
2176.57	0
2176.89	0
2177.21	0
2177.52	0
2177.84	0
2178.16	0
2178.48	0
2178.8	0
2179.12	0
2179.43	0
2179.75	0
2180.07	2
2180.39	0
2180.71	0
2181.03	0
2181.34	0
2181.66	0
2181.98	0
2182.3	0
2182.62	0
2182.93	0
2183.25	0
2183.57	0
2183.89	0
2184.21	0
2184.52	0
2184.84	0
2185.16	0
2185.48	0
2185.8	0
2186.11	0
2186.43	0
2186.75	0
2187.07	0
2187.39	0
2187.7	0
2188.02	0
2188.34	0
2188.66	0
2188.97	0
2189.29	0
2189.61	0
2189.93	0
2190.24	0
2190.56	0
2190.88	0
2191.2	0
2191.51	0
2191.83	0
2192.15	0
2192.47	0
2192.78	0
2193.1	0
2193.42	0
2193.74	0
2194.05	0
2194.37	0
2194.69	0
2195	0
2195.32	0
2195.64	0
2195.96	6
2196.27	0
2196.59	0
2196.91	0
2197.22	0
2197.54	0
2197.86	0
2198.18	0
2198.49	0
2198.81	0
2199.13	0
2199.44	0
2199.76	0
2200.08	0
2200.39	0
2200.71	1
2201.03	0
2201.34	0
2201.66	0
2201.98	0
2202.29	0
2202.61	0
2202.93	0
2203.24	0
2203.56	0
2203.88	0
2204.19	0
2204.51	0
2204.83	0
2205.14	0
2205.46	0
2205.78	0
2206.09	0
2206.41	0
2206.72	0
2207.04	0
2207.36	0
2207.67	0
2207.99	0
2208.31	0
2208.62	0
2208.94	0
2209.25	0
2209.57	0
2209.89	0
2210.2	0
2210.52	0
2210.83	0
2211.15	0
2211.47	0
2211.78	0
2212.1	0
2212.41	0
2212.73	0
2213.05	0
2213.36	0
2213.68	0
2213.99	0
2214.31	10
2214.62	0
2214.94	0
2215.26	0
2215.57	0
2215.89	0
2216.2	0
2216.52	0
2216.83	0
2217.15	0
2217.46	0
2217.78	0
2218.1	3
2218.41	0
2218.73	0
2219.04	0
2219.36	0
2219.67	0
2219.99	0
2220.3	0
2220.62	0
2220.93	0
2221.25	0
2221.56	0
2221.88	0
2222.19	0
2222.51	0
2222.82	0
2223.14	0
2223.45	0
2223.77	0
2224.08	0
2224.4	0
2224.71	0
2225.03	0
2225.34	0
2225.66	0
2225.97	0
2226.29	0
2226.6	3
2226.92	0
2227.23	0
2227.55	0
2227.86	0
2228.18	0
2228.49	-7
2228.81	-6
2229.12	0
2229.44	-1
2229.75	0
2230.07	0
2230.38	0
2230.69	0
2231.01	0
2231.32	0
2231.64	0
2231.95	0
2232.27	0
2232.58	0
2232.9	0
2233.21	0
2233.52	0
2233.84	0
2234.15	0
2234.47	0
2234.78	0
2235.1	0
2235.41	2
2235.72	0
2236.04	0
2236.35	0
2236.67	0
2236.98	2
2237.29	0
2237.61	0
2237.92	0
2238.24	1
2238.55	0
2238.86	-4
2239.18	0
2239.49	0
2239.8	7
2240.12	0
2240.43	0
2240.75	0
2241.06	0
2241.37	0
2241.69	0
2242	8
2242.31	0
2242.63	0
2242.94	0
2243.26	0
2243.57	0
2243.88	0
2244.2	0
2244.51	0
2244.82	0
2245.14	0
2245.45	0
2245.76	0
2246.08	0
2246.39	2
2246.7	0
2247.02	0
2247.33	0
2247.64	0
2247.96	0
2248.27	0
2248.58	0
2248.9	0
2249.21	0
2249.52	0
2249.83	0
2250.15	0
2250.46	0
2250.77	0
2251.09	0
2251.4	0
2251.71	0
2252.03	0
2252.34	0
2252.65	0
2252.96	0
2253.28	0
2253.59	0
2253.9	0
2254.21	10
2254.53	0
2254.84	10
2255.15	0
2255.47	0
2255.78	0
2256.09	0
2256.4	0
2256.72	0
2257.03	0
2257.34	0
2257.65	0
2257.97	0
2258.28	0
2258.59	0
2258.9	0
2259.22	0
2259.53	0
2259.84	0
2260.15	0
2260.46	0
2260.78	0
2261.09	0
2261.4	0
2261.71	0
2262.03	0
2262.34	0
2262.65	0
2262.96	0
2263.27	0
2263.59	0
2263.9	0
2264.21	0
2264.52	0
2264.83	0
2265.15	0
2265.46	0
2265.77	0
2266.08	0
2266.39	0
2266.7	0
2267.02	0
2267.33	0
2267.64	0
2267.95	0
2268.26	0
2268.57	-1
2268.89	0
2269.2	0
2269.51	0
2269.82	0
2270.13	0
2270.44	0
2270.76	0
2271.07	0
2271.38	0
2271.69	0
2272	0
2272.31	0
2272.62	0
2272.93	0
2273.25	0
2273.56	0
2273.87	0
2274.18	0
2274.49	0
2274.8	0
2275.11	0
2275.42	0
2275.74	0
2276.05	0
2276.36	-1
2276.67	0
2276.98	0
2277.29	0
2277.6	-1
2277.91	0
2278.22	0
2278.53	0
2278.85	0
2279.16	0
2279.47	0
2279.78	0
2280.09	0
2280.4	0
2280.71	0
2281.02	0
2281.33	0
2281.64	0
2281.95	0
2282.26	0
2282.57	0
2282.88	0
2283.19	0
2283.5	0
2283.82	0
2284.13	0
2284.44	0
2284.75	0
2285.06	0
2285.37	0
2285.68	0
2285.99	-2
2286.3	0
2286.61	0
2286.92	0
2287.23	0
2287.54	0
2287.85	0
2288.16	0
2288.47	0
2288.78	0
2289.09	0
2289.4	0
2289.71	0
2290.02	0
2290.33	0
2290.64	-5
2290.95	0
2291.26	0
2291.57	0
2291.88	0
2292.19	0
2292.5	0
2292.81	0
2293.12	-1
2293.43	0
2293.74	0
2294.05	0
2294.36	0
2294.67	0
2294.98	0
2295.29	0
2295.6	0
2295.91	0
2296.21	0
2296.52	0
2296.83	0
2297.14	0
2297.45	0
2297.76	0
2298.07	0
2298.38	0
2298.69	0
2299	0
2299.31	0
2299.62	-5
2299.93	0
2300.24	0
2300.55	0
2300.85	0
2301.16	0
2301.47	0
2301.78	0
2302.09	13
2302.4	0
2302.71	0
2303.02	0
2303.33	0
2303.64	0
2303.94	0
2304.25	0
2304.56	0
2304.87	0
2305.18	0
2305.49	0
2305.8	0
2306.11	0
2306.42	0
2306.72	0
2307.03	0
2307.34	0
2307.65	0
2307.96	0
2308.27	0
2308.58	0
2308.88	0
2309.19	0
2309.5	0
2309.81	0
2310.12	0
2310.43	0
2310.74	0
2311.04	0
2311.35	6
2311.66	0
2311.97	0
2312.28	0
2312.59	0
2312.89	0
2313.2	0
2313.51	0
2313.82	0
2314.13	0
2314.43	0
2314.74	0
2315.05	0
2315.36	0
2315.67	0
2315.97	0
2316.28	0
2316.59	0
2316.9	0
2317.21	0
2317.51	0
2317.82	0
2318.13	0
2318.44	0
2318.75	4
2319.05	0
2319.36	0
2319.67	0
2319.98	0
2320.28	0
2320.59	0
2320.9	0
2321.21	0
2321.51	0
2321.82	0
2322.13	0
2322.44	0
2322.74	0
2323.05	0
2323.36	0
2323.67	0
2323.97	0
2324.28	0
2324.59	0
2324.9	9
2325.2	0
2325.51	0
2325.82	0
2326.13	0
2326.43	0
2326.74	17
2327.05	0
2327.35	0
2327.66	0
2327.97	0
2328.27	0
2328.58	0
2328.89	0
2329.2	0
2329.5	0
2329.81	0
2330.12	0
2330.42	0
2330.73	0
2331.04	0
2331.34	0
2331.65	0
2331.96	3
2332.26	0
2332.57	0
2332.88	0
2333.18	0
2333.49	0
2333.8	0
2334.1	0
2334.41	0
2334.72	0
2335.02	0
2335.33	-5
2335.64	0
2335.94	0
2336.25	0
2336.56	0
2336.86	0
2337.17	0
2337.48	0
2337.78	0
2338.09	0
2338.39	0
2338.7	-3
2339.01	0
2339.31	0
2339.62	0
2339.93	0
2340.23	0
2340.54	0
2340.84	0
2341.15	0
2341.46	0
2341.76	0
2342.07	0
2342.37	0
2342.68	0
2342.99	0
2343.29	0
2343.6	0
2343.9	0
2344.21	0
2344.51	0
2344.82	0
2345.13	0
2345.43	0
2345.74	0
2346.04	0
2346.35	0
2346.65	0
2346.96	0
2347.27	0
2347.57	0
2347.88	0
2348.18	0
2348.49	0
2348.79	0
2349.1	0
2349.4	0
2349.71	0
2350.01	0
2350.32	0
2350.63	-5
2350.93	0
2351.24	0
2351.54	0
2351.85	0
2352.15	0
2352.46	0
2352.76	0
2353.07	0
2353.37	0
2353.68	0
2353.98	0
2354.29	0
2354.59	0
2354.9	0
2355.2	0
2355.51	0
2355.81	0
2356.12	0
2356.42	0
2356.73	0
2357.03	0
2357.34	0
2357.64	0
2357.95	0
2358.25	0
2358.55	0
2358.86	0
2359.16	0
2359.47	0
2359.77	0
2360.08	0
2360.38	0
2360.69	0
2360.99	0
2361.3	0
2361.6	0
2361.9	0
2362.21	0
2362.51	0
2362.82	0
2363.12	0
2363.43	0
2363.73	0
2364.04	0
2364.34	0
2364.64	0
2364.95	0
2365.25	0
2365.56	0
2365.86	0
2366.16	0
2366.47	0
2366.77	0
2367.08	0
2367.38	0
2367.68	0
2367.99	0
2368.29	0
2368.6	0
2368.9	0
2369.2	0
2369.51	0
2369.81	0
2370.12	0
2370.42	0
2370.72	-10
2371.03	0
2371.33	0
2371.63	0
2371.94	0
2372.24	0
2372.55	0
2372.85	0
2373.15	0
2373.46	0
2373.76	0
2374.06	0
2374.37	0
2374.67	0
2374.97	0
2375.28	0
2375.58	0
2375.88	0
2376.19	0
2376.49	0
2376.79	0
2377.1	0
2377.4	0
2377.7	0
2378.01	0
2378.31	0
2378.61	0
2378.92	0
2379.22	0
2379.52	0
2379.82	0
2380.13	0
2380.43	0
2380.73	12
2381.04	0
2381.34	0
2381.64	0
2381.95	0
2382.25	0
2382.55	0
2382.85	0
2383.16	0
2383.46	0
2383.76	0
2384.06	0
2384.37	6
2384.67	0
2384.97	0
2385.28	0
2385.58	0
2385.88	0
2386.18	0
2386.49	0
2386.79	0
2387.09	0
2387.39	0
2387.69	0
2388	0
2388.3	0
2388.6	0
2388.9	0
2389.21	0
2389.51	0
2389.81	0
2390.11	0
2390.42	0
2390.72	0
2391.02	0
2391.32	0
2391.62	0
2391.93	0
2392.23	0
2392.53	0
2392.83	0
2393.13	0
2393.44	0
2393.74	0
2394.04	0
2394.34	0
2394.64	0
2394.95	0
2395.25	1
2395.55	0
2395.85	0
2396.15	0
2396.45	0
2396.76	0
2397.06	1
2397.36	0
2397.66	0
2397.96	3
2398.26	0
2398.57	0
2398.87	0
2399.17	0
2399.47	0
2399.77	0
2400.07	0
2400.37	0
2400.68	0
2400.98	0
2401.28	0
2401.58	0
2401.88	0
2402.18	0
2402.48	0
2402.79	0
2403.09	0
2403.39	0
2403.69	0
2403.99	0
2404.29	0
2404.59	0
2404.89	0
2405.19	0
2405.5	0
2405.8	0
2406.1	0
2406.4	0
2406.7	0
2407	0
2407.3	0
2407.6	0
2407.9	0
2408.2	0
2408.5	0
2408.8	0
2409.11	0
2409.41	0
2409.71	0
2410.01	0
2410.31	0
2410.61	0
2410.91	0
2411.21	0
2411.51	0
2411.81	0
2412.11	0
2412.41	0
2412.71	0
2413.01	0
2413.31	4
2413.61	0
2413.91	0
2414.21	0
2414.51	0
2414.81	0
2415.12	0
2415.42	0
2415.72	0
2416.02	0
2416.32	0
2416.62	0
2416.92	0
2417.22	0
2417.52	0
2417.82	-2
2418.12	0
2418.42	0
2418.72	0
2419.02	0
2419.32	0
2419.62	0
2419.92	0
2420.22	0
2420.52	0
2420.82	0
2421.12	0
2421.42	0
2421.71	0
2422.01	0
2422.31	0
2422.61	0
2422.91	0
2423.21	0
2423.51	0
2423.81	7
2424.11	0
2424.41	0
2424.71	0
2425.01	0
2425.31	0
2425.61	0
2425.91	0
2426.21	0
2426.51	0
2426.81	0
2427.11	0
2427.41	0
2427.7	0
2428	0
2428.3	0
2428.6	0
2428.9	0
2429.2	0
2429.5	0
2429.8	0
2430.1	0
2430.4	0
2430.7	0
2430.99	0
2431.29	0
2431.59	0
2431.89	0
2432.19	0
2432.49	0
2432.79	0
2433.09	0
2433.39	0
2433.68	0
2433.98	0
2434.28	0
2434.58	0
2434.88	0
2435.18	0
2435.48	0
2435.78	0
2436.07	0
2436.37	0
2436.67	0
2436.97	0
2437.27	0
2437.57	0
2437.86	0
2438.16	0
2438.46	0
2438.76	0
2439.06	0
2439.36	0
2439.66	0
2439.95	0
2440.25	0
2440.55	0
2440.85	0
2441.15	0
2441.44	0
2441.74	0
2442.04	0
2442.34	-1
2442.64	0
2442.93	0
2443.23	0
2443.53	0
2443.83	0
2444.13	0
2444.42	0
2444.72	0
2445.02	0
2445.32	0
2445.62	0
2445.91	0
2446.21	0
2446.51	0
2446.81	0
2447.1	0
2447.4	0
2447.7	0
2448	0
2448.3	0
2448.59	0
2448.89	0
2449.19	0
2449.49	0
2449.78	0
2450.08	0
2450.38	-1
2450.68	0
2450.97	0
2451.27	0
2451.57	0
2451.87	4
2452.16	0
2452.46	0
2452.76	0
2453.05	0
2453.35	0
2453.65	0
2453.95	0
2454.24	0
2454.54	0
2454.84	0
2455.13	0
2455.43	0
2455.73	0
2456.03	0
2456.32	0
2456.62	0
2456.92	0
2457.21	0
2457.51	0
2457.81	0
2458.1	0
2458.4	0
2458.7	0
2458.99	0
2459.29	0
2459.59	0
2459.88	0
2460.18	0
2460.48	0
2460.77	0
2461.07	0
2461.37	0
2461.66	0
2461.96	0
2462.26	0
2462.55	0
2462.85	0
2463.15	0
2463.44	0
2463.74	0
2464.04	0
2464.33	0
2464.63	0
2464.92	0
2465.22	-3
2465.52	0
2465.81	0
2466.11	0
2466.41	0
2466.7	0
2467	0
2467.29	0
2467.59	0
2467.89	0
2468.18	0
2468.48	0
2468.77	0
2469.07	0
2469.37	0
2469.66	0
2469.96	0
2470.25	0
2470.55	0
2470.84	0
2471.14	0
2471.44	0
2471.73	0
2472.03	-1
2472.32	0
2472.62	0
2472.91	0
2473.21	0
2473.51	0
2473.8	0
2474.1	0
2474.39	0
2474.69	0
2474.98	0
2475.28	0
2475.57	0
2475.87	0
2476.17	0
2476.46	0
2476.76	0
2477.05	0
2477.35	0
2477.64	0
2477.94	0
2478.23	0
2478.53	0
2478.82	0
2479.12	0
2479.41	0
2479.71	0
2480	0
2480.3	0
2480.59	0
2480.89	0
2481.18	0
2481.48	0
2481.77	0
2482.07	0
2482.36	0
2482.66	0
2482.95	0
2483.25	0
2483.54	0
2483.84	0
2484.13	0
2484.43	0
2484.72	0
2485.02	0
2485.31	0
2485.6	0
2485.9	0
2486.19	0
2486.49	0
2486.78	0
2487.08	0
2487.37	0
2487.67	0
2487.96	0
2488.26	0
2488.55	0
2488.84	0
2489.14	0
2489.43	0
2489.73	0
2490.02	0
2490.32	0
2490.61	4
2490.9	0
2491.2	0
2491.49	0
2491.79	0
2492.08	0
2492.37	0
2492.67	0
2492.96	0
2493.26	0
2493.55	0
2493.84	0
2494.14	0
2494.43	0
2494.73	0
2495.02	0
2495.31	0
2495.61	0
2495.9	0
2496.2	0
2496.49	0
2496.78	0
2497.08	0
2497.37	0
2497.66	0
2497.96	0
2498.25	0
2498.54	0
2498.84	0
2499.13	0
2499.43	0
2499.72	0
2500.01	0
2500.31	0
2500.6	0
2500.89	0
2501.19	0
2501.48	0
2501.77	0
2502.07	0
2502.36	0
2502.65	0
2502.95	0
2503.24	0
2503.53	0
2503.82	0
2504.12	0
2504.41	0
2504.7	0
2505	0
2505.29	0
2505.58	0
2505.88	0
2506.17	0
2506.46	0
2506.76	0
2507.05	0
2507.34	0
2507.63	0
2507.93	0
2508.22	0
2508.51	0
2508.8	0
2509.1	0
2509.39	0
2509.68	0
2509.98	0
2510.27	0
2510.56	0
2510.85	0
2511.15	0
2511.44	0
2511.73	0
2512.02	1
2512.32	0
2512.61	0
2512.9	0
2513.19	0
2513.49	0
2513.78	0
2514.07	0
2514.36	0
2514.65	0
2514.95	5
2515.24	0
2515.53	0
2515.82	0
2516.12	0
2516.41	0
2516.7	0
2516.99	0
2517.28	0
2517.58	0
2517.87	0
2518.16	0
2518.45	8
2518.74	0
2519.04	0
2519.33	1
2519.62	0
2519.91	0
2520.2	0
2520.5	0
2520.79	0
2521.08	0
2521.37	0
2521.66	0
2521.95	0
2522.25	0
2522.54	0
2522.83	2
2523.12	0
2523.41	0
2523.7	14
2523.99	0
2524.29	0
2524.58	0
2524.87	0
2525.16	0
2525.45	0
2525.74	0
2526.03	0
2526.33	0
2526.62	0
2526.91	0
2527.2	0
2527.49	0
2527.78	0
2528.07	0
2528.36	0
2528.66	0
2528.95	0
2529.24	0
2529.53	0
2529.82	0
2530.11	0
2530.4	0
2530.69	0
2530.98	0
2531.27	0
2531.57	0
2531.86	0
2532.15	4
2532.44	0
2532.73	0
2533.02	0
2533.31	0
2533.6	0
2533.89	0
2534.18	0
2534.47	0
2534.76	0
2535.05	0
2535.35	0
2535.64	0
2535.93	0
2536.22	0
2536.51	0
2536.8	0
2537.09	0
2537.38	0
2537.67	0
2537.96	0
2538.25	3
2538.54	0
2538.83	0
2539.12	0
2539.41	0
2539.7	0
2539.99	0
2540.28	0
2540.57	0
2540.86	0
2541.15	0
2541.44	0
2541.73	0
2542.02	0
2542.31	0
2542.6	0
2542.89	0
2543.18	0
2543.47	2
2543.76	0
2544.05	0
2544.34	0
2544.63	0
2544.92	0
2545.21	0
2545.5	0
2545.79	0
2546.08	0
2546.37	7
2546.66	0
2546.95	0
2547.24	-6
2547.53	0
2547.82	0
2548.11	0
2548.4	0
2548.69	0
2548.98	0
2549.27	0
2549.55	0
2549.84	0
2550.13	-9
2550.42	0
2550.71	-2
2551	0
2551.29	0
2551.58	0
2551.87	0
2552.16	0
2552.45	0
2552.74	0
2553.03	0
2553.31	0
2553.6	0
2553.89	0
2554.18	0
2554.47	0
2554.76	0
2555.05	0
2555.34	0
2555.63	0
2555.92	0
2556.2	0
2556.49	0
2556.78	0
2557.07	0
2557.36	0
2557.65	0
2557.94	0
2558.23	0
2558.51	0
2558.8	0
2559.09	0
2559.38	0
2559.67	0
2559.96	0
2560.25	0
2560.53	0
2560.82	0
2561.11	0
2561.4	0
2561.69	0
2561.98	0
2562.27	0
2562.55	0
2562.84	0
2563.13	0
2563.42	0
2563.71	0
2564	0
2564.28	0
2564.57	0
2564.86	0
2565.15	0
2565.44	0
2565.72	0
2566.01	0
2566.3	0
2566.59	0
2566.88	0
2567.16	0
2567.45	0
2567.74	0
2568.03	0
2568.32	0
2568.6	0
2568.89	0
2569.18	0
2569.47	0
2569.75	0

