Source: Spectrum Viewer

Chart: Pulse Spectrum

Series: 
Wavelength (nm)	S (a.u.)
1179.9	0
1180.29	0
1180.68	0
1181.06	0
1181.45	0
1181.83	0
1182.22	0
1182.6	0
1182.99	0
1183.38	0
1183.76	0
1184.15	0
1184.53	0
1184.92	0
1185.3	0
1185.69	0
1186.07	0
1186.46	0
1186.85	0
1187.23	0
1187.62	0
1188	0
1188.39	0
1188.77	0
1189.16	0
1189.54	0
1189.93	0
1190.31	0
1190.7	0
1191.08	0
1191.47	0
1191.85	0
1192.24	0
1192.62	0
1193.01	0
1193.39	0
1193.78	0
1194.16	0
1194.55	0
1194.93	0
1195.32	0
1195.7	0
1196.09	0
1196.47	0
1196.86	0
1197.24	0
1197.63	0
1198.01	0
1198.4	0
1198.78	0
1199.16	0
1199.55	0
1199.93	0
1200.32	0
1200.7	0
1201.09	0
1201.47	0
1201.86	0
1202.24	0
1202.63	0
1203.01	0
1203.39	0
1203.78	0
1204.16	0
1204.55	0
1204.93	0
1205.32	0
1205.7	0
1206.08	0
1206.47	0
1206.85	0
1207.24	0
1207.62	0
1208	0
1208.39	0
1208.77	0
1209.16	0
1209.54	0
1209.92	0
1210.31	0
1210.69	0
1211.08	0
1211.46	0
1211.84	0
1212.23	0
1212.61	0
1213	0
1213.38	1
1213.76	0
1214.15	0
1214.53	0
1214.91	9
1215.3	0
1215.68	0
1216.06	0
1216.45	0
1216.83	0
1217.22	0
1217.6	0
1217.98	0
1218.37	0
1218.75	0
1219.13	0
1219.52	0
1219.9	0
1220.28	0
1220.67	0
1221.05	0
1221.43	0
1221.82	0
1222.2	0
1222.58	0
1222.97	0
1223.35	0
1223.73	0
1224.11	0
1224.5	0
1224.88	0
1225.26	0
1225.65	0
1226.03	0
1226.41	0
1226.8	0
1227.18	0
1227.56	0
1227.94	0
1228.33	0
1228.71	0
1229.09	0
1229.47	0
1229.86	0
1230.24	0
1230.62	0
1231.01	0
1231.39	0
1231.77	0
1232.15	0
1232.54	0
1232.92	0
1233.3	0
1233.68	0
1234.07	0
1234.45	0
1234.83	0
1235.21	0
1235.6	0
1235.98	0
1236.36	0
1236.74	0
1237.12	0
1237.51	4
1237.89	0
1238.27	0
1238.65	0
1239.04	0
1239.42	0
1239.8	0
1240.18	0
1240.56	0
1240.95	0
1241.33	0
1241.71	0
1242.09	0
1242.47	0
1242.86	0
1243.24	0
1243.62	0
1244	0
1244.38	0
1244.77	0
1245.15	0
1245.53	0
1245.91	8
1246.29	0
1246.67	0
1247.06	0
1247.44	0
1247.82	0
1248.2	0
1248.58	0
1248.96	0
1249.34	0
1249.73	0
1250.11	0
1250.49	0
1250.87	-2
1251.25	0
1251.63	0
1252.01	0
1252.4	0
1252.78	0
1253.16	0
1253.54	0
1253.92	0
1254.3	0
1254.68	0
1255.06	0
1255.45	0
1255.83	0
1256.21	0
1256.59	0
1256.97	0
1257.35	0
1257.73	0
1258.11	0
1258.49	0
1258.87	0
1259.26	0
1259.64	0
1260.02	0
1260.4	0
1260.78	0
1261.16	0
1261.54	0
1261.92	0
1262.3	0
1262.68	0
1263.06	0
1263.44	0
1263.82	0
1264.21	0
1264.59	0
1264.97	0
1265.35	0
1265.73	0
1266.11	0
1266.49	0
1266.87	1
1267.25	0
1267.63	0
1268.01	0
1268.39	0
1268.77	0
1269.15	0
1269.53	0
1269.91	0
1270.29	0
1270.67	-7
1271.05	0
1271.43	0
1271.81	0
1272.19	0
1272.57	0
1272.95	0
1273.33	0
1273.71	0
1274.09	0
1274.47	0
1274.85	0
1275.23	0
1275.61	0
1275.99	0
1276.37	0
1276.75	0
1277.13	0
1277.51	4
1277.89	0
1278.27	0
1278.65	0
1279.03	0
1279.41	0
1279.79	0
1280.17	0
1280.55	0
1280.93	0
1281.31	0
1281.69	0
1282.07	0
1282.45	0
1282.82	0
1283.2	0
1283.58	0
1283.96	0
1284.34	0
1284.72	0
1285.1	0
1285.48	0
1285.86	0
1286.24	0
1286.62	0
1287	0
1287.38	0
1287.75	0
1288.13	0
1288.51	0
1288.89	0
1289.27	0
1289.65	0
1290.03	0
1290.41	0
1290.79	0
1291.17	0
1291.54	0
1291.92	0
1292.3	0
1292.68	0
1293.06	0
1293.44	0
1293.82	0
1294.2	0
1294.57	0
1294.95	0
1295.33	0
1295.71	0
1296.09	0
1296.47	0
1296.85	0
1297.22	0
1297.6	0
1297.98	0
1298.36	0
1298.74	0
1299.12	0
1299.5	0
1299.87	2
1300.25	0
1300.63	0
1301.01	0
1301.39	0
1301.77	0
1302.14	0
1302.52	0
1302.9	-2
1303.28	0
1303.66	5
1304.03	0
1304.41	0
1304.79	0
1305.17	0
1305.55	0
1305.92	0
1306.3	0
1306.68	0
1307.06	0
1307.44	0
1307.81	0
1308.19	0
1308.57	0
1308.95	0
1309.32	0
1309.7	0
1310.08	0
1310.46	0
1310.84	0
1311.21	0
1311.59	0
1311.97	0
1312.35	0
1312.72	0
1313.1	0
1313.48	0
1313.86	0
1314.23	0
1314.61	0
1314.99	0
1315.37	0
1315.74	0
1316.12	0
1316.5	0
1316.87	0
1317.25	0
1317.63	0
1318.01	0
1318.38	0
1318.76	0
1319.14	0
1319.52	0
1319.89	0
1320.27	0
1320.65	0
1321.02	0
1321.4	0
1321.78	0
1322.15	0
1322.53	0
1322.91	0
1323.29	0
1323.66	-3
1324.04	0
1324.42	0
1324.79	0
1325.17	0
1325.55	0
1325.92	0
1326.3	0
1326.68	0
1327.05	0
1327.43	0
1327.81	0
1328.18	0
1328.56	0
1328.94	0
1329.31	0
1329.69	0
1330.06	0
1330.44	0
1330.82	0
1331.19	0
1331.57	1
1331.95	0
1332.32	0
1332.7	0
1333.08	0
1333.45	0
1333.83	0
1334.2	0
1334.58	0
1334.96	0
1335.33	0
1335.71	0
1336.08	0
1336.46	0
1336.84	0
1337.21	0
1337.59	0
1337.96	0
1338.34	0
1338.72	0
1339.09	2
1339.47	0
1339.84	0
1340.22	0
1340.6	0
1340.97	0
1341.35	0
1341.72	0
1342.1	0
1342.47	0
1342.85	0
1343.23	0
1343.6	0
1343.98	3
1344.35	0
1344.73	0
1345.1	0
1345.48	0
1345.85	0
1346.23	0
1346.61	0
1346.98	0
1347.36	0
1347.73	0
1348.11	0
1348.48	0
1348.86	0
1349.23	0
1349.61	0
1349.98	0
1350.36	0
1350.73	0
1351.11	0
1351.48	0
1351.86	0
1352.23	0
1352.61	0
1352.98	0
1353.36	0
1353.73	0
1354.11	0
1354.48	0
1354.86	0
1355.23	3
1355.61	0
1355.98	0
1356.36	0
1356.73	0
1357.11	0
1357.48	0
1357.86	0
1358.23	0
1358.61	0
1358.98	0
1359.35	0
1359.73	0
1360.1	0
1360.48	0
1360.85	0
1361.23	0
1361.6	0
1361.98	0
1362.35	0
1362.72	0
1363.1	0
1363.47	0
1363.85	0
1364.22	0
1364.6	0
1364.97	0
1365.34	0
1365.72	0
1366.09	0
1366.47	0
1366.84	0
1367.22	0
1367.59	0
1367.96	0
1368.34	0
1368.71	0
1369.09	0
1369.46	0
1369.83	0
1370.21	0
1370.58	-3
1370.96	0
1371.33	0
1371.7	0
1372.08	0
1372.45	0
1372.82	0
1373.2	0
1373.57	0
1373.95	0
1374.32	0
1374.69	0
1375.07	0
1375.44	0
1375.81	0
1376.19	3
1376.56	0
1376.93	0
1377.31	0
1377.68	0
1378.05	0
1378.43	0
1378.8	0
1379.17	0
1379.55	0
1379.92	0
1380.29	0
1380.67	0
1381.04	0
1381.41	0
1381.79	0
1382.16	0
1382.53	0
1382.91	0
1383.28	0
1383.65	0
1384.03	0
1384.4	0
1384.77	0
1385.14	0
1385.52	0
1385.89	0
1386.26	0
1386.64	0
1387.01	0
1387.38	0
1387.75	0
1388.13	0
1388.5	0
1388.87	0
1389.25	-4
1389.62	0
1389.99	0
1390.36	0
1390.74	0
1391.11	0
1391.48	0
1391.85	0
1392.23	0
1392.6	0
1392.97	0
1393.34	0
1393.72	0
1394.09	0
1394.46	-4
1394.83	0
1395.21	0
1395.58	0
1395.95	0
1396.32	0
1396.69	0
1397.07	0
1397.44	0
1397.81	0
1398.18	0
1398.55	0
1398.93	0
1399.3	0
1399.67	0
1400.04	0
1400.41	0
1400.79	0
1401.16	0
1401.53	0
1401.9	0
1402.27	0
1402.65	0
1403.02	0
1403.39	0
1403.76	0
1404.13	0
1404.51	0
1404.88	0
1405.25	0
1405.62	2
1405.99	0
1406.36	0
1406.74	0
1407.11	0
1407.48	0
1407.85	0
1408.22	0
1408.59	0
1408.96	0
1409.34	0
1409.71	0
1410.08	0
1410.45	0
1410.82	0
1411.19	-2
1411.56	0
1411.93	0
1412.31	0
1412.68	0
1413.05	0
1413.42	0
1413.79	0
1414.16	0
1414.53	0
1414.9	0
1415.27	0
1415.65	0
1416.02	0
1416.39	0
1416.76	0
1417.13	0
1417.5	0
1417.87	0
1418.24	0
1418.61	0
1418.98	0
1419.35	0
1419.73	0
1420.1	0
1420.47	0
1420.84	0
1421.21	0
1421.58	0
1421.95	0
1422.32	0
1422.69	0
1423.06	0
1423.43	0
1423.8	0
1424.17	0
1424.54	0
1424.91	0
1425.28	0
1425.65	0
1426.02	0
1426.39	0
1426.76	0
1427.14	0
1427.51	0
1427.88	0
1428.25	0
1428.62	0
1428.99	0
1429.36	0
1429.73	0
1430.1	0
1430.47	0
1430.84	0
1431.21	0
1431.58	0
1431.95	0
1432.32	0
1432.69	0
1433.06	-6
1433.43	0
1433.8	0
1434.17	0
1434.54	0
1434.91	0
1435.28	0
1435.64	0
1436.01	0
1436.38	0
1436.75	0
1437.12	0
1437.49	0
1437.86	0
1438.23	0
1438.6	-3
1438.97	0
1439.34	0
1439.71	0
1440.08	0
1440.45	0
1440.82	0
1441.19	0
1441.56	0
1441.93	0
1442.3	0
1442.67	0
1443.03	0
1443.4	0
1443.77	0
1444.14	0
1444.51	0
1444.88	0
1445.25	0
1445.62	0
1445.99	0
1446.36	0
1446.73	0
1447.09	1
1447.46	0
1447.83	0
1448.2	0
1448.57	0
1448.94	0
1449.31	0
1449.68	0
1450.05	0
1450.41	0
1450.78	0
1451.15	0
1451.52	0
1451.89	0
1452.26	0
1452.63	0
1453	0
1453.36	0
1453.73	0
1454.1	0
1454.47	0
1454.84	0
1455.21	0
1455.57	0
1455.94	0
1456.31	0
1456.68	0
1457.05	1
1457.42	0
1457.78	0
1458.15	0
1458.52	0
1458.89	0
1459.26	0
1459.63	0
1459.99	0
1460.36	0
1460.73	0
1461.1	0
1461.47	0
1461.83	0
1462.2	0
1462.57	0
1462.94	0
1463.31	0
1463.67	0
1464.04	0
1464.41	0
1464.78	0
1465.15	0
1465.51	0
1465.88	0
1466.25	0
1466.62	0
1466.98	0
1467.35	0
1467.72	0
1468.09	0
1468.46	0
1468.82	0
1469.19	0
1469.56	0
1469.93	0
1470.29	0
1470.66	0
1471.03	0
1471.4	0
1471.76	0
1472.13	0
1472.5	0
1472.86	4
1473.23	0
1473.6	0
1473.97	0
1474.33	0
1474.7	0
1475.07	-1
1475.44	0
1475.8	0
1476.17	0
1476.54	0
1476.9	0
1477.27	0
1477.64	11
1478	0
1478.37	0
1478.74	0
1479.11	0
1479.47	0
1479.84	0
1480.21	-1
1480.57	0
1480.94	0
1481.31	0
1481.67	0
1482.04	0
1482.41	0
1482.77	0
1483.14	0
1483.51	0
1483.87	0
1484.24	0
1484.61	0
1484.97	0
1485.34	0
1485.71	0
1486.07	0
1486.44	0
1486.81	0
1487.17	0
1487.54	0
1487.9	0
1488.27	0
1488.64	-3
1489	0
1489.37	0
1489.74	0
1490.1	0
1490.47	0
1490.83	0
1491.2	0
1491.57	0
1491.93	0
1492.3	3
1492.66	0
1493.03	-1
1493.4	0
1493.76	0
1494.13	0
1494.49	0
1494.86	0
1495.23	0
1495.59	0
1495.96	0
1496.32	0
1496.69	0
1497.06	0
1497.42	0
1497.79	0
1498.15	0
1498.52	0
1498.88	0
1499.25	0
1499.62	0
1499.98	0
1500.35	0
1500.71	0
1501.08	0
1501.44	0
1501.81	0
1502.17	0
1502.54	0
1502.9	0
1503.27	0
1503.64	0
1504	0
1504.37	0
1504.73	0
1505.1	0
1505.46	0
1505.83	0
1506.19	0
1506.56	0
1506.92	0
1507.29	0
1507.65	0
1508.02	0
1508.38	0
1508.75	0
1509.11	0
1509.48	0
1509.84	0
1510.21	0
1510.57	0
1510.94	0
1511.3	0
1511.67	0
1512.03	0
1512.4	0
1512.76	0
1513.13	0
1513.49	0
1513.85	0
1514.22	0
1514.58	0
1514.95	0
1515.31	0
1515.68	0
1516.04	0
1516.41	0
1516.77	0
1517.14	9
1517.5	0
1517.86	0
1518.23	-4
1518.59	0
1518.96	0
1519.32	0
1519.69	0
1520.05	-8
1520.41	0
1520.78	0
1521.14	0
1521.51	-4
1521.87	0
1522.24	0
1522.6	0
1522.96	0
1523.33	0
1523.69	0
1524.06	0
1524.42	0
1524.78	0
1525.15	0
1525.51	0
1525.88	0
1526.24	0
1526.6	0
1526.97	0
1527.33	0
1527.69	0
1528.06	0
1528.42	0
1528.79	0
1529.15	0
1529.51	0
1529.88	0
1530.24	0
1530.6	0
1530.97	0
1531.33	0
1531.69	0
1532.06	0
1532.42	0
1532.78	0
1533.15	0
1533.51	0
1533.87	0
1534.24	0
1534.6	0
1534.96	0
1535.33	0
1535.69	-2
1536.05	0
1536.42	4
1536.78	0
1537.14	0
1537.51	0
1537.87	0
1538.23	1
1538.6	0
1538.96	0
1539.32	0
1539.68	0
1540.05	0
1540.41	0
1540.77	0
1541.14	0
1541.5	0
1541.86	0
1542.23	0
1542.59	0
1542.95	0
1543.31	0
1543.68	0
1544.04	-3
1544.4	0
1544.76	0
1545.13	0
1545.49	0
1545.85	0
1546.21	0
1546.58	0
1546.94	0
1547.3	3
1547.66	0
1548.03	0
1548.39	0
1548.75	0
1549.11	0
1549.48	0
1549.84	0
1550.2	0
1550.56	0
1550.93	0
1551.29	0
1551.65	0
1552.01	0
1552.37	0
1552.74	0
1553.1	0
1553.46	0
1553.82	0
1554.18	0
1554.55	0
1554.91	0
1555.27	0
1555.63	0
1555.99	0
1556.36	0
1556.72	0
1557.08	0
1557.44	0
1557.8	0
1558.17	0
1558.53	0
1558.89	0
1559.25	0
1559.61	0
1559.97	0
1560.34	0
1560.7	0
1561.06	0
1561.42	0
1561.78	0
1562.14	0
1562.5	0
1562.87	0
1563.23	0
1563.59	0
1563.95	0
1564.31	0
1564.67	-2
1565.03	0
1565.4	-4
1565.76	0
1566.12	0
1566.48	0
1566.84	0
1567.2	0
1567.56	-1
1567.92	0
1568.29	0
1568.65	0
1569.01	0
1569.37	0
1569.73	0
1570.09	0
1570.45	0
1570.81	4
1571.17	0
1571.53	0
1571.89	0
1572.26	0
1572.62	8
1572.98	0
1573.34	0
1573.7	0
1574.06	0
1574.42	0
1574.78	0
1575.14	0
1575.5	8
1575.86	0
1576.22	4
1576.58	0
1576.94	0
1577.3	0
1577.67	0
1578.03	0
1578.39	0
1578.75	1
1579.11	0
1579.47	0
1579.83	0
1580.19	0
1580.55	0
1580.91	0
1581.27	0
1581.63	0
1581.99	0
1582.35	0
1582.71	0
1583.07	0
1583.43	0
1583.79	0
1584.15	0
1584.51	0
1584.87	0
1585.23	0
1585.59	0
1585.95	0
1586.31	0
1586.67	0
1587.03	0
1587.39	0
1587.75	0
1588.11	0
1588.47	0
1588.83	0
1589.19	-3
1589.55	0
1589.91	0
1590.27	0
1590.63	0
1590.99	0
1591.35	0
1591.71	0
1592.07	0
1592.42	0
1592.78	0
1593.14	0
1593.5	0
1593.86	0
1594.22	0
1594.58	0
1594.94	0
1595.3	0
1595.66	0
1596.02	0
1596.38	0
1596.74	14
1597.1	0
1597.46	0
1597.81	0
1598.17	0
1598.53	0
1598.89	1
1599.25	0
1599.61	0
1599.97	2
1600.33	0
1600.69	0
1601.05	0
1601.4	0
1601.76	0
1602.12	0
1602.48	0
1602.84	0
1603.2	0
1603.56	0
1603.92	0
1604.28	0
1604.63	0
1604.99	0
1605.35	0
1605.71	0
1606.07	0
1606.43	0
1606.79	0
1607.14	0
1607.5	0
1607.86	0
1608.22	0
1608.58	0
1608.94	0
1609.29	0
1609.65	0
1610.01	0
1610.37	0
1610.73	0
1611.09	0
1611.44	0
1611.8	0
1612.16	0
1612.52	0
1612.88	0
1613.24	0
1613.59	0
1613.95	0
1614.31	0
1614.67	0
1615.03	0
1615.38	0
1615.74	0
1616.1	0
1616.46	0
1616.82	0
1617.17	0
1617.53	6
1617.89	0
1618.25	0
1618.6	0
1618.96	0
1619.32	0
1619.68	0
1620.04	0
1620.39	0
1620.75	0
1621.11	0
1621.47	0
1621.82	0
1622.18	0
1622.54	0
1622.9	0
1623.25	0
1623.61	0
1623.97	0
1624.33	0
1624.68	0
1625.04	0
1625.4	0
1625.75	0
1626.11	0
1626.47	0
1626.83	0
1627.18	0
1627.54	4
1627.9	0
1628.26	0
1628.61	0
1628.97	6
1629.33	3
1629.68	0
1630.04	0
1630.4	0
1630.75	0
1631.11	0
1631.47	0
1631.83	0
1632.18	5
1632.54	0
1632.9	0
1633.25	0
1633.61	0
1633.97	0
1634.32	0
1634.68	6
1635.04	0
1635.39	0
1635.75	0
1636.11	0
1636.46	2
1636.82	0
1637.18	0
1637.53	0
1637.89	15
1638.25	11
1638.6	0
1638.96	8
1639.31	27
1639.67	0
1640.03	1
1640.38	11
1640.74	2
1641.1	18
1641.45	12
1641.81	4
1642.16	0
1642.52	19
1642.88	30
1643.23	16
1643.59	7
1643.95	9
1644.3	19
1644.66	24
1645.01	13
1645.37	15
1645.73	25
1646.08	20
1646.44	38
1646.79	24
1647.15	51
1647.51	28
1647.86	27
1648.22	34
1648.57	44
1648.93	36
1649.28	47
1649.64	62
1650	40
1650.35	41
1650.71	43
1651.06	39
1651.42	29
1651.77	63
1652.13	46
1652.48	48
1652.84	67
1653.2	51
1653.55	46
1653.91	42
1654.26	37
1654.62	46
1654.97	49
1655.33	45
1655.68	19
1656.04	31
1656.39	36
1656.75	32
1657.1	44
1657.46	36
1657.81	41
1658.17	24
1658.52	30
1658.88	19
1659.23	31
1659.59	12
1659.94	0
1660.3	25
1660.65	27
1661.01	13
1661.36	25
1661.72	27
1662.07	20
1662.43	9
1662.78	9
1663.14	2
1663.49	2
1663.85	3
1664.2	13
1664.56	11
1664.91	4
1665.27	0
1665.62	0
1665.98	9
1666.33	0
1666.69	0
1667.04	0
1667.39	0
1667.75	0
1668.1	5
1668.46	2
1668.81	0
1669.17	0
1669.52	0
1669.88	0
1670.23	0
1670.58	4
1670.94	0
1671.29	0
1671.65	0
1672	6
1672.36	0
1672.71	0
1673.06	0
1673.42	0
1673.77	0
1674.13	6
1674.48	0
1674.83	25
1675.19	6
1675.54	0
1675.9	0
1676.25	31
1676.6	23
1676.96	24
1677.31	39
1677.67	29
1678.02	15
1678.37	9
1678.73	53
1679.08	26
1679.43	44
1679.79	54
1680.14	60
1680.5	68
1680.85	61
1681.2	68
1681.56	74
1681.91	91
1682.26	107
1682.62	79
1682.97	96
1683.32	83
1683.68	105
1684.03	142
1684.38	111
1684.74	130
1685.09	144
1685.44	142
1685.8	146
1686.15	146
1686.5	146
1686.86	159
1687.21	155
1687.56	146
1687.92	163
1688.27	187
1688.62	170
1688.98	200
1689.33	200
1689.68	222
1690.03	203
1690.39	223
1690.74	221
1691.09	226
1691.45	232
1691.8	232
1692.15	247
1692.5	242
1692.86	293
1693.21	257
1693.56	269
1693.92	296
1694.27	283
1694.62	275
1694.97	274
1695.33	300
1695.68	295
1696.03	318
1696.38	307
1696.74	297
1697.09	337
1697.44	328
1697.79	324
1698.15	339
1698.5	335
1698.85	334
1699.2	345
1699.56	341
1699.91	324
1700.26	335
1700.61	341
1700.97	320
1701.32	368
1701.67	361
1702.02	374
1702.37	359
1702.73	357
1703.08	383
1703.43	365
1703.78	401
1704.13	389
1704.49	369
1704.84	380
1705.19	380
1705.54	365
1705.89	401
1706.25	384
1706.6	385
1706.95	392
1707.3	409
1707.65	410
1708.01	426
1708.36	393
1708.71	403
1709.06	414
1709.41	380
1709.76	409
1710.12	384
1710.47	393
1710.82	391
1711.17	386
1711.52	385
1711.87	378
1712.23	377
1712.58	388
1712.93	373
1713.28	360
1713.63	372
1713.98	340
1714.33	347
1714.69	386
1715.04	348
1715.39	366
1715.74	353
1716.09	356
1716.44	336
1716.79	363
1717.14	312
1717.5	338
1717.85	325
1718.2	319
1718.55	325
1718.9	328
1719.25	345
1719.6	316
1719.95	290
1720.3	307
1720.65	320
1721.01	290
1721.36	309
1721.71	290
1722.06	285
1722.41	266
1722.76	287
1723.11	275
1723.46	280
1723.81	250
1724.16	278
1724.51	263
1724.86	231
1725.21	239
1725.56	243
1725.92	219
1726.27	233
1726.62	216
1726.97	239
1727.32	205
1727.67	249
1728.02	230
1728.37	202
1728.72	197
1729.07	203
1729.42	203
1729.77	200
1730.12	206
1730.47	180
1730.82	182
1731.17	217
1731.52	192
1731.87	171
1732.22	190
1732.57	181
1732.92	163
1733.27	174
1733.62	164
1733.97	142
1734.32	196
1734.67	195
1735.02	170
1735.37	151
1735.72	184
1736.07	149
1736.42	147
1736.77	144
1737.12	126
1737.47	139
1737.82	144
1738.17	130
1738.52	130
1738.87	109
1739.22	116
1739.57	141
1739.92	114
1740.27	112
1740.62	105
1740.97	123
1741.32	79
1741.67	99
1742.02	92
1742.37	87
1742.72	69
1743.06	84
1743.41	71
1743.76	72
1744.11	72
1744.46	87
1744.81	70
1745.16	66
1745.51	65
1745.86	71
1746.21	56
1746.56	64
1746.91	64
1747.26	59
1747.6	76
1747.95	82
1748.3	72
1748.65	93
1749	70
1749.35	54
1749.7	101
1750.05	92
1750.4	77
1750.75	90
1751.09	79
1751.44	105
1751.79	79
1752.14	84
1752.49	77
1752.84	110
1753.19	102
1753.54	126
1753.88	105
1754.23	88
1754.58	116
1754.93	134
1755.28	109
1755.63	141
1755.98	134
1756.32	123
1756.67	131
1757.02	155
1757.37	146
1757.72	143
1758.07	150
1758.42	154
1758.76	132
1759.11	150
1759.46	138
1759.81	162
1760.16	212
1760.5	186
1760.85	188
1761.2	217
1761.55	226
1761.9	195
1762.25	218
1762.59	242
1762.94	236
1763.29	231
1763.64	256
1763.99	261
1764.33	279
1764.68	279
1765.03	303
1765.38	297
1765.73	329
1766.07	353
1766.42	327
1766.77	358
1767.12	391
1767.46	375
1767.81	389
1768.16	461
1768.51	453
1768.85	442
1769.2	497
1769.55	520
1769.9	462
1770.25	511
1770.59	567
1770.94	582
1771.29	565
1771.64	600
1771.98	637
1772.33	607
1772.68	701
1773.02	673
1773.37	679
1773.72	823
1774.07	762
1774.41	727
1774.76	875
1775.11	809
1775.46	779
1775.8	875
1776.15	801
1776.5	825
1776.84	904
1777.19	1016
1777.54	953
1777.89	1051
1778.23	1034
1778.58	947
1778.93	1107
1779.27	1094
1779.62	1022
1779.97	1107
1780.31	1227
1780.66	1170
1781.01	1070
1781.35	1191
1781.7	1228
1782.05	1273
1782.39	1292
1782.74	1317
1783.09	1234
1783.43	1299
1783.78	1551
1784.13	1453
1784.47	1419
1784.82	1495
1785.17	1422
1785.51	1289
1785.86	1439
1786.21	1333
1786.55	1633
1786.9	1720
1787.25	1755
1787.59	1627
1787.94	1690
1788.29	1793
1788.63	1661
1788.98	1484
1789.32	1753
1789.67	1913
1790.02	1651
1790.36	1625
1790.71	1556
1791.06	1789
1791.4	2382
1791.75	2317
1792.09	1998
1792.44	2099
1792.79	2416
1793.13	2336
1793.48	2204
1793.82	2378
1794.17	2371
1794.52	2137
1794.86	2015
1795.21	2129
1795.55	2099
1795.9	1920
1796.24	1585
1796.59	1878
1796.94	3739
1797.28	2897
1797.63	2446
1797.97	2345
1798.32	2313
1798.66	2292
1799.01	2240
1799.36	2777
1799.7	2491
1800.05	2121
1800.39	2632
1800.74	2402
1801.08	2055
1801.43	3479
1801.77	2895
1802.12	2549
1802.46	2388
1802.81	2837
1803.15	2623
1803.5	2408
1803.85	2292
1804.19	2156
1804.54	1942
1804.88	2894
1805.23	2498
1805.57	2024
1805.92	2787
1806.26	3337
1806.61	2819
1806.95	2316
1807.3	2301
1807.64	3547
1807.99	3342
1808.33	2734
1808.68	2284
1809.02	2037
1809.37	2558
1809.71	3692
1810.06	3236
1810.4	2813
1810.75	2099
1811.09	2146
1811.43	2655
1811.78	4147
1812.12	3577
1812.47	3334
1812.81	2790
1813.16	2973
1813.5	2667
1813.85	2624
1814.19	2735
1814.54	2391
1814.88	2330
1815.23	2326
1815.57	1890
1815.91	1836
1816.26	1689
1816.6	1855
1816.95	4084
1817.29	2955
1817.64	2155
1817.98	3286
1818.32	2965
1818.67	3459
1819.01	2927
1819.36	2518
1819.7	2618
1820.05	2242
1820.39	2165
1820.73	2621
1821.08	2151
1821.42	2256
1821.77	1976
1822.11	1946
1822.45	1918
1822.8	1414
1823.14	1622
1823.49	2025
1823.83	1557
1824.17	1804
1824.52	3167
1824.86	2776
1825.2	2283
1825.55	1897
1825.89	1960
1826.24	1644
1826.58	1421
1826.92	1273
1827.27	2453
1827.61	2200
1827.95	2085
1828.3	1772
1828.64	1725
1828.98	1528
1829.33	1317
1829.67	1199
1830.02	961
1830.36	2472
1830.7	2072
1831.05	1615
1831.39	1993
1831.73	1806
1832.08	1501
1832.42	1545
1832.76	1435
1833.1	1215
1833.45	1331
1833.79	1124
1834.13	1068
1834.48	1060
1834.82	1155
1835.16	1194
1835.51	1230
1835.85	1030
1836.19	1067
1836.54	967
1836.88	772
1837.22	828
1837.56	600
1837.91	535
1838.25	744
1838.59	944
1838.94	1409
1839.28	1127
1839.62	842
1839.96	789
1840.31	854
1840.65	965
1840.99	615
1841.34	408
1841.68	643
1842.02	1420
1842.36	1239
1842.71	1059
1843.05	794
1843.39	637
1843.73	315
1844.08	977
1844.42	1509
1844.76	928
1845.1	1224
1845.45	849
1845.79	715
1846.13	587
1846.47	714
1846.81	834
1847.16	595
1847.5	427
1847.84	387
1848.18	1024
1848.53	871
1848.87	721
1849.21	535
1849.55	557
1849.89	547
1850.24	394
1850.58	419
1850.92	406
1851.26	329
1851.6	354
1851.95	293
1852.29	365
1852.63	345
1852.97	289
1853.31	383
1853.66	290
1854	226
1854.34	249
1854.68	199
1855.02	320
1855.36	474
1855.71	303
1856.05	255
1856.39	310
1856.73	243
1857.07	376
1857.41	402
1857.76	257
1858.1	306
1858.44	301
1858.78	343
1859.12	408
1859.46	306
1859.8	294
1860.15	363
1860.49	283
1860.83	416
1861.17	397
1861.51	417
1861.85	432
1862.19	410
1862.53	408
1862.88	464
1863.22	452
1863.56	410
1863.9	528
1864.24	510
1864.58	472
1864.92	688
1865.26	710
1865.6	593
1865.94	595
1866.29	722
1866.63	618
1866.97	645
1867.31	733
1867.65	730
1867.99	648
1868.33	737
1868.67	811
1869.01	777
1869.35	812
1869.69	623
1870.03	547
1870.37	861
1870.72	648
1871.06	813
1871.4	977
1871.74	1006
1872.08	996
1872.42	1136
1872.76	850
1873.1	811
1873.44	1155
1873.78	1132
1874.12	1116
1874.46	1202
1874.8	1112
1875.14	811
1875.48	1083
1875.82	1204
1876.16	1292
1876.5	1030
1876.84	1264
1877.18	1552
1877.52	1492
1877.86	1423
1878.2	1581
1878.54	1450
1878.88	1539
1879.22	1671
1879.56	1569
1879.9	1699
1880.24	1522
1880.58	1629
1880.92	1736
1881.26	1352
1881.6	1692
1881.94	1847
1882.28	1744
1882.62	1959
1882.96	1560
1883.3	1451
1883.64	1704
1883.98	1799
1884.32	2059
1884.66	1866
1885	2060
1885.34	2043
1885.68	1956
1886.02	1938
1886.36	1898
1886.7	2183
1887.04	2103
1887.38	2212
1887.72	2248
1888.06	2088
1888.39	2275
1888.73	2075
1889.07	2324
1889.41	2040
1889.75	1837
1890.09	1926
1890.43	2092
1890.77	1410
1891.11	1688
1891.45	2253
1891.79	2229
1892.13	2385
1892.47	2238
1892.8	2359
1893.14	2273
1893.48	2310
1893.82	2410
1894.16	2092
1894.5	2102
1894.84	2188
1895.18	2304
1895.52	2409
1895.86	2061
1896.19	2344
1896.53	2183
1896.87	2334
1897.21	2243
1897.55	2038
1897.89	2296
1898.23	2146
1898.57	2149
1898.9	1884
1899.24	1963
1899.58	2309
1899.92	2077
1900.26	2070
1900.6	2064
1900.94	2107
1901.27	2115
1901.61	2126
1901.95	2241
1902.29	1994
1902.63	2236
1902.97	2117
1903.3	1995
1903.64	1985
1903.98	2021
1904.32	1950
1904.66	1830
1905	2109
1905.33	1973
1905.67	2234
1906.01	1981
1906.35	2063
1906.69	1951
1907.02	1962
1907.36	1638
1907.7	1611
1908.04	1759
1908.38	1643
1908.71	1942
1909.05	1826
1909.39	2019
1909.73	1693
1910.07	1642
1910.4	1802
1910.74	1432
1911.08	1629
1911.42	1447
1911.76	1588
1912.09	1425
1912.43	1636
1912.77	1529
1913.11	1494
1913.44	1578
1913.78	1348
1914.12	1415
1914.46	1318
1914.79	1252
1915.13	1204
1915.47	1076
1915.81	1153
1916.14	1079
1916.48	1136
1916.82	1300
1917.16	1131
1917.49	1155
1917.83	1078
1918.17	904
1918.5	877
1918.84	630
1919.18	876
1919.52	671
1919.85	765
1920.19	904
1920.53	843
1920.87	932
1921.2	752
1921.54	766
1921.88	652
1922.21	543
1922.55	625
1922.89	565
1923.22	577
1923.56	471
1923.9	461
1924.23	635
1924.57	527
1924.91	622
1925.25	601
1925.58	494
1925.92	423
1926.26	354
1926.59	355
1926.93	275
1927.27	277
1927.6	320
1927.94	408
1928.28	421
1928.61	306
1928.95	315
1929.29	224
1929.62	265
1929.96	242
1930.29	162
1930.63	192
1930.97	156
1931.3	163
1931.64	139
1931.98	142
1932.31	153
1932.65	121
1932.99	102
1933.32	104
1933.66	89
1933.99	77
1934.33	83
1934.67	26
1935	79
1935.34	63
1935.67	34
1936.01	81
1936.35	57
1936.68	73
1937.02	61
1937.35	59
1937.69	84
1938.03	86
1938.36	75
1938.7	63
1939.03	73
1939.37	77
1939.7	45
1940.04	38
1940.38	86
1940.71	72
1941.05	124
1941.38	111
1941.72	167
1942.05	190
1942.39	177
1942.73	154
1943.06	147
1943.4	87
1943.73	125
1944.07	100
1944.4	168
1944.74	208
1945.07	190
1945.41	219
1945.74	165
1946.08	264
1946.42	193
1946.75	223
1947.09	205
1947.42	163
1947.76	205
1948.09	215
1948.43	244
1948.76	248
1949.1	307
1949.43	290
1949.77	310
1950.1	319
1950.44	283
1950.77	350
1951.11	266
1951.44	273
1951.78	315
1952.11	334
1952.45	336
1952.78	420
1953.12	379
1953.45	371
1953.79	400
1954.12	399
1954.46	422
1954.79	374
1955.12	380
1955.46	394
1955.79	428
1956.13	358
1956.46	441
1956.8	391
1957.13	440
1957.47	407
1957.8	445
1958.14	404
1958.47	446
1958.8	398
1959.14	469
1959.47	415
1959.81	470
1960.14	463
1960.48	444
1960.81	452
1961.14	442
1961.48	450
1961.81	413
1962.15	488
1962.48	433
1962.82	500
1963.15	412
1963.48	453
1963.82	438
1964.15	450
1964.49	436
1964.82	438
1965.15	429
1965.49	424
1965.82	432
1966.16	398
1966.49	439
1966.82	415
1967.16	414
1967.49	416
1967.83	409
1968.16	335
1968.49	393
1968.83	350
1969.16	360
1969.49	330
1969.83	366
1970.16	366
1970.49	386
1970.83	369
1971.16	409
1971.5	348
1971.83	354
1972.16	330
1972.5	329
1972.83	332
1973.16	304
1973.5	303
1973.83	312
1974.16	340
1974.5	336
1974.83	350
1975.16	270
1975.5	288
1975.83	232
1976.16	263
1976.49	256
1976.83	286
1977.16	246
1977.49	252
1977.83	237
1978.16	279
1978.49	228
1978.83	239
1979.16	191
1979.49	216
1979.83	199
1980.16	192
1980.49	167
1980.82	230
1981.16	174
1981.49	184
1981.82	241
1982.15	216
1982.49	201
1982.82	132
1983.15	156
1983.49	181
1983.82	150
1984.15	123
1984.48	142
1984.82	151
1985.15	127
1985.48	137
1985.81	137
1986.15	111
1986.48	114
1986.81	101
1987.14	96
1987.48	81
1987.81	84
1988.14	95
1988.47	116
1988.81	84
1989.14	82
1989.47	83
1989.8	104
1990.13	71
1990.47	89
1990.8	77
1991.13	79
1991.46	84
1991.79	28
1992.13	50
1992.46	35
1992.79	56
1993.12	53
1993.45	55
1993.79	35
1994.12	62
1994.45	42
1994.78	21
1995.11	25
1995.45	37
1995.78	13
1996.11	30
1996.44	25
1996.77	7
1997.1	25
1997.44	14
1997.77	10
1998.1	0
1998.43	26
1998.76	14
1999.09	28
1999.43	0
1999.76	3
2000.09	4
2000.42	0
2000.75	3
2001.08	8
2001.41	0
2001.75	27
2002.08	3
2002.41	5
2002.74	0
2003.07	25
2003.4	14
2003.73	0
2004.06	11
2004.4	10
2004.73	3
2005.06	2
2005.39	6
2005.72	0
2006.05	12
2006.38	0
2006.71	-2
2007.04	17
2007.37	0
2007.71	32
2008.04	9
2008.37	0
2008.7	15
2009.03	2
2009.36	7
2009.69	8
2010.02	3
2010.35	8
2010.68	5
2011.01	0
2011.34	15
2011.67	25
2012.01	0
2012.34	2
2012.67	11
2013	3
2013.33	0
2013.66	0
2013.99	0
2014.32	0
2014.65	0
2014.98	0
2015.31	17
2015.64	0
2015.97	1
2016.3	6
2016.63	0
2016.96	0
2017.29	2
2017.62	7
2017.95	0
2018.28	0
2018.61	0
2018.94	-5
2019.27	0
2019.6	0
2019.93	0
2020.26	0
2020.59	0
2020.92	0
2021.25	12
2021.58	11
2021.91	8
2022.24	7
2022.57	17
2022.9	0
2023.23	2
2023.56	12
2023.89	17
2024.22	2
2024.55	0
2024.88	0
2025.21	23
2025.54	22
2025.87	25
2026.2	21
2026.53	4
2026.86	22
2027.19	3
2027.52	6
2027.85	20
2028.18	45
2028.51	23
2028.84	27
2029.16	23
2029.49	0
2029.82	17
2030.15	26
2030.48	0
2030.81	13
2031.14	31
2031.47	0
2031.8	21
2032.13	32
2032.46	14
2032.79	0
2033.12	6
2033.44	13
2033.77	9
2034.1	0
2034.43	22
2034.76	0
2035.09	24
2035.42	0
2035.75	8
2036.08	17
2036.41	0
2036.73	0
2037.06	0
2037.39	0
2037.72	0
2038.05	0
2038.38	0
2038.71	19
2039.04	9
2039.36	0
2039.69	0
2040.02	3
2040.35	12
2040.68	8
2041.01	7
2041.34	0
2041.66	0
2041.99	1
2042.32	0
2042.65	0
2042.98	0
2043.31	0
2043.63	0
2043.96	0
2044.29	0
2044.62	0
2044.95	0
2045.28	-1
2045.6	0
2045.93	0
2046.26	0
2046.59	0
2046.92	0
2047.24	0
2047.57	0
2047.9	0
2048.23	4
2048.56	0
2048.88	0
2049.21	0
2049.54	0
2049.87	0
2050.2	0
2050.52	0
2050.85	0
2051.18	0
2051.51	0
2051.83	0
2052.16	0
2052.49	0
2052.82	0
2053.15	2
2053.47	0
2053.8	0
2054.13	0
2054.46	0
2054.78	0
2055.11	0
2055.44	-1
2055.77	0
2056.09	0
2056.42	0
2056.75	1
2057.08	0
2057.4	0
2057.73	0
2058.06	18
2058.38	0
2058.71	0
2059.04	0
2059.37	0
2059.69	0
2060.02	-1
2060.35	6
2060.67	0
2061	0
2061.33	0
2061.66	0
2061.98	0
2062.31	0
2062.64	0
2062.96	6
2063.29	0
2063.62	0
2063.94	0
2064.27	0
2064.6	0
2064.92	0
2065.25	16
2065.58	0
2065.91	0
2066.23	0
2066.56	0
2066.89	6
2067.21	0
2067.54	0
2067.87	0
2068.19	0
2068.52	0
2068.84	0
2069.17	0
2069.5	1
2069.82	0
2070.15	0
2070.48	0
2070.8	0
2071.13	0
2071.46	0
2071.78	0
2072.11	0
2072.43	2
2072.76	0
2073.09	0
2073.41	4
2073.74	0
2074.07	0
2074.39	0
2074.72	0
2075.04	0
2075.37	0
2075.7	0
2076.02	0
2076.35	0
2076.67	0
2077	0
2077.33	0
2077.65	0
2077.98	0
2078.3	0
2078.63	0
2078.95	0
2079.28	0
2079.61	0
2079.93	0
2080.26	0
2080.58	0
2080.91	0
2081.23	0
2081.56	0
2081.89	0
2082.21	0
2082.54	0
2082.86	0
2083.19	0
2083.51	0
2083.84	0
2084.16	0
2084.49	0
2084.81	0
2085.14	0
2085.46	1
2085.79	0
2086.12	0
2086.44	0
2086.77	0
2087.09	-2
2087.42	0
2087.74	0
2088.07	0
2088.39	0
2088.72	0
2089.04	0
2089.37	0
2089.69	0
2090.02	0
2090.34	0
2090.67	0
2090.99	0
2091.32	0
2091.64	2
2091.97	0
2092.29	0
2092.62	0
2092.94	0
2093.26	0
2093.59	0
2093.91	0
2094.24	0
2094.56	0
2094.89	0
2095.21	0
2095.54	0
2095.86	4
2096.19	0
2096.51	0
2096.84	0
2097.16	0
2097.48	0
2097.81	0
2098.13	0
2098.46	0
2098.78	0
2099.11	0
2099.43	3
2099.75	0
2100.08	0
2100.4	-2
2100.73	0
2101.05	0
2101.38	0
2101.7	0
2102.02	0
2102.35	0
2102.67	0
2103	0
2103.32	0
2103.64	0
2103.97	0
2104.29	0
2104.62	0
2104.94	0
2105.26	0
2105.59	0
2105.91	0
2106.23	0
2106.56	2
2106.88	0
2107.21	0
2107.53	0
2107.85	0
2108.18	0
2108.5	0
2108.82	0
2109.15	0
2109.47	0
2109.79	0
2110.12	0
2110.44	0
2110.76	0
2111.09	0
2111.41	0
2111.73	0
2112.06	0
2112.38	0
2112.7	0
2113.03	0
2113.35	0
2113.67	0
2114	0
2114.32	0
2114.64	0
2114.97	0
2115.29	0
2115.61	1
2115.94	0
2116.26	0
2116.58	0
2116.91	0
2117.23	9
2117.55	0
2117.87	0
2118.2	0
2118.52	0
2118.84	0
2119.17	0
2119.49	0
2119.81	0
2120.13	0
2120.46	0
2120.78	0
2121.1	0
2121.42	0
2121.75	0
2122.07	5
2122.39	0
2122.72	0
2123.04	0
2123.36	0
2123.68	0
2124.01	0
2124.33	0
2124.65	0
2124.97	0
2125.29	0
2125.62	0
2125.94	0
2126.26	0
2126.58	0
2126.91	0
2127.23	0
2127.55	0
2127.87	0
2128.2	0
2128.52	0
2128.84	0
2129.16	4
2129.48	0
2129.81	0
2130.13	0
2130.45	0
2130.77	0
2131.09	0
2131.42	0
2131.74	0
2132.06	0
2132.38	0
2132.7	0
2133.02	0
2133.35	0
2133.67	0
2133.99	0
2134.31	0
2134.63	0
2134.96	1
2135.28	0
2135.6	0
2135.92	0
2136.24	0
2136.56	0
2136.88	0
2137.21	0
2137.53	0
2137.85	0
2138.17	0
2138.49	0
2138.81	0
2139.13	0
2139.46	0
2139.78	0
2140.1	0
2140.42	0
2140.74	0
2141.06	0
2141.38	0
2141.7	0
2142.03	0
2142.35	0
2142.67	0
2142.99	0
2143.31	0
2143.63	0
2143.95	0
2144.27	0
2144.59	0
2144.91	0
2145.24	0
2145.56	0
2145.88	0
2146.2	0
2146.52	4
2146.84	0
2147.16	0
2147.48	0
2147.8	0
2148.12	0
2148.44	0
2148.76	0
2149.08	0
2149.41	0
2149.73	0
2150.05	0
2150.37	0
2150.69	0
2151.01	-20
2151.33	0
2151.65	0
2151.97	0
2152.29	0
2152.61	0
2152.93	0
2153.25	0
2153.57	0
2153.89	0
2154.21	0
2154.53	0
2154.85	0
2155.17	0
2155.49	7
2155.81	0
2156.13	0
2156.45	0
2156.77	0
2157.09	2
2157.41	0
2157.73	0
2158.05	0
2158.37	0
2158.69	0
2159.01	0
2159.33	0
2159.65	0
2159.97	0
2160.29	0
2160.61	0
2160.93	0
2161.25	0
2161.57	0
2161.89	0
2162.21	0
2162.53	0
2162.85	0
2163.17	0
2163.49	0
2163.81	0
2164.13	0
2164.45	0
2164.77	0
2165.08	0
2165.4	0
2165.72	0
2166.04	0
2166.36	0
2166.68	0
2167	0
2167.32	0
2167.64	0
2167.96	0
2168.28	0
2168.6	0
2168.92	0
2169.24	0
2169.55	0
2169.87	0
2170.19	0
2170.51	0
2170.83	0
2171.15	0
2171.47	0
2171.79	0
2172.11	0
2172.43	0
2172.74	0
2173.06	0
2173.38	0
2173.7	0
2174.02	0
2174.34	0
2174.66	0
2174.98	0
2175.29	0
2175.61	0
2175.93	0
2176.25	0
2176.57	2
2176.89	0
2177.21	0
2177.52	0
2177.84	0
2178.16	0
2178.48	0
2178.8	0
2179.12	0
2179.43	0
2179.75	0
2180.07	0
2180.39	0
2180.71	0
2181.03	0
2181.34	0
2181.66	0
2181.98	0
2182.3	0
2182.62	0
2182.93	0
2183.25	0
2183.57	10
2183.89	0
2184.21	0
2184.52	0
2184.84	0
2185.16	6
2185.48	0
2185.8	0
2186.11	0
2186.43	0
2186.75	4
2187.07	0
2187.39	0
2187.7	0
2188.02	0
2188.34	0
2188.66	0
2188.97	0
2189.29	0
2189.61	0
2189.93	0
2190.24	0
2190.56	0
2190.88	0
2191.2	0
2191.51	0
2191.83	0
2192.15	0
2192.47	0
2192.78	0
2193.1	0
2193.42	0
2193.74	0
2194.05	0
2194.37	0
2194.69	0
2195	0
2195.32	0
2195.64	0
2195.96	0
2196.27	0
2196.59	0
2196.91	0
2197.22	0
2197.54	0
2197.86	0
2198.18	0
2198.49	0
2198.81	0
2199.13	0
2199.44	0
2199.76	0
2200.08	0
2200.39	0
2200.71	0
2201.03	0
2201.34	0
2201.66	0
2201.98	0
2202.29	0
2202.61	0
2202.93	0
2203.24	0
2203.56	0
2203.88	0
2204.19	0
2204.51	0
2204.83	0
2205.14	0
2205.46	0
2205.78	0
2206.09	0
2206.41	3
2206.72	0
2207.04	0
2207.36	0
2207.67	0
2207.99	0
2208.31	0
2208.62	0
2208.94	0
2209.25	0
2209.57	0
2209.89	0
2210.2	0
2210.52	0
2210.83	0
2211.15	0
2211.47	0
2211.78	0
2212.1	0
2212.41	0
2212.73	0
2213.05	8
2213.36	0
2213.68	0
2213.99	0
2214.31	0
2214.62	0
2214.94	0
2215.26	0
2215.57	0
2215.89	0
2216.2	0
2216.52	0
2216.83	0
2217.15	0
2217.46	0
2217.78	0
2218.1	0
2218.41	0
2218.73	0
2219.04	0
2219.36	0
2219.67	0
2219.99	0
2220.3	0
2220.62	0
2220.93	0
2221.25	0
2221.56	0
2221.88	0
2222.19	0
2222.51	0
2222.82	0
2223.14	0
2223.45	0
2223.77	0
2224.08	0
2224.4	0
2224.71	0
2225.03	0
2225.34	9
2225.66	0
2225.97	0
2226.29	0
2226.6	0
2226.92	0
2227.23	0
2227.55	0
2227.86	0
2228.18	0
2228.49	-7
2228.81	-6
2229.12	0
2229.44	-1
2229.75	0
2230.07	0
2230.38	0
2230.69	0
2231.01	0
2231.32	10
2231.64	0
2231.95	0
2232.27	0
2232.58	0
2232.9	0
2233.21	0
2233.52	0
2233.84	0
2234.15	0
2234.47	0
2234.78	0
2235.1	0
2235.41	0
2235.72	0
2236.04	0
2236.35	0
2236.67	0
2236.98	0
2237.29	0
2237.61	0
2237.92	0
2238.24	0
2238.55	0
2238.86	-4
2239.18	0
2239.49	0
2239.8	0
2240.12	1
2240.43	0
2240.75	0
2241.06	0
2241.37	0
2241.69	2
2242	0
2242.31	0
2242.63	0
2242.94	0
2243.26	0
2243.57	0
2243.88	0
2244.2	0
2244.51	0
2244.82	0
2245.14	0
2245.45	0
2245.76	0
2246.08	0
2246.39	0
2246.7	0
2247.02	0
2247.33	0
2247.64	0
2247.96	0
2248.27	0
2248.58	0
2248.9	0
2249.21	0
2249.52	0
2249.83	0
2250.15	0
2250.46	0
2250.77	0
2251.09	0
2251.4	0
2251.71	0
2252.03	0
2252.34	0
2252.65	0
2252.96	0
2253.28	0
2253.59	0
2253.9	0
2254.21	0
2254.53	0
2254.84	0
2255.15	0
2255.47	4
2255.78	0
2256.09	0
2256.4	0
2256.72	0
2257.03	0
2257.34	0
2257.65	0
2257.97	6
2258.28	0
2258.59	0
2258.9	0
2259.22	0
2259.53	0
2259.84	0
2260.15	0
2260.46	0
2260.78	0
2261.09	0
2261.4	0
2261.71	0
2262.03	0
2262.34	0
2262.65	0
2262.96	0
2263.27	0
2263.59	0
2263.9	0
2264.21	0
2264.52	0
2264.83	0
2265.15	0
2265.46	0
2265.77	0
2266.08	0
2266.39	0
2266.7	0
2267.02	0
2267.33	0
2267.64	0
2267.95	0
2268.26	0
2268.57	-1
2268.89	0
2269.2	0
2269.51	0
2269.82	0
2270.13	0
2270.44	0
2270.76	0
2271.07	0
2271.38	0
2271.69	0
2272	0
2272.31	0
2272.62	0
2272.93	0
2273.25	0
2273.56	0
2273.87	0
2274.18	0
2274.49	0
2274.8	0
2275.11	0
2275.42	0
2275.74	0
2276.05	0
2276.36	-1
2276.67	0
2276.98	0
2277.29	0
2277.6	-1
2277.91	0
2278.22	0
2278.53	0
2278.85	0
2279.16	0
2279.47	0
2279.78	0
2280.09	0
2280.4	0
2280.71	0
2281.02	0
2281.33	0
2281.64	0
2281.95	0
2282.26	0
2282.57	0
2282.88	0
2283.19	0
2283.5	0
2283.82	0
2284.13	0
2284.44	0
2284.75	0
2285.06	0
2285.37	3
2285.68	0
2285.99	-2
2286.3	0
2286.61	0
2286.92	0
2287.23	0
2287.54	0
2287.85	0
2288.16	0
2288.47	0
2288.78	0
2289.09	0
2289.4	0
2289.71	0
2290.02	0
2290.33	0
2290.64	2
2290.95	0
2291.26	0
2291.57	0
2291.88	0
2292.19	0
2292.5	0
2292.81	0
2293.12	-1
2293.43	0
2293.74	0
2294.05	0
2294.36	0
2294.67	0
2294.98	0
2295.29	0
2295.6	7
2295.91	0
2296.21	0
2296.52	0
2296.83	0
2297.14	0
2297.45	0
2297.76	0
2298.07	0
2298.38	0
2298.69	0
2299	0
2299.31	0
2299.62	-5
2299.93	0
2300.24	0
2300.55	0
2300.85	0
2301.16	0
2301.47	0
2301.78	0
2302.09	0
2302.4	0
2302.71	0
2303.02	0
2303.33	0
2303.64	0
2303.94	0
2304.25	0
2304.56	0
2304.87	0
2305.18	0
2305.49	0
2305.8	0
2306.11	0
2306.42	0
2306.72	0
2307.03	0
2307.34	0
2307.65	0
2307.96	0
2308.27	0
2308.58	0
2308.88	0
2309.19	0
2309.5	0
2309.81	0
2310.12	0
2310.43	0
2310.74	0
2311.04	0
2311.35	0
2311.66	0
2311.97	0
2312.28	0
2312.59	0
2312.89	0
2313.2	0
2313.51	0
2313.82	0
2314.13	0
2314.43	0
2314.74	0
2315.05	0
2315.36	0
2315.67	0
2315.97	0
2316.28	0
2316.59	0
2316.9	0
2317.21	0
2317.51	0
2317.82	0
2318.13	0
2318.44	0
2318.75	0
2319.05	4
2319.36	0
2319.67	0
2319.98	0
2320.28	0
2320.59	0
2320.9	0
2321.21	0
2321.51	0
2321.82	0
2322.13	0
2322.44	0
2322.74	0
2323.05	0
2323.36	0
2323.67	0
2323.97	0
2324.28	0
2324.59	0
2324.9	0
2325.2	0
2325.51	0
2325.82	0
2326.13	0
2326.43	0
2326.74	0
2327.05	0
2327.35	0
2327.66	0
2327.97	0
2328.27	0
2328.58	0
2328.89	0
2329.2	0
2329.5	0
2329.81	0
2330.12	0
2330.42	0
2330.73	0
2331.04	0
2331.34	0
2331.65	0
2331.96	0
2332.26	0
2332.57	0
2332.88	0
2333.18	0
2333.49	0
2333.8	0
2334.1	0
2334.41	0
2334.72	12
2335.02	0
2335.33	-5
2335.64	0
2335.94	0
2336.25	0
2336.56	0
2336.86	0
2337.17	0
2337.48	0
2337.78	0
2338.09	0
2338.39	0
2338.7	-3
2339.01	0
2339.31	0
2339.62	0
2339.93	0
2340.23	0
2340.54	0
2340.84	0
2341.15	0
2341.46	0
2341.76	0
2342.07	0
2342.37	0
2342.68	0
2342.99	3
2343.29	0
2343.6	0
2343.9	0
2344.21	0
2344.51	0
2344.82	0
2345.13	0
2345.43	0
2345.74	0
2346.04	0
2346.35	0
2346.65	0
2346.96	0
2347.27	0
2347.57	0
2347.88	0
2348.18	0
2348.49	0
2348.79	0
2349.1	0
2349.4	0
2349.71	0
2350.01	0
2350.32	0
2350.63	-5
2350.93	0
2351.24	0
2351.54	0
2351.85	0
2352.15	0
2352.46	0
2352.76	0
2353.07	0
2353.37	0
2353.68	0
2353.98	0
2354.29	0
2354.59	0
2354.9	0
2355.2	0
2355.51	0
2355.81	0
2356.12	0
2356.42	0
2356.73	0
2357.03	0
2357.34	0
2357.64	0
2357.95	0
2358.25	0
2358.55	0
2358.86	0
2359.16	0
2359.47	0
2359.77	0
2360.08	0
2360.38	0
2360.69	0
2360.99	0
2361.3	0
2361.6	0
2361.9	0
2362.21	0
2362.51	0
2362.82	0
2363.12	0
2363.43	0
2363.73	0
2364.04	0
2364.34	0
2364.64	0
2364.95	0
2365.25	0
2365.56	0
2365.86	0
2366.16	7
2366.47	0
2366.77	2
2367.08	0
2367.38	0
2367.68	0
2367.99	0
2368.29	6
2368.6	0
2368.9	0
2369.2	0
2369.51	0
2369.81	0
2370.12	0
2370.42	0
2370.72	-10
2371.03	0
2371.33	0
2371.63	0
2371.94	0
2372.24	0
2372.55	0
2372.85	0
2373.15	0
2373.46	0
2373.76	0
2374.06	0
2374.37	0
2374.67	0
2374.97	0
2375.28	0
2375.58	0
2375.88	0
2376.19	0
2376.49	0
2376.79	0
2377.1	0
2377.4	0
2377.7	0
2378.01	0
2378.31	0
2378.61	0
2378.92	0
2379.22	0
2379.52	0
2379.82	0
2380.13	0
2380.43	0
2380.73	0
2381.04	0
2381.34	0
2381.64	0
2381.95	0
2382.25	0
2382.55	1
2382.85	0
2383.16	0
2383.46	0
2383.76	0
2384.06	0
2384.37	0
2384.67	0
2384.97	0
2385.28	0
2385.58	0
2385.88	0
2386.18	0
2386.49	0
2386.79	0
2387.09	0
2387.39	0
2387.69	0
2388	0
2388.3	0
2388.6	0
2388.9	0
2389.21	0
2389.51	0
2389.81	0
2390.11	0
2390.42	0
2390.72	0
2391.02	0
2391.32	0
2391.62	0
2391.93	0
2392.23	0
2392.53	8
2392.83	0
2393.13	0
2393.44	0
2393.74	0
2394.04	0
2394.34	0
2394.64	0
2394.95	0
2395.25	0
2395.55	0
2395.85	0
2396.15	0
2396.45	0
2396.76	0
2397.06	0
2397.36	0
2397.66	0
2397.96	0
2398.26	0
2398.57	0
2398.87	0
2399.17	0
2399.47	0
2399.77	0
2400.07	0
2400.37	0
2400.68	0
2400.98	0
2401.28	0
2401.58	1
2401.88	0
2402.18	0
2402.48	0
2402.79	1
2403.09	0
2403.39	0
2403.69	0
2403.99	0
2404.29	0
2404.59	0
2404.89	0
2405.19	0
2405.5	0
2405.8	0
2406.1	0
2406.4	0
2406.7	0
2407	0
2407.3	0
2407.6	0
2407.9	0
2408.2	0
2408.5	0
2408.8	0
2409.11	0
2409.41	0
2409.71	0
2410.01	0
2410.31	0
2410.61	0
2410.91	0
2411.21	0
2411.51	0
2411.81	0
2412.11	0
2412.41	0
2412.71	0
2413.01	0
2413.31	0
2413.61	0
2413.91	4
2414.21	0
2414.51	0
2414.81	0
2415.12	0
2415.42	0
2415.72	0
2416.02	0
2416.32	0
2416.62	0
2416.92	0
2417.22	0
2417.52	0
2417.82	-2
2418.12	0
2418.42	0
2418.72	0
2419.02	0
2419.32	0
2419.62	0
2419.92	0
2420.22	0
2420.52	0
2420.82	0
2421.12	0
2421.42	0
2421.71	0
2422.01	0
2422.31	0
2422.61	0
2422.91	0
2423.21	0
2423.51	0
2423.81	0
2424.11	0
2424.41	3
2424.71	0
2425.01	0
2425.31	0
2425.61	0
2425.91	0
2426.21	0
2426.51	0
2426.81	3
2427.11	0
2427.41	0
2427.7	0
2428	0
2428.3	0
2428.6	0
2428.9	0
2429.2	0
2429.5	0
2429.8	0
2430.1	0
2430.4	0
2430.7	0
2430.99	0
2431.29	0
2431.59	0
2431.89	0
2432.19	0
2432.49	0
2432.79	0
2433.09	0
2433.39	0
2433.68	0
2433.98	0
2434.28	0
2434.58	0
2434.88	0
2435.18	0
2435.48	0
2435.78	0
2436.07	0
2436.37	0
2436.67	0
2436.97	0
2437.27	0
2437.57	0
2437.86	0
2438.16	0
2438.46	12
2438.76	0
2439.06	0
2439.36	0
2439.66	0
2439.95	0
2440.25	0
2440.55	0
2440.85	0
2441.15	0
2441.44	0
2441.74	0
2442.04	5
2442.34	-1
2442.64	0
2442.93	0
2443.23	0
2443.53	12
2443.83	0
2444.13	0
2444.42	0
2444.72	0
2445.02	0
2445.32	0
2445.62	0
2445.91	0
2446.21	0
2446.51	0
2446.81	0
2447.1	0
2447.4	0
2447.7	0
2448	0
2448.3	0
2448.59	0
2448.89	0
2449.19	0
2449.49	0
2449.78	0
2450.08	0
2450.38	-1
2450.68	0
2450.97	0
2451.27	0
2451.57	0
2451.87	0
2452.16	0
2452.46	0
2452.76	0
2453.05	2
2453.35	0
2453.65	0
2453.95	0
2454.24	0
2454.54	0
2454.84	0
2455.13	0
2455.43	0
2455.73	0
2456.03	0
2456.32	0
2456.62	0
2456.92	0
2457.21	0
2457.51	0
2457.81	0
2458.1	0
2458.4	0
2458.7	0
2458.99	0
2459.29	3
2459.59	0
2459.88	0
2460.18	0
2460.48	0
2460.77	0
2461.07	0
2461.37	0
2461.66	0
2461.96	0
2462.26	0
2462.55	0
2462.85	0
2463.15	0
2463.44	0
2463.74	0
2464.04	0
2464.33	0
2464.63	0
2464.92	0
2465.22	-3
2465.52	0
2465.81	0
2466.11	0
2466.41	0
2466.7	0
2467	0
2467.29	0
2467.59	0
2467.89	0
2468.18	0
2468.48	1
2468.77	0
2469.07	0
2469.37	0
2469.66	0
2469.96	0
2470.25	0
2470.55	0
2470.84	0
2471.14	14
2471.44	0
2471.73	0
2472.03	-1
2472.32	0
2472.62	0
2472.91	0
2473.21	0
2473.51	0
2473.8	0
2474.1	0
2474.39	0
2474.69	0
2474.98	0
2475.28	0
2475.57	0
2475.87	0
2476.17	0
2476.46	0
2476.76	0
2477.05	0
2477.35	0
2477.64	0
2477.94	0
2478.23	0
2478.53	0
2478.82	0
2479.12	0
2479.41	0
2479.71	0
2480	0
2480.3	0
2480.59	0
2480.89	0
2481.18	0
2481.48	0
2481.77	0
2482.07	0
2482.36	0
2482.66	0
2482.95	0
2483.25	0
2483.54	0
2483.84	0
2484.13	0
2484.43	1
2484.72	0
2485.02	0
2485.31	0
2485.6	0
2485.9	0
2486.19	0
2486.49	0
2486.78	0
2487.08	0
2487.37	0
2487.67	0
2487.96	0
2488.26	0
2488.55	0
2488.84	0
2489.14	0
2489.43	0
2489.73	0
2490.02	0
2490.32	0
2490.61	0
2490.9	0
2491.2	0
2491.49	0
2491.79	0
2492.08	3
2492.37	0
2492.67	0
2492.96	0
2493.26	0
2493.55	0
2493.84	0
2494.14	0
2494.43	0
2494.73	0
2495.02	0
2495.31	0
2495.61	0
2495.9	0
2496.2	0
2496.49	0
2496.78	0
2497.08	0
2497.37	0
2497.66	0
2497.96	0
2498.25	0
2498.54	0
2498.84	0
2499.13	0
2499.43	0
2499.72	0
2500.01	0
2500.31	0
2500.6	0
2500.89	0
2501.19	0
2501.48	0
2501.77	0
2502.07	0
2502.36	0
2502.65	0
2502.95	0
2503.24	0
2503.53	0
2503.82	0
2504.12	0
2504.41	0
2504.7	0
2505	0
2505.29	0
2505.58	0
2505.88	0
2506.17	0
2506.46	0
2506.76	0
2507.05	0
2507.34	0
2507.63	0
2507.93	0
2508.22	0
2508.51	0
2508.8	0
2509.1	0
2509.39	0
2509.68	0
2509.98	0
2510.27	0
2510.56	0
2510.85	0
2511.15	0
2511.44	0
2511.73	0
2512.02	0
2512.32	0
2512.61	0
2512.9	0
2513.19	0
2513.49	0
2513.78	0
2514.07	0
2514.36	0
2514.65	0
2514.95	0
2515.24	0
2515.53	0
2515.82	0
2516.12	0
2516.41	0
2516.7	0
2516.99	0
2517.28	0
2517.58	0
2517.87	0
2518.16	0
2518.45	0
2518.74	0
2519.04	0
2519.33	0
2519.62	0
2519.91	0
2520.2	0
2520.5	0
2520.79	0
2521.08	0
2521.37	11
2521.66	0
2521.95	0
2522.25	0
2522.54	0
2522.83	0
2523.12	0
2523.41	0
2523.7	0
2523.99	0
2524.29	0
2524.58	0
2524.87	0
2525.16	3
2525.45	0
2525.74	0
2526.03	0
2526.33	0
2526.62	0
2526.91	0
2527.2	0
2527.49	0
2527.78	0
2528.07	3
2528.36	0
2528.66	0
2528.95	0
2529.24	0
2529.53	0
2529.82	0
2530.11	0
2530.4	0
2530.69	0
2530.98	0
2531.27	0
2531.57	0
2531.86	0
2532.15	0
2532.44	0
2532.73	0
2533.02	0
2533.31	0
2533.6	0
2533.89	0
2534.18	0
2534.47	0
2534.76	5
2535.05	0
2535.35	0
2535.64	0
2535.93	0
2536.22	0
2536.51	0
2536.8	0
2537.09	0
2537.38	0
2537.67	0
2537.96	0
2538.25	0
2538.54	0
2538.83	0
2539.12	0
2539.41	0
2539.7	0
2539.99	0
2540.28	0
2540.57	0
2540.86	0
2541.15	0
2541.44	0
2541.73	0
2542.02	0
2542.31	0
2542.6	0
2542.89	0
2543.18	1
2543.47	0
2543.76	0
2544.05	0
2544.34	0
2544.63	0
2544.92	0
2545.21	0
2545.5	0
2545.79	0
2546.08	0
2546.37	0
2546.66	0
2546.95	0
2547.24	-6
2547.53	0
2547.82	0
2548.11	0
2548.4	0
2548.69	0
2548.98	0
2549.27	0
2549.55	0
2549.84	0
2550.13	-9
2550.42	0
2550.71	-2
2551	5
2551.29	0
2551.58	0
2551.87	0
2552.16	0
2552.45	0
2552.74	0
2553.03	0
2553.31	0
2553.6	0
2553.89	0
2554.18	0
2554.47	0
2554.76	0
2555.05	0
2555.34	0
2555.63	0
2555.92	0
2556.2	0
2556.49	0
2556.78	0
2557.07	0
2557.36	0
2557.65	0
2557.94	0
2558.23	0
2558.51	0
2558.8	0
2559.09	0
2559.38	0
2559.67	0
2559.96	0
2560.25	0
2560.53	0
2560.82	0
2561.11	0
2561.4	0
2561.69	0
2561.98	0
2562.27	0
2562.55	0
2562.84	0
2563.13	0
2563.42	0
2563.71	0
2564	0
2564.28	0
2564.57	0
2564.86	0
2565.15	0
2565.44	0
2565.72	0
2566.01	0
2566.3	0
2566.59	0
2566.88	0
2567.16	0
2567.45	0
2567.74	0
2568.03	0
2568.32	0
2568.6	0
2568.89	0
2569.18	0
2569.47	0
2569.75	0

