Source: Spectrum Viewer

Chart: Pulse Spectrum

Series: 
Wavelength (nm)	S (a.u.)
1179.9	0
1180.29	0
1180.68	0
1181.06	0
1181.45	0
1181.83	0
1182.22	0
1182.6	0
1182.99	0
1183.38	0
1183.76	0
1184.15	0
1184.53	0
1184.92	0
1185.3	0
1185.69	0
1186.07	0
1186.46	0
1186.85	0
1187.23	6
1187.62	0
1188	0
1188.39	0
1188.77	0
1189.16	0
1189.54	0
1189.93	0
1190.31	0
1190.7	0
1191.08	0
1191.47	0
1191.85	0
1192.24	4
1192.62	0
1193.01	0
1193.39	0
1193.78	0
1194.16	0
1194.55	0
1194.93	0
1195.32	0
1195.7	0
1196.09	0
1196.47	0
1196.86	0
1197.24	0
1197.63	0
1198.01	0
1198.4	0
1198.78	0
1199.16	0
1199.55	0
1199.93	0
1200.32	0
1200.7	0
1201.09	0
1201.47	0
1201.86	0
1202.24	0
1202.63	0
1203.01	0
1203.39	0
1203.78	3
1204.16	0
1204.55	10
1204.93	0
1205.32	0
1205.7	0
1206.08	0
1206.47	0
1206.85	0
1207.24	0
1207.62	0
1208	0
1208.39	0
1208.77	0
1209.16	0
1209.54	0
1209.92	1
1210.31	0
1210.69	0
1211.08	0
1211.46	0
1211.84	6
1212.23	0
1212.61	0
1213	0
1213.38	0
1213.76	0
1214.15	0
1214.53	0
1214.91	0
1215.3	0
1215.68	0
1216.06	0
1216.45	0
1216.83	0
1217.22	0
1217.6	11
1217.98	0
1218.37	0
1218.75	5
1219.13	0
1219.52	0
1219.9	0
1220.28	0
1220.67	0
1221.05	0
1221.43	0
1221.82	0
1222.2	0
1222.58	0
1222.97	0
1223.35	0
1223.73	0
1224.11	0
1224.5	0
1224.88	0
1225.26	0
1225.65	0
1226.03	0
1226.41	0
1226.8	0
1227.18	0
1227.56	0
1227.94	0
1228.33	0
1228.71	0
1229.09	0
1229.47	0
1229.86	0
1230.24	0
1230.62	0
1231.01	0
1231.39	0
1231.77	0
1232.15	0
1232.54	0
1232.92	0
1233.3	0
1233.68	0
1234.07	0
1234.45	0
1234.83	0
1235.21	3
1235.6	0
1235.98	0
1236.36	0
1236.74	0
1237.12	0
1237.51	0
1237.89	0
1238.27	0
1238.65	0
1239.04	0
1239.42	0
1239.8	0
1240.18	0
1240.56	0
1240.95	0
1241.33	0
1241.71	0
1242.09	0
1242.47	0
1242.86	0
1243.24	0
1243.62	0
1244	0
1244.38	0
1244.77	0
1245.15	0
1245.53	0
1245.91	0
1246.29	0
1246.67	0
1247.06	0
1247.44	0
1247.82	0
1248.2	0
1248.58	0
1248.96	0
1249.34	0
1249.73	0
1250.11	0
1250.49	0
1250.87	-2
1251.25	0
1251.63	0
1252.01	0
1252.4	0
1252.78	0
1253.16	0
1253.54	0
1253.92	6
1254.3	0
1254.68	0
1255.06	0
1255.45	0
1255.83	0
1256.21	0
1256.59	0
1256.97	0
1257.35	0
1257.73	0
1258.11	0
1258.49	0
1258.87	0
1259.26	0
1259.64	0
1260.02	0
1260.4	0
1260.78	0
1261.16	0
1261.54	0
1261.92	0
1262.3	0
1262.68	0
1263.06	0
1263.44	0
1263.82	0
1264.21	0
1264.59	0
1264.97	0
1265.35	0
1265.73	0
1266.11	0
1266.49	0
1266.87	0
1267.25	0
1267.63	0
1268.01	0
1268.39	0
1268.77	0
1269.15	0
1269.53	0
1269.91	0
1270.29	0
1270.67	-7
1271.05	0
1271.43	0
1271.81	0
1272.19	0
1272.57	0
1272.95	0
1273.33	0
1273.71	0
1274.09	0
1274.47	0
1274.85	0
1275.23	0
1275.61	0
1275.99	0
1276.37	0
1276.75	0
1277.13	0
1277.51	0
1277.89	0
1278.27	0
1278.65	0
1279.03	0
1279.41	0
1279.79	0
1280.17	0
1280.55	0
1280.93	0
1281.31	0
1281.69	0
1282.07	0
1282.45	0
1282.82	0
1283.2	0
1283.58	0
1283.96	0
1284.34	0
1284.72	0
1285.1	0
1285.48	0
1285.86	0
1286.24	0
1286.62	0
1287	0
1287.38	0
1287.75	0
1288.13	0
1288.51	0
1288.89	0
1289.27	0
1289.65	0
1290.03	0
1290.41	0
1290.79	0
1291.17	0
1291.54	0
1291.92	0
1292.3	0
1292.68	0
1293.06	0
1293.44	0
1293.82	0
1294.2	0
1294.57	0
1294.95	0
1295.33	0
1295.71	0
1296.09	0
1296.47	0
1296.85	0
1297.22	0
1297.6	0
1297.98	0
1298.36	0
1298.74	0
1299.12	0
1299.5	0
1299.87	-1
1300.25	0
1300.63	0
1301.01	0
1301.39	0
1301.77	0
1302.14	0
1302.52	0
1302.9	-2
1303.28	0
1303.66	0
1304.03	0
1304.41	0
1304.79	0
1305.17	0
1305.55	0
1305.92	0
1306.3	0
1306.68	0
1307.06	0
1307.44	0
1307.81	0
1308.19	0
1308.57	0
1308.95	0
1309.32	0
1309.7	0
1310.08	0
1310.46	0
1310.84	0
1311.21	0
1311.59	0
1311.97	0
1312.35	0
1312.72	0
1313.1	0
1313.48	0
1313.86	0
1314.23	0
1314.61	4
1314.99	0
1315.37	0
1315.74	0
1316.12	0
1316.5	0
1316.87	0
1317.25	0
1317.63	0
1318.01	0
1318.38	0
1318.76	0
1319.14	0
1319.52	0
1319.89	0
1320.27	0
1320.65	0
1321.02	0
1321.4	0
1321.78	0
1322.15	0
1322.53	0
1322.91	0
1323.29	0
1323.66	-3
1324.04	0
1324.42	0
1324.79	0
1325.17	0
1325.55	0
1325.92	0
1326.3	0
1326.68	0
1327.05	0
1327.43	0
1327.81	0
1328.18	0
1328.56	0
1328.94	0
1329.31	0
1329.69	0
1330.06	0
1330.44	0
1330.82	0
1331.19	0
1331.57	0
1331.95	0
1332.32	0
1332.7	0
1333.08	0
1333.45	0
1333.83	0
1334.2	0
1334.58	0
1334.96	0
1335.33	0
1335.71	0
1336.08	0
1336.46	0
1336.84	0
1337.21	0
1337.59	0
1337.96	0
1338.34	0
1338.72	0
1339.09	0
1339.47	0
1339.84	0
1340.22	0
1340.6	0
1340.97	0
1341.35	0
1341.72	0
1342.1	0
1342.47	0
1342.85	0
1343.23	0
1343.6	0
1343.98	0
1344.35	0
1344.73	0
1345.1	0
1345.48	0
1345.85	0
1346.23	0
1346.61	0
1346.98	0
1347.36	0
1347.73	0
1348.11	0
1348.48	0
1348.86	0
1349.23	0
1349.61	0
1349.98	0
1350.36	0
1350.73	0
1351.11	0
1351.48	0
1351.86	0
1352.23	0
1352.61	0
1352.98	0
1353.36	0
1353.73	0
1354.11	0
1354.48	0
1354.86	0
1355.23	0
1355.61	0
1355.98	0
1356.36	0
1356.73	0
1357.11	0
1357.48	0
1357.86	0
1358.23	0
1358.61	14
1358.98	0
1359.35	0
1359.73	0
1360.1	0
1360.48	0
1360.85	0
1361.23	0
1361.6	0
1361.98	0
1362.35	5
1362.72	0
1363.1	0
1363.47	0
1363.85	0
1364.22	0
1364.6	0
1364.97	0
1365.34	0
1365.72	0
1366.09	0
1366.47	0
1366.84	0
1367.22	0
1367.59	0
1367.96	0
1368.34	0
1368.71	0
1369.09	0
1369.46	0
1369.83	0
1370.21	0
1370.58	-3
1370.96	0
1371.33	0
1371.7	0
1372.08	0
1372.45	0
1372.82	0
1373.2	1
1373.57	0
1373.95	0
1374.32	0
1374.69	0
1375.07	0
1375.44	0
1375.81	0
1376.19	0
1376.56	0
1376.93	0
1377.31	0
1377.68	0
1378.05	0
1378.43	0
1378.8	0
1379.17	0
1379.55	0
1379.92	0
1380.29	0
1380.67	0
1381.04	0
1381.41	0
1381.79	0
1382.16	0
1382.53	0
1382.91	0
1383.28	0
1383.65	0
1384.03	0
1384.4	0
1384.77	0
1385.14	0
1385.52	0
1385.89	0
1386.26	0
1386.64	0
1387.01	0
1387.38	0
1387.75	0
1388.13	0
1388.5	0
1388.87	0
1389.25	-4
1389.62	0
1389.99	0
1390.36	0
1390.74	0
1391.11	0
1391.48	0
1391.85	0
1392.23	0
1392.6	0
1392.97	0
1393.34	0
1393.72	0
1394.09	0
1394.46	-4
1394.83	0
1395.21	0
1395.58	0
1395.95	2
1396.32	0
1396.69	0
1397.07	0
1397.44	0
1397.81	0
1398.18	0
1398.55	0
1398.93	0
1399.3	0
1399.67	4
1400.04	0
1400.41	0
1400.79	0
1401.16	0
1401.53	0
1401.9	0
1402.27	0
1402.65	0
1403.02	0
1403.39	0
1403.76	0
1404.13	0
1404.51	0
1404.88	0
1405.25	0
1405.62	0
1405.99	0
1406.36	0
1406.74	0
1407.11	0
1407.48	0
1407.85	0
1408.22	0
1408.59	0
1408.96	0
1409.34	0
1409.71	0
1410.08	0
1410.45	0
1410.82	0
1411.19	-2
1411.56	0
1411.93	0
1412.31	0
1412.68	0
1413.05	0
1413.42	0
1413.79	0
1414.16	0
1414.53	0
1414.9	0
1415.27	0
1415.65	0
1416.02	0
1416.39	0
1416.76	0
1417.13	0
1417.5	0
1417.87	0
1418.24	0
1418.61	0
1418.98	0
1419.35	0
1419.73	0
1420.1	0
1420.47	0
1420.84	0
1421.21	0
1421.58	0
1421.95	0
1422.32	0
1422.69	0
1423.06	0
1423.43	0
1423.8	0
1424.17	0
1424.54	0
1424.91	0
1425.28	0
1425.65	0
1426.02	0
1426.39	0
1426.76	0
1427.14	0
1427.51	0
1427.88	0
1428.25	0
1428.62	0
1428.99	0
1429.36	0
1429.73	13
1430.1	0
1430.47	0
1430.84	0
1431.21	0
1431.58	0
1431.95	0
1432.32	0
1432.69	0
1433.06	-6
1433.43	0
1433.8	0
1434.17	0
1434.54	0
1434.91	0
1435.28	0
1435.64	0
1436.01	0
1436.38	0
1436.75	0
1437.12	0
1437.49	0
1437.86	0
1438.23	0
1438.6	-3
1438.97	0
1439.34	0
1439.71	0
1440.08	0
1440.45	0
1440.82	0
1441.19	0
1441.56	0
1441.93	0
1442.3	0
1442.67	0
1443.03	0
1443.4	0
1443.77	0
1444.14	0
1444.51	0
1444.88	0
1445.25	0
1445.62	0
1445.99	0
1446.36	0
1446.73	0
1447.09	0
1447.46	0
1447.83	0
1448.2	0
1448.57	0
1448.94	0
1449.31	0
1449.68	0
1450.05	0
1450.41	0
1450.78	0
1451.15	0
1451.52	0
1451.89	0
1452.26	0
1452.63	0
1453	0
1453.36	0
1453.73	0
1454.1	0
1454.47	0
1454.84	0
1455.21	0
1455.57	0
1455.94	0
1456.31	0
1456.68	0
1457.05	0
1457.42	0
1457.78	0
1458.15	0
1458.52	0
1458.89	0
1459.26	0
1459.63	0
1459.99	0
1460.36	0
1460.73	0
1461.1	0
1461.47	0
1461.83	0
1462.2	0
1462.57	0
1462.94	0
1463.31	0
1463.67	0
1464.04	0
1464.41	0
1464.78	0
1465.15	0
1465.51	0
1465.88	0
1466.25	0
1466.62	0
1466.98	0
1467.35	0
1467.72	0
1468.09	0
1468.46	0
1468.82	0
1469.19	0
1469.56	0
1469.93	0
1470.29	0
1470.66	0
1471.03	0
1471.4	0
1471.76	0
1472.13	0
1472.5	0
1472.86	0
1473.23	2
1473.6	0
1473.97	0
1474.33	0
1474.7	0
1475.07	-1
1475.44	0
1475.8	0
1476.17	0
1476.54	0
1476.9	0
1477.27	0
1477.64	0
1478	0
1478.37	0
1478.74	0
1479.11	0
1479.47	0
1479.84	0
1480.21	-1
1480.57	0
1480.94	0
1481.31	0
1481.67	0
1482.04	0
1482.41	0
1482.77	0
1483.14	0
1483.51	0
1483.87	0
1484.24	0
1484.61	0
1484.97	0
1485.34	0
1485.71	0
1486.07	0
1486.44	0
1486.81	5
1487.17	0
1487.54	0
1487.9	0
1488.27	0
1488.64	-3
1489	0
1489.37	0
1489.74	0
1490.1	0
1490.47	0
1490.83	0
1491.2	0
1491.57	0
1491.93	0
1492.3	0
1492.66	0
1493.03	-1
1493.4	0
1493.76	0
1494.13	0
1494.49	0
1494.86	0
1495.23	0
1495.59	0
1495.96	0
1496.32	0
1496.69	0
1497.06	0
1497.42	0
1497.79	0
1498.15	0
1498.52	0
1498.88	0
1499.25	0
1499.62	0
1499.98	0
1500.35	0
1500.71	0
1501.08	0
1501.44	0
1501.81	0
1502.17	0
1502.54	0
1502.9	0
1503.27	0
1503.64	0
1504	0
1504.37	0
1504.73	0
1505.1	0
1505.46	0
1505.83	0
1506.19	1
1506.56	0
1506.92	0
1507.29	0
1507.65	0
1508.02	0
1508.38	0
1508.75	0
1509.11	0
1509.48	0
1509.84	0
1510.21	0
1510.57	0
1510.94	0
1511.3	0
1511.67	0
1512.03	0
1512.4	0
1512.76	0
1513.13	0
1513.49	0
1513.85	0
1514.22	0
1514.58	0
1514.95	0
1515.31	0
1515.68	0
1516.04	0
1516.41	0
1516.77	0
1517.14	0
1517.5	0
1517.86	0
1518.23	-4
1518.59	0
1518.96	0
1519.32	0
1519.69	0
1520.05	-8
1520.41	0
1520.78	0
1521.14	0
1521.51	-4
1521.87	0
1522.24	0
1522.6	0
1522.96	0
1523.33	0
1523.69	0
1524.06	0
1524.42	0
1524.78	0
1525.15	0
1525.51	0
1525.88	0
1526.24	0
1526.6	0
1526.97	0
1527.33	0
1527.69	0
1528.06	0
1528.42	0
1528.79	0
1529.15	0
1529.51	0
1529.88	0
1530.24	0
1530.6	0
1530.97	0
1531.33	0
1531.69	0
1532.06	3
1532.42	0
1532.78	0
1533.15	0
1533.51	0
1533.87	0
1534.24	0
1534.6	0
1534.96	0
1535.33	0
1535.69	-2
1536.05	0
1536.42	0
1536.78	0
1537.14	0
1537.51	0
1537.87	0
1538.23	0
1538.6	0
1538.96	0
1539.32	0
1539.68	0
1540.05	0
1540.41	0
1540.77	0
1541.14	0
1541.5	0
1541.86	0
1542.23	0
1542.59	3
1542.95	0
1543.31	0
1543.68	0
1544.04	-3
1544.4	0
1544.76	0
1545.13	0
1545.49	0
1545.85	0
1546.21	0
1546.58	0
1546.94	7
1547.3	0
1547.66	0
1548.03	0
1548.39	0
1548.75	0
1549.11	0
1549.48	0
1549.84	0
1550.2	0
1550.56	0
1550.93	0
1551.29	0
1551.65	0
1552.01	0
1552.37	0
1552.74	0
1553.1	0
1553.46	0
1553.82	0
1554.18	0
1554.55	0
1554.91	0
1555.27	0
1555.63	0
1555.99	0
1556.36	0
1556.72	0
1557.08	0
1557.44	0
1557.8	0
1558.17	0
1558.53	0
1558.89	0
1559.25	0
1559.61	0
1559.97	0
1560.34	0
1560.7	0
1561.06	0
1561.42	6
1561.78	0
1562.14	0
1562.5	0
1562.87	0
1563.23	0
1563.59	0
1563.95	0
1564.31	0
1564.67	-2
1565.03	0
1565.4	-4
1565.76	0
1566.12	0
1566.48	0
1566.84	0
1567.2	0
1567.56	-1
1567.92	0
1568.29	0
1568.65	0
1569.01	0
1569.37	0
1569.73	0
1570.09	0
1570.45	0
1570.81	0
1571.17	0
1571.53	0
1571.89	0
1572.26	1
1572.62	0
1572.98	0
1573.34	0
1573.7	0
1574.06	0
1574.42	0
1574.78	0
1575.14	0
1575.5	0
1575.86	0
1576.22	0
1576.58	0
1576.94	0
1577.3	0
1577.67	0
1578.03	0
1578.39	0
1578.75	3
1579.11	0
1579.47	0
1579.83	0
1580.19	0
1580.55	0
1580.91	0
1581.27	0
1581.63	0
1581.99	0
1582.35	0
1582.71	0
1583.07	0
1583.43	0
1583.79	0
1584.15	0
1584.51	0
1584.87	0
1585.23	0
1585.59	0
1585.95	4
1586.31	0
1586.67	0
1587.03	0
1587.39	0
1587.75	0
1588.11	0
1588.47	0
1588.83	0
1589.19	-4
1589.55	0
1589.91	0
1590.27	0
1590.63	0
1590.99	0
1591.35	0
1591.71	0
1592.07	0
1592.42	0
1592.78	0
1593.14	0
1593.5	0
1593.86	0
1594.22	1
1594.58	1
1594.94	0
1595.3	0
1595.66	0
1596.02	10
1596.38	0
1596.74	10
1597.1	0
1597.46	0
1597.81	0
1598.17	0
1598.53	0
1598.89	0
1599.25	0
1599.61	3
1599.97	0
1600.33	16
1600.69	0
1601.05	0
1601.4	8
1601.76	17
1602.12	1
1602.48	8
1602.84	5
1603.2	18
1603.56	0
1603.92	21
1604.28	4
1604.63	16
1604.99	25
1605.35	3
1605.71	15
1606.07	0
1606.43	1
1606.79	3
1607.14	7
1607.5	0
1607.86	5
1608.22	18
1608.58	8
1608.94	0
1609.29	8
1609.65	0
1610.01	0
1610.37	16
1610.73	3
1611.09	8
1611.44	0
1611.8	0
1612.16	18
1612.52	0
1612.88	0
1613.24	0
1613.59	0
1613.95	12
1614.31	0
1614.67	0
1615.03	6
1615.38	0
1615.74	0
1616.1	0
1616.46	0
1616.82	0
1617.17	0
1617.53	0
1617.89	0
1618.25	0
1618.6	0
1618.96	0
1619.32	8
1619.68	0
1620.04	0
1620.39	0
1620.75	0
1621.11	0
1621.47	0
1621.82	2
1622.18	0
1622.54	0
1622.9	0
1623.25	0
1623.61	1
1623.97	0
1624.33	0
1624.68	3
1625.04	0
1625.4	0
1625.75	0
1626.11	0
1626.47	0
1626.83	0
1627.18	0
1627.54	0
1627.9	0
1628.26	0
1628.61	0
1628.97	0
1629.33	0
1629.68	0
1630.04	6
1630.4	0
1630.75	4
1631.11	0
1631.47	0
1631.83	0
1632.18	0
1632.54	0
1632.9	13
1633.25	0
1633.61	0
1633.97	0
1634.32	0
1634.68	0
1635.04	0
1635.39	0
1635.75	0
1636.11	0
1636.46	0
1636.82	1
1637.18	0
1637.53	6
1637.89	0
1638.25	0
1638.6	0
1638.96	0
1639.31	0
1639.67	0
1640.03	0
1640.38	0
1640.74	16
1641.1	0
1641.45	0
1641.81	0
1642.16	0
1642.52	4
1642.88	0
1643.23	-1
1643.59	0
1643.95	0
1644.3	0
1644.66	0
1645.01	0
1645.37	0
1645.73	0
1646.08	1
1646.44	0
1646.79	11
1647.15	0
1647.51	0
1647.86	0
1648.22	4
1648.57	0
1648.93	0
1649.28	0
1649.64	0
1650	0
1650.35	0
1650.71	0
1651.06	0
1651.42	0
1651.77	0
1652.13	0
1652.48	14
1652.84	0
1653.2	0
1653.55	5
1653.91	0
1654.26	0
1654.62	0
1654.97	0
1655.33	10
1655.68	1
1656.04	0
1656.39	22
1656.75	0
1657.1	0
1657.46	0
1657.81	6
1658.17	0
1658.52	0
1658.88	0
1659.23	0
1659.59	0
1659.94	1
1660.3	9
1660.65	0
1661.01	1
1661.36	0
1661.72	0
1662.07	0
1662.43	0
1662.78	24
1663.14	1
1663.49	0
1663.85	0
1664.2	1
1664.56	0
1664.91	0
1665.27	0
1665.62	6
1665.98	11
1666.33	0
1666.69	0
1667.04	0
1667.39	0
1667.75	8
1668.1	0
1668.46	1
1668.81	0
1669.17	0
1669.52	0
1669.88	0
1670.23	0
1670.58	0
1670.94	0
1671.29	0
1671.65	0
1672	0
1672.36	0
1672.71	0
1673.06	0
1673.42	3
1673.77	0
1674.13	0
1674.48	0
1674.83	0
1675.19	7
1675.54	11
1675.9	0
1676.25	10
1676.6	18
1676.96	28
1677.31	4
1677.67	13
1678.02	30
1678.37	31
1678.73	0
1679.08	27
1679.43	44
1679.79	23
1680.14	51
1680.5	43
1680.85	64
1681.2	66
1681.56	61
1681.91	73
1682.26	78
1682.62	79
1682.97	115
1683.32	72
1683.68	96
1684.03	79
1684.38	103
1684.74	123
1685.09	149
1685.44	133
1685.8	150
1686.15	178
1686.5	160
1686.86	173
1687.21	192
1687.56	172
1687.92	198
1688.27	193
1688.62	201
1688.98	217
1689.33	218
1689.68	260
1690.03	254
1690.39	255
1690.74	275
1691.09	282
1691.45	261
1691.8	303
1692.15	281
1692.5	310
1692.86	308
1693.21	298
1693.56	326
1693.92	347
1694.27	357
1694.62	358
1694.97	358
1695.33	363
1695.68	386
1696.03	359
1696.38	378
1696.74	413
1697.09	387
1697.44	433
1697.79	419
1698.15	404
1698.5	433
1698.85	465
1699.2	438
1699.56	470
1699.91	454
1700.26	451
1700.61	480
1700.97	479
1701.32	507
1701.67	511
1702.02	529
1702.37	528
1702.73	501
1703.08	555
1703.43	539
1703.78	536
1704.13	545
1704.49	561
1704.84	591
1705.19	578
1705.54	599
1705.89	607
1706.25	653
1706.6	610
1706.95	622
1707.3	622
1707.65	664
1708.01	629
1708.36	626
1708.71	662
1709.06	664
1709.41	690
1709.76	685
1710.12	667
1710.47	683
1710.82	673
1711.17	691
1711.52	667
1711.87	695
1712.23	711
1712.58	660
1712.93	718
1713.28	703
1713.63	709
1713.98	742
1714.33	701
1714.69	701
1715.04	776
1715.39	728
1715.74	720
1716.09	730
1716.44	727
1716.79	773
1717.14	744
1717.5	728
1717.85	745
1718.2	769
1718.55	733
1718.9	750
1719.25	761
1719.6	797
1719.95	742
1720.3	746
1720.65	765
1721.01	764
1721.36	776
1721.71	747
1722.06	767
1722.41	761
1722.76	758
1723.11	764
1723.46	764
1723.81	774
1724.16	738
1724.51	757
1724.86	795
1725.21	736
1725.56	749
1725.92	756
1726.27	756
1726.62	772
1726.97	770
1727.32	747
1727.67	764
1728.02	754
1728.37	777
1728.72	796
1729.07	755
1729.42	808
1729.77	785
1730.12	751
1730.47	803
1730.82	792
1731.17	802
1731.52	834
1731.87	812
1732.22	797
1732.57	863
1732.92	860
1733.27	838
1733.62	850
1733.97	810
1734.32	861
1734.67	849
1735.02	816
1735.37	795
1735.72	858
1736.07	867
1736.42	850
1736.77	822
1737.12	807
1737.47	837
1737.82	834
1738.17	791
1738.52	757
1738.87	817
1739.22	841
1739.57	802
1739.92	747
1740.27	831
1740.62	803
1740.97	786
1741.32	773
1741.67	727
1742.02	758
1742.37	742
1742.72	708
1743.06	765
1743.41	774
1743.76	731
1744.11	725
1744.46	788
1744.81	736
1745.16	677
1745.51	719
1745.86	717
1746.21	660
1746.56	671
1746.91	701
1747.26	644
1747.6	651
1747.95	691
1748.3	635
1748.65	652
1749	646
1749.35	578
1749.7	586
1750.05	674
1750.4	589
1750.75	566
1751.09	627
1751.44	623
1751.79	576
1752.14	573
1752.49	601
1752.84	589
1753.19	531
1753.54	490
1753.88	528
1754.23	485
1754.58	473
1754.93	488
1755.28	500
1755.63	423
1755.98	474
1756.32	486
1756.67	402
1757.02	400
1757.37	414
1757.72	390
1758.07	379
1758.42	410
1758.76	390
1759.11	338
1759.46	337
1759.81	350
1760.16	297
1760.5	290
1760.85	337
1761.2	269
1761.55	262
1761.9	319
1762.25	276
1762.59	234
1762.94	251
1763.29	264
1763.64	251
1763.99	208
1764.33	222
1764.68	179
1765.03	145
1765.38	170
1765.73	171
1766.07	135
1766.42	145
1766.77	153
1767.12	159
1767.46	96
1767.81	146
1768.16	169
1768.51	141
1768.85	130
1769.2	158
1769.55	142
1769.9	150
1770.25	137
1770.59	135
1770.94	132
1771.29	126
1771.64	118
1771.98	109
1772.33	92
1772.68	76
1773.02	97
1773.37	101
1773.72	102
1774.07	128
1774.41	144
1774.76	159
1775.11	147
1775.46	151
1775.8	139
1776.15	108
1776.5	135
1776.84	147
1777.19	129
1777.54	128
1777.89	133
1778.23	125
1778.58	100
1778.93	134
1779.27	156
1779.62	120
1779.97	150
1780.31	189
1780.66	154
1781.01	159
1781.35	204
1781.7	180
1782.05	163
1782.39	157
1782.74	155
1783.09	171
1783.43	186
1783.78	194
1784.13	151
1784.47	161
1784.82	152
1785.17	222
1785.51	209
1785.86	231
1786.21	315
1786.55	284
1786.9	274
1787.25	343
1787.59	293
1787.94	284
1788.29	305
1788.63	278
1788.98	343
1789.32	338
1789.67	274
1790.02	265
1790.36	291
1790.71	439
1791.06	758
1791.4	573
1791.75	435
1792.09	658
1792.44	567
1792.79	610
1793.13	612
1793.48	570
1793.82	528
1794.17	589
1794.52	487
1794.86	516
1795.21	573
1795.55	465
1795.9	482
1796.24	510
1796.59	373
1796.94	670
1797.28	1383
1797.63	862
1797.97	666
1798.32	704
1798.66	681
1799.01	636
1799.36	743
1799.7	1046
1800.05	741
1800.39	592
1800.74	954
1801.08	738
1801.43	656
1801.77	1305
1802.12	975
1802.46	858
1802.81	765
1803.15	1010
1803.5	890
1803.85	788
1804.19	694
1804.54	713
1804.88	714
1805.23	1122
1805.57	1084
1805.92	827
1806.26	1029
1806.61	1625
1806.95	1204
1807.3	820
1807.64	906
1807.99	1539
1808.33	1409
1808.68	1044
1809.02	897
1809.37	830
1809.71	941
1810.06	1876
1810.4	1471
1810.75	1163
1811.09	868
1811.43	960
1811.78	1215
1812.12	2090
1812.47	1659
1812.81	1472
1813.16	1236
1813.5	1254
1813.85	1105
1814.19	1048
1814.54	1130
1814.88	1026
1815.23	948
1815.57	1049
1815.91	881
1816.26	853
1816.6	858
1816.95	1262
1817.29	2446
1817.64	1562
1817.98	1187
1818.32	1995
1818.67	1710
1819.01	1825
1819.36	1567
1819.7	1296
1820.05	1176
1820.39	1171
1820.73	1237
1821.08	1113
1821.42	1204
1821.77	1097
1822.11	945
1822.45	1009
1822.8	862
1823.14	1109
1823.49	1093
1823.83	938
1824.17	2114
1824.52	1838
1824.86	1262
1825.2	1146
1825.55	1117
1825.89	951
1826.24	968
1826.58	853
1826.92	1611
1827.27	1515
1827.61	1198
1827.95	1094
1828.3	1041
1828.64	889
1828.98	857
1829.33	765
1829.67	612
1830.02	1445
1830.36	1772
1830.7	1220
1831.05	1365
1831.39	1178
1831.73	1099
1832.08	944
1832.42	817
1832.76	934
1833.1	825
1833.45	745
1833.79	793
1834.13	669
1834.48	683
1834.82	912
1835.16	735
1835.51	780
1835.85	754
1836.19	595
1836.54	712
1836.88	556
1837.22	549
1837.56	485
1837.91	483
1838.25	765
1838.59	881
1838.94	1043
1839.28	740
1839.62	525
1839.96	494
1840.31	896
1840.65	537
1840.99	458
1841.34	463
1841.68	1142
1842.02	1215
1842.36	714
1842.71	716
1843.05	516
1843.39	313
1843.73	774
1844.08	1186
1844.42	818
1844.76	1028
1845.1	630
1845.45	528
1845.79	395
1846.13	579
1846.47	611
1846.81	383
1847.16	257
1847.5	301
1847.84	866
1848.18	677
1848.53	480
1848.87	287
1849.21	333
1849.55	332
1849.89	219
1850.24	244
1850.58	201
1850.92	184
1851.26	183
1851.6	141
1851.95	172
1852.29	122
1852.63	114
1852.97	134
1853.31	94
1853.66	66
1854	96
1854.34	95
1854.68	116
1855.02	412
1855.36	158
1855.71	150
1856.05	99
1856.39	103
1856.73	126
1857.07	87
1857.41	123
1857.76	117
1858.1	86
1858.44	96
1858.78	65
1859.12	92
1859.46	70
1859.8	76
1860.15	92
1860.49	84
1860.83	128
1861.17	235
1861.51	136
1861.85	159
1862.19	167
1862.53	163
1862.88	217
1863.22	224
1863.56	193
1863.9	159
1864.24	135
1864.58	269
1864.92	179
1865.26	161
1865.6	212
1865.94	176
1866.29	241
1866.63	229
1866.97	224
1867.31	280
1867.65	303
1867.99	239
1868.33	364
1868.67	343
1869.01	306
1869.35	372
1869.69	397
1870.03	363
1870.37	231
1870.72	368
1871.06	283
1871.4	352
1871.74	410
1872.08	370
1872.42	463
1872.76	509
1873.1	424
1873.44	335
1873.78	492
1874.12	500
1874.46	613
1874.8	625
1875.14	571
1875.48	687
1875.82	379
1876.16	481
1876.5	685
1876.84	504
1877.18	424
1877.52	737
1877.86	697
1878.2	764
1878.54	783
1878.88	753
1879.22	784
1879.56	814
1879.9	858
1880.24	985
1880.58	813
1880.92	936
1881.26	1017
1881.6	815
1881.94	919
1882.28	989
1882.62	1103
1882.96	1153
1883.3	946
1883.64	929
1883.98	807
1884.32	1084
1884.66	1135
1885	1064
1885.34	1251
1885.68	1168
1886.02	1239
1886.36	1096
1886.7	1108
1887.04	1313
1887.38	1207
1887.72	1350
1888.06	1414
1888.39	1289
1888.73	1524
1889.07	1389
1889.41	1401
1889.75	1380
1890.09	1038
1890.43	1429
1890.77	924
1891.11	1015
1891.45	1416
1891.79	1416
1892.13	1583
1892.47	1506
1892.8	1497
1893.14	1620
1893.48	1483
1893.82	1651
1894.16	1391
1894.5	1382
1894.84	1596
1895.18	1559
1895.52	1767
1895.86	1532
1896.19	1636
1896.53	1580
1896.87	1583
1897.21	1546
1897.55	1431
1897.89	1619
1898.23	1597
1898.57	1551
1898.9	1371
1899.24	1478
1899.58	1753
1899.92	1634
1900.26	1560
1900.6	1563
1900.94	1541
1901.27	1614
1901.61	1587
1901.95	1619
1902.29	1708
1902.63	1605
1902.97	1772
1903.3	1586
1903.64	1567
1903.98	1630
1904.32	1377
1904.66	1623
1905	1529
1905.33	1630
1905.67	1561
1906.01	1540
1906.35	1622
1906.69	1424
1907.02	1439
1907.36	1501
1907.7	1604
1908.04	1399
1908.38	1366
1908.71	1407
1909.05	1313
1909.39	1365
1909.73	1249
1910.07	1516
1910.4	1238
1910.74	1506
1911.08	1291
1911.42	1375
1911.76	1159
1912.09	1129
1912.43	1176
1912.77	1074
1913.11	1208
1913.44	1079
1913.78	1127
1914.12	1196
1914.46	1081
1914.79	1290
1915.13	1093
1915.47	1055
1915.81	959
1916.14	1007
1916.48	1065
1916.82	879
1917.16	1013
1917.49	906
1917.83	984
1918.17	988
1918.5	937
1918.84	897
1919.18	717
1919.52	733
1919.85	689
1920.19	706
1920.53	707
1920.87	689
1921.2	843
1921.54	698
1921.88	733
1922.21	654
1922.55	679
1922.89	701
1923.22	530
1923.56	552
1923.9	469
1924.23	544
1924.57	515
1924.91	554
1925.25	494
1925.58	474
1925.92	532
1926.26	456
1926.59	456
1926.93	431
1927.27	377
1927.6	405
1927.94	328
1928.28	366
1928.61	288
1928.95	366
1929.29	319
1929.62	289
1929.96	304
1930.29	256
1930.63	333
1930.97	211
1931.3	244
1931.64	225
1931.98	207
1932.31	233
1932.65	171
1932.99	204
1933.32	155
1933.66	187
1933.99	171
1934.33	117
1934.67	187
1935	140
1935.34	145
1935.67	156
1936.01	126
1936.35	177
1936.68	117
1937.02	123
1937.35	142
1937.69	79
1938.03	123
1938.36	106
1938.7	124
1939.03	162
1939.37	79
1939.7	126
1940.04	115
1940.38	75
1940.71	105
1941.05	70
1941.38	117
1941.72	106
1942.05	75
1942.39	132
1942.73	121
1943.06	134
1943.4	133
1943.73	110
1944.07	147
1944.4	103
1944.74	135
1945.07	82
1945.41	78
1945.74	69
1946.08	111
1946.42	138
1946.75	152
1947.09	142
1947.42	147
1947.76	130
1948.09	144
1948.43	114
1948.76	150
1949.1	135
1949.43	108
1949.77	116
1950.1	157
1950.44	194
1950.77	157
1951.11	209
1951.44	166
1951.78	210
1952.11	163
1952.45	187
1952.78	199
1953.12	192
1953.45	175
1953.79	187
1954.12	224
1954.46	198
1954.79	228
1955.12	209
1955.46	209
1955.79	242
1956.13	198
1956.46	247
1956.8	190
1957.13	252
1957.47	223
1957.8	232
1958.14	230
1958.47	230
1958.8	233
1959.14	207
1959.47	244
1959.81	198
1960.14	237
1960.48	212
1960.81	232
1961.14	239
1961.48	239
1961.81	231
1962.15	245
1962.48	241
1962.82	220
1963.15	264
1963.48	205
1963.82	256
1964.15	253
1964.49	269
1964.82	237
1965.15	265
1965.49	257
1965.82	200
1966.16	214
1966.49	193
1966.82	250
1967.16	193
1967.49	228
1967.83	216
1968.16	224
1968.49	240
1968.83	218
1969.16	209
1969.49	204
1969.83	196
1970.16	186
1970.49	208
1970.83	182
1971.16	203
1971.5	231
1971.83	175
1972.16	187
1972.5	202
1972.83	175
1973.16	215
1973.5	147
1973.83	200
1974.16	187
1974.5	181
1974.83	171
1975.16	200
1975.5	194
1975.83	193
1976.16	176
1976.49	174
1976.83	177
1977.16	144
1977.49	123
1977.83	165
1978.16	166
1978.49	169
1978.83	169
1979.16	138
1979.49	147
1979.83	155
1980.16	137
1980.49	137
1980.82	136
1981.16	115
1981.49	127
1981.82	139
1982.15	139
1982.49	122
1982.82	133
1983.15	124
1983.49	127
1983.82	119
1984.15	133
1984.48	106
1984.82	103
1985.15	122
1985.48	103
1985.81	116
1986.15	104
1986.48	136
1986.81	93
1987.14	98
1987.48	84
1987.81	103
1988.14	100
1988.47	120
1988.81	82
1989.14	114
1989.47	114
1989.8	77
1990.13	118
1990.47	88
1990.8	86
1991.13	68
1991.46	117
1991.79	96
1992.13	102
1992.46	77
1992.79	66
1993.12	87
1993.45	100
1993.79	64
1994.12	66
1994.45	83
1994.78	84
1995.11	91
1995.45	65
1995.78	91
1996.11	54
1996.44	73
1996.77	46
1997.1	53
1997.44	50
1997.77	57
1998.1	65
1998.43	57
1998.76	45
1999.09	72
1999.43	57
1999.76	28
2000.09	31
2000.42	26
2000.75	64
2001.08	56
2001.41	38
2001.75	12
2002.08	36
2002.41	39
2002.74	13
2003.07	15
2003.4	42
2003.73	45
2004.06	12
2004.4	36
2004.73	7
2005.06	16
2005.39	29
2005.72	18
2006.05	8
2006.38	31
2006.71	38
2007.04	0
2007.37	27
2007.71	16
2008.04	0
2008.37	36
2008.7	0
2009.03	5
2009.36	0
2009.69	4
2010.02	16
2010.35	11
2010.68	18
2011.01	3
2011.34	0
2011.67	9
2012.01	9
2012.34	2
2012.67	7
2013	0
2013.33	0
2013.66	0
2013.99	0
2014.32	11
2014.65	0
2014.98	0
2015.31	0
2015.64	12
2015.97	20
2016.3	0
2016.63	0
2016.96	0
2017.29	0
2017.62	7
2017.95	0
2018.28	5
2018.61	0
2018.94	0
2019.27	2
2019.6	0
2019.93	0
2020.26	0
2020.59	0
2020.92	0
2021.25	0
2021.58	0
2021.91	13
2022.24	6
2022.57	1
2022.9	0
2023.23	4
2023.56	0
2023.89	11
2024.22	-4
2024.55	10
2024.88	0
2025.21	23
2025.54	0
2025.87	0
2026.2	0
2026.53	0
2026.86	0
2027.19	0
2027.52	0
2027.85	7
2028.18	0
2028.51	5
2028.84	0
2029.16	0
2029.49	4
2029.82	0
2030.15	3
2030.48	0
2030.81	0
2031.14	7
2031.47	8
2031.8	13
2032.13	6
2032.46	0
2032.79	0
2033.12	2
2033.44	0
2033.77	16
2034.1	3
2034.43	0
2034.76	0
2035.09	0
2035.42	10
2035.75	0
2036.08	0
2036.41	0
2036.73	0
2037.06	0
2037.39	0
2037.72	0
2038.05	0
2038.38	0
2038.71	0
2039.04	0
2039.36	0
2039.69	0
2040.02	0
2040.35	0
2040.68	0
2041.01	0
2041.34	0
2041.66	0
2041.99	0
2042.32	0
2042.65	0
2042.98	0
2043.31	0
2043.63	0
2043.96	0
2044.29	0
2044.62	0
2044.95	0
2045.28	-1
2045.6	0
2045.93	8
2046.26	0
2046.59	0
2046.92	0
2047.24	0
2047.57	0
2047.9	6
2048.23	0
2048.56	0
2048.88	0
2049.21	2
2049.54	0
2049.87	0
2050.2	0
2050.52	5
2050.85	0
2051.18	0
2051.51	12
2051.83	0
2052.16	0
2052.49	0
2052.82	6
2053.15	0
2053.47	0
2053.8	0
2054.13	24
2054.46	0
2054.78	0
2055.11	0
2055.44	-1
2055.77	0
2056.09	0
2056.42	0
2056.75	0
2057.08	0
2057.4	0
2057.73	0
2058.06	0
2058.38	0
2058.71	0
2059.04	0
2059.37	0
2059.69	0
2060.02	20
2060.35	0
2060.67	13
2061	10
2061.33	0
2061.66	0
2061.98	0
2062.31	0
2062.64	0
2062.96	0
2063.29	0
2063.62	0
2063.94	0
2064.27	0
2064.6	0
2064.92	0
2065.25	0
2065.58	0
2065.91	0
2066.23	0
2066.56	0
2066.89	0
2067.21	0
2067.54	0
2067.87	0
2068.19	0
2068.52	13
2068.84	0
2069.17	0
2069.5	0
2069.82	0
2070.15	0
2070.48	0
2070.8	0
2071.13	0
2071.46	0
2071.78	0
2072.11	0
2072.43	0
2072.76	0
2073.09	0
2073.41	0
2073.74	0
2074.07	0
2074.39	0
2074.72	0
2075.04	0
2075.37	0
2075.7	3
2076.02	0
2076.35	0
2076.67	0
2077	0
2077.33	0
2077.65	3
2077.98	0
2078.3	0
2078.63	0
2078.95	0
2079.28	0
2079.61	0
2079.93	0
2080.26	0
2080.58	0
2080.91	0
2081.23	0
2081.56	0
2081.89	0
2082.21	0
2082.54	0
2082.86	0
2083.19	3
2083.51	3
2083.84	0
2084.16	0
2084.49	0
2084.81	0
2085.14	0
2085.46	0
2085.79	0
2086.12	0
2086.44	0
2086.77	15
2087.09	-2
2087.42	0
2087.74	0
2088.07	0
2088.39	4
2088.72	0
2089.04	0
2089.37	4
2089.69	0
2090.02	0
2090.34	0
2090.67	0
2090.99	0
2091.32	0
2091.64	0
2091.97	0
2092.29	0
2092.62	4
2092.94	0
2093.26	0
2093.59	0
2093.91	0
2094.24	0
2094.56	0
2094.89	0
2095.21	0
2095.54	0
2095.86	4
2096.19	11
2096.51	0
2096.84	0
2097.16	0
2097.48	0
2097.81	16
2098.13	0
2098.46	0
2098.78	0
2099.11	12
2099.43	0
2099.75	0
2100.08	0
2100.4	-2
2100.73	0
2101.05	0
2101.38	0
2101.7	0
2102.02	0
2102.35	0
2102.67	0
2103	0
2103.32	0
2103.64	0
2103.97	0
2104.29	0
2104.62	0
2104.94	0
2105.26	0
2105.59	0
2105.91	0
2106.23	0
2106.56	0
2106.88	0
2107.21	3
2107.53	0
2107.85	0
2108.18	0
2108.5	0
2108.82	0
2109.15	0
2109.47	0
2109.79	0
2110.12	0
2110.44	0
2110.76	0
2111.09	0
2111.41	0
2111.73	0
2112.06	0
2112.38	0
2112.7	1
2113.03	0
2113.35	2
2113.67	0
2114	0
2114.32	0
2114.64	0
2114.97	0
2115.29	0
2115.61	0
2115.94	0
2116.26	0
2116.58	0
2116.91	0
2117.23	0
2117.55	0
2117.87	0
2118.2	0
2118.52	0
2118.84	0
2119.17	0
2119.49	0
2119.81	0
2120.13	0
2120.46	0
2120.78	0
2121.1	0
2121.42	0
2121.75	0
2122.07	0
2122.39	0
2122.72	0
2123.04	0
2123.36	0
2123.68	0
2124.01	0
2124.33	0
2124.65	0
2124.97	0
2125.29	0
2125.62	0
2125.94	0
2126.26	0
2126.58	0
2126.91	0
2127.23	0
2127.55	0
2127.87	0
2128.2	0
2128.52	0
2128.84	0
2129.16	0
2129.48	0
2129.81	0
2130.13	0
2130.45	0
2130.77	0
2131.09	0
2131.42	0
2131.74	0
2132.06	0
2132.38	0
2132.7	0
2133.02	0
2133.35	0
2133.67	0
2133.99	0
2134.31	0
2134.63	0
2134.96	0
2135.28	0
2135.6	5
2135.92	0
2136.24	0
2136.56	0
2136.88	0
2137.21	0
2137.53	6
2137.85	0
2138.17	0
2138.49	0
2138.81	0
2139.13	0
2139.46	0
2139.78	0
2140.1	0
2140.42	0
2140.74	0
2141.06	0
2141.38	0
2141.7	0
2142.03	0
2142.35	19
2142.67	0
2142.99	0
2143.31	0
2143.63	2
2143.95	0
2144.27	0
2144.59	0
2144.91	0
2145.24	0
2145.56	0
2145.88	0
2146.2	0
2146.52	0
2146.84	0
2147.16	0
2147.48	0
2147.8	0
2148.12	0
2148.44	0
2148.76	0
2149.08	0
2149.41	0
2149.73	0
2150.05	0
2150.37	0
2150.69	0
2151.01	-20
2151.33	0
2151.65	0
2151.97	0
2152.29	0
2152.61	0
2152.93	0
2153.25	0
2153.57	0
2153.89	0
2154.21	0
2154.53	0
2154.85	0
2155.17	0
2155.49	0
2155.81	0
2156.13	0
2156.45	0
2156.77	0
2157.09	0
2157.41	0
2157.73	0
2158.05	0
2158.37	0
2158.69	4
2159.01	0
2159.33	0
2159.65	0
2159.97	0
2160.29	6
2160.61	0
2160.93	0
2161.25	0
2161.57	0
2161.89	0
2162.21	0
2162.53	0
2162.85	0
2163.17	0
2163.49	0
2163.81	0
2164.13	0
2164.45	0
2164.77	7
2165.08	2
2165.4	0
2165.72	0
2166.04	0
2166.36	0
2166.68	0
2167	0
2167.32	0
2167.64	0
2167.96	0
2168.28	0
2168.6	0
2168.92	0
2169.24	0
2169.55	0
2169.87	0
2170.19	0
2170.51	0
2170.83	0
2171.15	0
2171.47	0
2171.79	0
2172.11	0
2172.43	0
2172.74	0
2173.06	0
2173.38	0
2173.7	0
2174.02	3
2174.34	0
2174.66	0
2174.98	0
2175.29	0
2175.61	0
2175.93	0
2176.25	0
2176.57	0
2176.89	0
2177.21	0
2177.52	0
2177.84	0
2178.16	0
2178.48	0
2178.8	0
2179.12	0
2179.43	0
2179.75	0
2180.07	0
2180.39	0
2180.71	0
2181.03	0
2181.34	0
2181.66	0
2181.98	0
2182.3	0
2182.62	0
2182.93	0
2183.25	0
2183.57	0
2183.89	0
2184.21	0
2184.52	0
2184.84	0
2185.16	0
2185.48	0
2185.8	0
2186.11	0
2186.43	0
2186.75	0
2187.07	0
2187.39	0
2187.7	0
2188.02	0
2188.34	2
2188.66	0
2188.97	0
2189.29	0
2189.61	0
2189.93	0
2190.24	0
2190.56	0
2190.88	0
2191.2	0
2191.51	0
2191.83	0
2192.15	0
2192.47	0
2192.78	0
2193.1	0
2193.42	5
2193.74	0
2194.05	0
2194.37	0
2194.69	0
2195	0
2195.32	0
2195.64	0
2195.96	0
2196.27	20
2196.59	0
2196.91	0
2197.22	3
2197.54	0
2197.86	0
2198.18	0
2198.49	0
2198.81	0
2199.13	0
2199.44	0
2199.76	0
2200.08	1
2200.39	0
2200.71	0
2201.03	0
2201.34	0
2201.66	0
2201.98	0
2202.29	0
2202.61	0
2202.93	0
2203.24	0
2203.56	0
2203.88	0
2204.19	0
2204.51	0
2204.83	0
2205.14	5
2205.46	0
2205.78	0
2206.09	0
2206.41	0
2206.72	0
2207.04	0
2207.36	0
2207.67	0
2207.99	0
2208.31	0
2208.62	0
2208.94	0
2209.25	7
2209.57	0
2209.89	0
2210.2	0
2210.52	0
2210.83	0
2211.15	0
2211.47	0
2211.78	0
2212.1	0
2212.41	0
2212.73	0
2213.05	0
2213.36	0
2213.68	0
2213.99	0
2214.31	0
2214.62	0
2214.94	0
2215.26	0
2215.57	0
2215.89	0
2216.2	0
2216.52	0
2216.83	0
2217.15	0
2217.46	0
2217.78	9
2218.1	0
2218.41	0
2218.73	0
2219.04	0
2219.36	0
2219.67	0
2219.99	0
2220.3	8
2220.62	0
2220.93	0
2221.25	0
2221.56	0
2221.88	0
2222.19	0
2222.51	0
2222.82	0
2223.14	0
2223.45	0
2223.77	0
2224.08	0
2224.4	0
2224.71	0
2225.03	2
2225.34	0
2225.66	0
2225.97	0
2226.29	0
2226.6	0
2226.92	0
2227.23	0
2227.55	0
2227.86	0
2228.18	0
2228.49	-7
2228.81	-6
2229.12	0
2229.44	-1
2229.75	0
2230.07	0
2230.38	0
2230.69	0
2231.01	0
2231.32	0
2231.64	0
2231.95	0
2232.27	0
2232.58	0
2232.9	0
2233.21	0
2233.52	0
2233.84	0
2234.15	0
2234.47	0
2234.78	0
2235.1	0
2235.41	0
2235.72	0
2236.04	0
2236.35	0
2236.67	0
2236.98	0
2237.29	5
2237.61	0
2237.92	0
2238.24	0
2238.55	0
2238.86	-4
2239.18	0
2239.49	0
2239.8	0
2240.12	0
2240.43	0
2240.75	0
2241.06	0
2241.37	0
2241.69	0
2242	1
2242.31	0
2242.63	0
2242.94	0
2243.26	0
2243.57	0
2243.88	0
2244.2	0
2244.51	0
2244.82	0
2245.14	0
2245.45	0
2245.76	0
2246.08	0
2246.39	0
2246.7	0
2247.02	0
2247.33	0
2247.64	0
2247.96	0
2248.27	0
2248.58	0
2248.9	0
2249.21	0
2249.52	2
2249.83	0
2250.15	0
2250.46	0
2250.77	0
2251.09	0
2251.4	0
2251.71	0
2252.03	0
2252.34	0
2252.65	0
2252.96	0
2253.28	0
2253.59	0
2253.9	0
2254.21	0
2254.53	0
2254.84	3
2255.15	0
2255.47	0
2255.78	0
2256.09	0
2256.4	0
2256.72	0
2257.03	3
2257.34	0
2257.65	0
2257.97	0
2258.28	0
2258.59	0
2258.9	0
2259.22	0
2259.53	0
2259.84	0
2260.15	0
2260.46	0
2260.78	0
2261.09	0
2261.4	0
2261.71	0
2262.03	0
2262.34	0
2262.65	0
2262.96	0
2263.27	0
2263.59	0
2263.9	0
2264.21	0
2264.52	0
2264.83	0
2265.15	0
2265.46	0
2265.77	0
2266.08	0
2266.39	0
2266.7	0
2267.02	0
2267.33	0
2267.64	0
2267.95	0
2268.26	0
2268.57	-1
2268.89	0
2269.2	0
2269.51	0
2269.82	0
2270.13	0
2270.44	0
2270.76	0
2271.07	0
2271.38	0
2271.69	0
2272	0
2272.31	0
2272.62	0
2272.93	0
2273.25	0
2273.56	0
2273.87	0
2274.18	0
2274.49	0
2274.8	0
2275.11	0
2275.42	0
2275.74	0
2276.05	0
2276.36	-1
2276.67	0
2276.98	0
2277.29	0
2277.6	-1
2277.91	0
2278.22	0
2278.53	0
2278.85	0
2279.16	0
2279.47	0
2279.78	0
2280.09	0
2280.4	0
2280.71	0
2281.02	0
2281.33	0
2281.64	0
2281.95	0
2282.26	0
2282.57	0
2282.88	0
2283.19	0
2283.5	0
2283.82	0
2284.13	1
2284.44	0
2284.75	0
2285.06	0
2285.37	0
2285.68	0
2285.99	-2
2286.3	0
2286.61	0
2286.92	0
2287.23	0
2287.54	10
2287.85	0
2288.16	0
2288.47	0
2288.78	0
2289.09	0
2289.4	4
2289.71	0
2290.02	0
2290.33	0
2290.64	-5
2290.95	0
2291.26	0
2291.57	0
2291.88	0
2292.19	7
2292.5	0
2292.81	0
2293.12	-1
2293.43	0
2293.74	0
2294.05	0
2294.36	0
2294.67	0
2294.98	0
2295.29	0
2295.6	0
2295.91	0
2296.21	0
2296.52	0
2296.83	0
2297.14	0
2297.45	0
2297.76	0
2298.07	0
2298.38	0
2298.69	0
2299	0
2299.31	0
2299.62	-5
2299.93	0
2300.24	0
2300.55	0
2300.85	0
2301.16	0
2301.47	0
2301.78	0
2302.09	0
2302.4	0
2302.71	0
2303.02	0
2303.33	0
2303.64	0
2303.94	0
2304.25	0
2304.56	0
2304.87	0
2305.18	0
2305.49	0
2305.8	0
2306.11	0
2306.42	0
2306.72	0
2307.03	0
2307.34	0
2307.65	0
2307.96	0
2308.27	0
2308.58	0
2308.88	0
2309.19	0
2309.5	0
2309.81	0
2310.12	0
2310.43	0
2310.74	0
2311.04	0
2311.35	0
2311.66	0
2311.97	0
2312.28	0
2312.59	0
2312.89	0
2313.2	6
2313.51	0
2313.82	0
2314.13	0
2314.43	0
2314.74	0
2315.05	0
2315.36	0
2315.67	0
2315.97	0
2316.28	0
2316.59	0
2316.9	0
2317.21	0
2317.51	0
2317.82	0
2318.13	0
2318.44	0
2318.75	0
2319.05	0
2319.36	0
2319.67	0
2319.98	0
2320.28	0
2320.59	0
2320.9	0
2321.21	0
2321.51	0
2321.82	0
2322.13	0
2322.44	0
2322.74	0
2323.05	3
2323.36	0
2323.67	0
2323.97	0
2324.28	0
2324.59	0
2324.9	0
2325.2	0
2325.51	0
2325.82	0
2326.13	0
2326.43	0
2326.74	0
2327.05	0
2327.35	0
2327.66	0
2327.97	0
2328.27	0
2328.58	0
2328.89	0
2329.2	0
2329.5	0
2329.81	0
2330.12	0
2330.42	0
2330.73	0
2331.04	0
2331.34	0
2331.65	0
2331.96	0
2332.26	0
2332.57	0
2332.88	0
2333.18	0
2333.49	0
2333.8	0
2334.1	0
2334.41	0
2334.72	0
2335.02	0
2335.33	-5
2335.64	0
2335.94	0
2336.25	0
2336.56	0
2336.86	0
2337.17	2
2337.48	0
2337.78	0
2338.09	0
2338.39	0
2338.7	-3
2339.01	0
2339.31	0
2339.62	9
2339.93	0
2340.23	0
2340.54	0
2340.84	0
2341.15	0
2341.46	0
2341.76	0
2342.07	0
2342.37	0
2342.68	0
2342.99	0
2343.29	0
2343.6	0
2343.9	0
2344.21	0
2344.51	0
2344.82	0
2345.13	0
2345.43	0
2345.74	0
2346.04	0
2346.35	0
2346.65	0
2346.96	0
2347.27	0
2347.57	0
2347.88	0
2348.18	0
2348.49	0
2348.79	0
2349.1	0
2349.4	2
2349.71	0
2350.01	0
2350.32	0
2350.63	-5
2350.93	0
2351.24	0
2351.54	0
2351.85	0
2352.15	0
2352.46	0
2352.76	0
2353.07	0
2353.37	0
2353.68	1
2353.98	0
2354.29	0
2354.59	0
2354.9	0
2355.2	0
2355.51	0
2355.81	0
2356.12	0
2356.42	0
2356.73	0
2357.03	0
2357.34	9
2357.64	0
2357.95	0
2358.25	0
2358.55	0
2358.86	0
2359.16	0
2359.47	0
2359.77	0
2360.08	0
2360.38	0
2360.69	0
2360.99	0
2361.3	0
2361.6	0
2361.9	0
2362.21	0
2362.51	0
2362.82	0
2363.12	0
2363.43	0
2363.73	0
2364.04	0
2364.34	0
2364.64	0
2364.95	0
2365.25	0
2365.56	0
2365.86	0
2366.16	0
2366.47	0
2366.77	0
2367.08	0
2367.38	0
2367.68	0
2367.99	0
2368.29	0
2368.6	0
2368.9	0
2369.2	0
2369.51	0
2369.81	0
2370.12	0
2370.42	0
2370.72	-10
2371.03	0
2371.33	0
2371.63	0
2371.94	0
2372.24	0
2372.55	0
2372.85	0
2373.15	0
2373.46	0
2373.76	0
2374.06	0
2374.37	0
2374.67	0
2374.97	0
2375.28	0
2375.58	0
2375.88	0
2376.19	0
2376.49	0
2376.79	0
2377.1	0
2377.4	0
2377.7	0
2378.01	0
2378.31	0
2378.61	0
2378.92	0
2379.22	0
2379.52	0
2379.82	0
2380.13	0
2380.43	0
2380.73	0
2381.04	0
2381.34	0
2381.64	0
2381.95	0
2382.25	0
2382.55	0
2382.85	0
2383.16	0
2383.46	0
2383.76	0
2384.06	0
2384.37	0
2384.67	0
2384.97	0
2385.28	0
2385.58	0
2385.88	0
2386.18	0
2386.49	0
2386.79	0
2387.09	0
2387.39	0
2387.69	0
2388	0
2388.3	0
2388.6	0
2388.9	0
2389.21	0
2389.51	0
2389.81	0
2390.11	0
2390.42	0
2390.72	0
2391.02	0
2391.32	0
2391.62	0
2391.93	0
2392.23	0
2392.53	0
2392.83	0
2393.13	0
2393.44	0
2393.74	1
2394.04	0
2394.34	0
2394.64	0
2394.95	0
2395.25	0
2395.55	0
2395.85	0
2396.15	0
2396.45	0
2396.76	0
2397.06	0
2397.36	0
2397.66	0
2397.96	0
2398.26	0
2398.57	0
2398.87	0
2399.17	0
2399.47	0
2399.77	0
2400.07	7
2400.37	0
2400.68	0
2400.98	0
2401.28	0
2401.58	0
2401.88	0
2402.18	0
2402.48	0
2402.79	0
2403.09	0
2403.39	0
2403.69	0
2403.99	0
2404.29	0
2404.59	0
2404.89	0
2405.19	0
2405.5	0
2405.8	0
2406.1	0
2406.4	0
2406.7	5
2407	0
2407.3	0
2407.6	0
2407.9	0
2408.2	0
2408.5	0
2408.8	0
2409.11	0
2409.41	0
2409.71	0
2410.01	0
2410.31	0
2410.61	0
2410.91	0
2411.21	0
2411.51	0
2411.81	0
2412.11	0
2412.41	0
2412.71	0
2413.01	0
2413.31	0
2413.61	0
2413.91	0
2414.21	0
2414.51	0
2414.81	0
2415.12	0
2415.42	0
2415.72	0
2416.02	0
2416.32	0
2416.62	0
2416.92	0
2417.22	0
2417.52	0
2417.82	-2
2418.12	0
2418.42	0
2418.72	0
2419.02	0
2419.32	0
2419.62	0
2419.92	0
2420.22	0
2420.52	4
2420.82	0
2421.12	0
2421.42	3
2421.71	0
2422.01	0
2422.31	0
2422.61	0
2422.91	0
2423.21	0
2423.51	0
2423.81	0
2424.11	0
2424.41	0
2424.71	0
2425.01	0
2425.31	0
2425.61	0
2425.91	0
2426.21	0
2426.51	0
2426.81	0
2427.11	0
2427.41	0
2427.7	0
2428	0
2428.3	0
2428.6	0
2428.9	0
2429.2	0
2429.5	0
2429.8	0
2430.1	0
2430.4	0
2430.7	0
2430.99	0
2431.29	0
2431.59	0
2431.89	0
2432.19	0
2432.49	0
2432.79	0
2433.09	0
2433.39	0
2433.68	0
2433.98	0
2434.28	0
2434.58	0
2434.88	0
2435.18	0
2435.48	0
2435.78	0
2436.07	0
2436.37	0
2436.67	0
2436.97	0
2437.27	0
2437.57	0
2437.86	0
2438.16	2
2438.46	0
2438.76	0
2439.06	1
2439.36	0
2439.66	0
2439.95	0
2440.25	0
2440.55	0
2440.85	0
2441.15	0
2441.44	0
2441.74	0
2442.04	0
2442.34	-1
2442.64	0
2442.93	0
2443.23	0
2443.53	0
2443.83	0
2444.13	0
2444.42	0
2444.72	0
2445.02	0
2445.32	0
2445.62	7
2445.91	0
2446.21	0
2446.51	0
2446.81	0
2447.1	0
2447.4	0
2447.7	0
2448	0
2448.3	0
2448.59	0
2448.89	0
2449.19	0
2449.49	0
2449.78	2
2450.08	0
2450.38	-1
2450.68	0
2450.97	0
2451.27	0
2451.57	0
2451.87	0
2452.16	0
2452.46	0
2452.76	0
2453.05	0
2453.35	0
2453.65	0
2453.95	0
2454.24	0
2454.54	0
2454.84	0
2455.13	0
2455.43	0
2455.73	0
2456.03	0
2456.32	0
2456.62	0
2456.92	0
2457.21	0
2457.51	3
2457.81	0
2458.1	0
2458.4	0
2458.7	0
2458.99	0
2459.29	0
2459.59	0
2459.88	0
2460.18	0
2460.48	0
2460.77	0
2461.07	0
2461.37	0
2461.66	0
2461.96	0
2462.26	0
2462.55	0
2462.85	0
2463.15	0
2463.44	0
2463.74	0
2464.04	0
2464.33	0
2464.63	0
2464.92	0
2465.22	-3
2465.52	0
2465.81	0
2466.11	0
2466.41	0
2466.7	0
2467	0
2467.29	0
2467.59	0
2467.89	0
2468.18	0
2468.48	0
2468.77	0
2469.07	0
2469.37	0
2469.66	0
2469.96	0
2470.25	0
2470.55	0
2470.84	0
2471.14	0
2471.44	0
2471.73	0
2472.03	-1
2472.32	0
2472.62	0
2472.91	0
2473.21	0
2473.51	0
2473.8	0
2474.1	0
2474.39	0
2474.69	0
2474.98	0
2475.28	0
2475.57	0
2475.87	6
2476.17	0
2476.46	0
2476.76	0
2477.05	0
2477.35	0
2477.64	0
2477.94	0
2478.23	0
2478.53	0
2478.82	0
2479.12	0
2479.41	0
2479.71	0
2480	0
2480.3	6
2480.59	0
2480.89	0
2481.18	0
2481.48	0
2481.77	0
2482.07	0
2482.36	0
2482.66	0
2482.95	0
2483.25	0
2483.54	0
2483.84	0
2484.13	0
2484.43	0
2484.72	0
2485.02	0
2485.31	0
2485.6	0
2485.9	0
2486.19	0
2486.49	0
2486.78	0
2487.08	0
2487.37	0
2487.67	0
2487.96	0
2488.26	2
2488.55	0
2488.84	0
2489.14	0
2489.43	0
2489.73	0
2490.02	0
2490.32	3
2490.61	0
2490.9	0
2491.2	0
2491.49	0
2491.79	0
2492.08	0
2492.37	0
2492.67	0
2492.96	0
2493.26	0
2493.55	0
2493.84	0
2494.14	0
2494.43	0
2494.73	0
2495.02	0
2495.31	0
2495.61	0
2495.9	0
2496.2	0
2496.49	0
2496.78	0
2497.08	0
2497.37	0
2497.66	0
2497.96	0
2498.25	0
2498.54	0
2498.84	0
2499.13	0
2499.43	0
2499.72	0
2500.01	0
2500.31	0
2500.6	0
2500.89	0
2501.19	11
2501.48	1
2501.77	0
2502.07	4
2502.36	0
2502.65	0
2502.95	0
2503.24	0
2503.53	0
2503.82	0
2504.12	0
2504.41	0
2504.7	0
2505	0
2505.29	0
2505.58	0
2505.88	0
2506.17	0
2506.46	0
2506.76	0
2507.05	0
2507.34	0
2507.63	0
2507.93	0
2508.22	0
2508.51	0
2508.8	0
2509.1	0
2509.39	0
2509.68	0
2509.98	0
2510.27	0
2510.56	0
2510.85	0
2511.15	3
2511.44	0
2511.73	0
2512.02	0
2512.32	0
2512.61	0
2512.9	0
2513.19	0
2513.49	0
2513.78	0
2514.07	0
2514.36	0
2514.65	0
2514.95	0
2515.24	0
2515.53	0
2515.82	0
2516.12	0
2516.41	0
2516.7	0
2516.99	0
2517.28	0
2517.58	0
2517.87	0
2518.16	0
2518.45	0
2518.74	0
2519.04	0
2519.33	0
2519.62	0
2519.91	0
2520.2	0
2520.5	0
2520.79	0
2521.08	0
2521.37	0
2521.66	0
2521.95	0
2522.25	0
2522.54	0
2522.83	0
2523.12	0
2523.41	0
2523.7	0
2523.99	0
2524.29	0
2524.58	0
2524.87	0
2525.16	0
2525.45	0
2525.74	0
2526.03	0
2526.33	0
2526.62	0
2526.91	0
2527.2	0
2527.49	0
2527.78	0
2528.07	0
2528.36	0
2528.66	0
2528.95	0
2529.24	0
2529.53	0
2529.82	0
2530.11	0
2530.4	0
2530.69	0
2530.98	0
2531.27	0
2531.57	0
2531.86	0
2532.15	0
2532.44	0
2532.73	0
2533.02	0
2533.31	0
2533.6	0
2533.89	0
2534.18	0
2534.47	0
2534.76	0
2535.05	0
2535.35	0
2535.64	0
2535.93	0
2536.22	3
2536.51	0
2536.8	0
2537.09	0
2537.38	0
2537.67	0
2537.96	0
2538.25	0
2538.54	0
2538.83	0
2539.12	0
2539.41	0
2539.7	0
2539.99	0
2540.28	0
2540.57	0
2540.86	0
2541.15	0
2541.44	0
2541.73	0
2542.02	0
2542.31	0
2542.6	0
2542.89	0
2543.18	0
2543.47	0
2543.76	0
2544.05	0
2544.34	0
2544.63	0
2544.92	0
2545.21	0
2545.5	0
2545.79	0
2546.08	0
2546.37	0
2546.66	0
2546.95	0
2547.24	-6
2547.53	7
2547.82	0
2548.11	0
2548.4	0
2548.69	0
2548.98	0
2549.27	0
2549.55	0
2549.84	0
2550.13	-9
2550.42	0
2550.71	-2
2551	0
2551.29	0
2551.58	0
2551.87	0
2552.16	0
2552.45	0
2552.74	0
2553.03	0
2553.31	0
2553.6	0
2553.89	0
2554.18	0
2554.47	0
2554.76	0
2555.05	0
2555.34	0
2555.63	0
2555.92	0
2556.2	0
2556.49	0
2556.78	0
2557.07	0
2557.36	0
2557.65	0
2557.94	0
2558.23	0
2558.51	0
2558.8	0
2559.09	0
2559.38	0
2559.67	0
2559.96	0
2560.25	0
2560.53	0
2560.82	0
2561.11	0
2561.4	0
2561.69	0
2561.98	0
2562.27	0
2562.55	0
2562.84	0
2563.13	0
2563.42	0
2563.71	0
2564	0
2564.28	0
2564.57	0
2564.86	0
2565.15	0
2565.44	0
2565.72	0
2566.01	0
2566.3	0
2566.59	0
2566.88	0
2567.16	0
2567.45	0
2567.74	0
2568.03	0
2568.32	0
2568.6	0
2568.89	0
2569.18	0
2569.47	0
2569.75	0

