Source: Spectrum Viewer

Chart: Pulse Spectrum

Series: 
Wavelength (nm)	S (a.u.)
1179.9	0
1180.29	0
1180.68	0
1181.06	0
1181.45	0
1181.83	0
1182.22	2
1182.6	0
1182.99	0
1183.38	0
1183.76	0
1184.15	0
1184.53	0
1184.92	0
1185.3	0
1185.69	0
1186.07	0
1186.46	0
1186.85	0
1187.23	0
1187.62	0
1188	0
1188.39	0
1188.77	0
1189.16	0
1189.54	0
1189.93	0
1190.31	0
1190.7	0
1191.08	0
1191.47	0
1191.85	0
1192.24	0
1192.62	5
1193.01	0
1193.39	0
1193.78	0
1194.16	0
1194.55	0
1194.93	0
1195.32	0
1195.7	0
1196.09	0
1196.47	0
1196.86	0
1197.24	0
1197.63	0
1198.01	0
1198.4	0
1198.78	0
1199.16	0
1199.55	0
1199.93	0
1200.32	0
1200.7	0
1201.09	0
1201.47	0
1201.86	0
1202.24	0
1202.63	0
1203.01	0
1203.39	0
1203.78	0
1204.16	0
1204.55	0
1204.93	0
1205.32	0
1205.7	0
1206.08	0
1206.47	0
1206.85	0
1207.24	0
1207.62	0
1208	0
1208.39	0
1208.77	0
1209.16	0
1209.54	0
1209.92	0
1210.31	0
1210.69	0
1211.08	0
1211.46	0
1211.84	0
1212.23	0
1212.61	0
1213	0
1213.38	0
1213.76	0
1214.15	10
1214.53	0
1214.91	0
1215.3	0
1215.68	0
1216.06	0
1216.45	0
1216.83	0
1217.22	0
1217.6	0
1217.98	0
1218.37	0
1218.75	0
1219.13	0
1219.52	0
1219.9	0
1220.28	0
1220.67	0
1221.05	0
1221.43	0
1221.82	0
1222.2	0
1222.58	0
1222.97	0
1223.35	0
1223.73	0
1224.11	0
1224.5	0
1224.88	0
1225.26	0
1225.65	0
1226.03	0
1226.41	0
1226.8	0
1227.18	0
1227.56	0
1227.94	0
1228.33	0
1228.71	0
1229.09	0
1229.47	0
1229.86	0
1230.24	0
1230.62	0
1231.01	0
1231.39	0
1231.77	0
1232.15	0
1232.54	0
1232.92	0
1233.3	0
1233.68	0
1234.07	0
1234.45	0
1234.83	0
1235.21	0
1235.6	0
1235.98	0
1236.36	0
1236.74	0
1237.12	0
1237.51	0
1237.89	0
1238.27	0
1238.65	0
1239.04	0
1239.42	0
1239.8	0
1240.18	0
1240.56	0
1240.95	0
1241.33	0
1241.71	0
1242.09	0
1242.47	0
1242.86	0
1243.24	0
1243.62	0
1244	0
1244.38	0
1244.77	0
1245.15	0
1245.53	0
1245.91	0
1246.29	0
1246.67	0
1247.06	0
1247.44	0
1247.82	0
1248.2	0
1248.58	0
1248.96	0
1249.34	0
1249.73	0
1250.11	0
1250.49	0
1250.87	-2
1251.25	0
1251.63	1
1252.01	0
1252.4	0
1252.78	0
1253.16	0
1253.54	0
1253.92	0
1254.3	0
1254.68	0
1255.06	0
1255.45	0
1255.83	0
1256.21	0
1256.59	0
1256.97	0
1257.35	0
1257.73	0
1258.11	0
1258.49	0
1258.87	0
1259.26	0
1259.64	0
1260.02	0
1260.4	0
1260.78	0
1261.16	0
1261.54	0
1261.92	0
1262.3	0
1262.68	0
1263.06	0
1263.44	0
1263.82	0
1264.21	0
1264.59	0
1264.97	0
1265.35	0
1265.73	0
1266.11	0
1266.49	0
1266.87	0
1267.25	0
1267.63	0
1268.01	0
1268.39	0
1268.77	0
1269.15	0
1269.53	0
1269.91	17
1270.29	0
1270.67	-7
1271.05	0
1271.43	0
1271.81	0
1272.19	0
1272.57	0
1272.95	0
1273.33	0
1273.71	0
1274.09	0
1274.47	0
1274.85	0
1275.23	0
1275.61	0
1275.99	0
1276.37	0
1276.75	0
1277.13	0
1277.51	0
1277.89	0
1278.27	0
1278.65	0
1279.03	0
1279.41	0
1279.79	0
1280.17	0
1280.55	0
1280.93	0
1281.31	0
1281.69	0
1282.07	0
1282.45	0
1282.82	0
1283.2	0
1283.58	2
1283.96	0
1284.34	0
1284.72	0
1285.1	0
1285.48	0
1285.86	0
1286.24	0
1286.62	0
1287	0
1287.38	0
1287.75	0
1288.13	0
1288.51	0
1288.89	0
1289.27	0
1289.65	0
1290.03	0
1290.41	0
1290.79	0
1291.17	0
1291.54	0
1291.92	0
1292.3	0
1292.68	0
1293.06	0
1293.44	0
1293.82	0
1294.2	0
1294.57	0
1294.95	0
1295.33	0
1295.71	0
1296.09	0
1296.47	0
1296.85	0
1297.22	0
1297.6	0
1297.98	0
1298.36	0
1298.74	0
1299.12	0
1299.5	0
1299.87	-1
1300.25	0
1300.63	0
1301.01	0
1301.39	0
1301.77	0
1302.14	0
1302.52	0
1302.9	-2
1303.28	0
1303.66	0
1304.03	0
1304.41	0
1304.79	0
1305.17	0
1305.55	0
1305.92	0
1306.3	0
1306.68	0
1307.06	0
1307.44	0
1307.81	0
1308.19	0
1308.57	0
1308.95	0
1309.32	0
1309.7	0
1310.08	0
1310.46	6
1310.84	0
1311.21	0
1311.59	0
1311.97	0
1312.35	0
1312.72	0
1313.1	0
1313.48	0
1313.86	11
1314.23	0
1314.61	0
1314.99	0
1315.37	2
1315.74	0
1316.12	0
1316.5	0
1316.87	0
1317.25	0
1317.63	0
1318.01	0
1318.38	0
1318.76	0
1319.14	0
1319.52	0
1319.89	0
1320.27	0
1320.65	0
1321.02	0
1321.4	0
1321.78	0
1322.15	0
1322.53	0
1322.91	0
1323.29	0
1323.66	-3
1324.04	1
1324.42	0
1324.79	0
1325.17	0
1325.55	0
1325.92	0
1326.3	0
1326.68	0
1327.05	0
1327.43	0
1327.81	0
1328.18	0
1328.56	0
1328.94	8
1329.31	0
1329.69	0
1330.06	0
1330.44	0
1330.82	0
1331.19	0
1331.57	0
1331.95	0
1332.32	0
1332.7	0
1333.08	0
1333.45	0
1333.83	0
1334.2	0
1334.58	0
1334.96	0
1335.33	0
1335.71	10
1336.08	0
1336.46	0
1336.84	0
1337.21	0
1337.59	0
1337.96	0
1338.34	0
1338.72	0
1339.09	0
1339.47	0
1339.84	0
1340.22	0
1340.6	0
1340.97	0
1341.35	0
1341.72	0
1342.1	0
1342.47	15
1342.85	2
1343.23	0
1343.6	0
1343.98	0
1344.35	0
1344.73	0
1345.1	0
1345.48	0
1345.85	0
1346.23	0
1346.61	0
1346.98	0
1347.36	0
1347.73	0
1348.11	0
1348.48	0
1348.86	0
1349.23	0
1349.61	0
1349.98	0
1350.36	16
1350.73	0
1351.11	0
1351.48	0
1351.86	0
1352.23	0
1352.61	0
1352.98	0
1353.36	0
1353.73	0
1354.11	0
1354.48	0
1354.86	0
1355.23	0
1355.61	0
1355.98	0
1356.36	0
1356.73	0
1357.11	0
1357.48	0
1357.86	0
1358.23	0
1358.61	0
1358.98	0
1359.35	0
1359.73	0
1360.1	0
1360.48	0
1360.85	0
1361.23	0
1361.6	0
1361.98	0
1362.35	0
1362.72	0
1363.1	0
1363.47	0
1363.85	0
1364.22	0
1364.6	0
1364.97	0
1365.34	0
1365.72	0
1366.09	5
1366.47	0
1366.84	0
1367.22	0
1367.59	0
1367.96	0
1368.34	0
1368.71	0
1369.09	0
1369.46	0
1369.83	0
1370.21	0
1370.58	-3
1370.96	0
1371.33	1
1371.7	0
1372.08	0
1372.45	0
1372.82	0
1373.2	0
1373.57	0
1373.95	0
1374.32	0
1374.69	0
1375.07	0
1375.44	0
1375.81	0
1376.19	0
1376.56	0
1376.93	0
1377.31	0
1377.68	0
1378.05	4
1378.43	0
1378.8	0
1379.17	0
1379.55	0
1379.92	0
1380.29	0
1380.67	0
1381.04	4
1381.41	0
1381.79	0
1382.16	0
1382.53	0
1382.91	0
1383.28	0
1383.65	0
1384.03	0
1384.4	0
1384.77	0
1385.14	0
1385.52	0
1385.89	0
1386.26	0
1386.64	0
1387.01	0
1387.38	0
1387.75	0
1388.13	0
1388.5	0
1388.87	0
1389.25	-4
1389.62	0
1389.99	0
1390.36	0
1390.74	0
1391.11	0
1391.48	0
1391.85	0
1392.23	0
1392.6	0
1392.97	0
1393.34	0
1393.72	0
1394.09	0
1394.46	-4
1394.83	0
1395.21	0
1395.58	0
1395.95	0
1396.32	0
1396.69	0
1397.07	0
1397.44	0
1397.81	0
1398.18	0
1398.55	0
1398.93	0
1399.3	0
1399.67	0
1400.04	0
1400.41	0
1400.79	0
1401.16	0
1401.53	0
1401.9	0
1402.27	0
1402.65	0
1403.02	0
1403.39	0
1403.76	0
1404.13	0
1404.51	0
1404.88	0
1405.25	0
1405.62	2
1405.99	0
1406.36	0
1406.74	0
1407.11	0
1407.48	0
1407.85	0
1408.22	0
1408.59	0
1408.96	0
1409.34	0
1409.71	0
1410.08	0
1410.45	0
1410.82	0
1411.19	-2
1411.56	0
1411.93	0
1412.31	0
1412.68	0
1413.05	0
1413.42	0
1413.79	0
1414.16	0
1414.53	0
1414.9	0
1415.27	0
1415.65	0
1416.02	0
1416.39	4
1416.76	0
1417.13	0
1417.5	0
1417.87	0
1418.24	0
1418.61	0
1418.98	0
1419.35	0
1419.73	0
1420.1	5
1420.47	0
1420.84	0
1421.21	0
1421.58	0
1421.95	0
1422.32	0
1422.69	0
1423.06	0
1423.43	0
1423.8	0
1424.17	0
1424.54	8
1424.91	0
1425.28	0
1425.65	0
1426.02	0
1426.39	0
1426.76	0
1427.14	0
1427.51	0
1427.88	0
1428.25	0
1428.62	0
1428.99	0
1429.36	0
1429.73	0
1430.1	0
1430.47	1
1430.84	0
1431.21	0
1431.58	0
1431.95	0
1432.32	0
1432.69	0
1433.06	-6
1433.43	0
1433.8	0
1434.17	1
1434.54	0
1434.91	0
1435.28	0
1435.64	0
1436.01	0
1436.38	0
1436.75	0
1437.12	0
1437.49	0
1437.86	0
1438.23	0
1438.6	-3
1438.97	0
1439.34	0
1439.71	0
1440.08	0
1440.45	0
1440.82	0
1441.19	0
1441.56	0
1441.93	0
1442.3	0
1442.67	0
1443.03	0
1443.4	0
1443.77	0
1444.14	0
1444.51	0
1444.88	0
1445.25	0
1445.62	0
1445.99	0
1446.36	0
1446.73	0
1447.09	3
1447.46	0
1447.83	0
1448.2	0
1448.57	0
1448.94	0
1449.31	1
1449.68	0
1450.05	0
1450.41	0
1450.78	0
1451.15	0
1451.52	0
1451.89	0
1452.26	0
1452.63	0
1453	0
1453.36	0
1453.73	0
1454.1	0
1454.47	0
1454.84	0
1455.21	0
1455.57	0
1455.94	0
1456.31	0
1456.68	0
1457.05	0
1457.42	0
1457.78	0
1458.15	0
1458.52	0
1458.89	0
1459.26	0
1459.63	0
1459.99	0
1460.36	0
1460.73	0
1461.1	0
1461.47	0
1461.83	0
1462.2	0
1462.57	0
1462.94	0
1463.31	0
1463.67	0
1464.04	0
1464.41	1
1464.78	0
1465.15	0
1465.51	0
1465.88	0
1466.25	0
1466.62	0
1466.98	0
1467.35	0
1467.72	0
1468.09	0
1468.46	0
1468.82	0
1469.19	0
1469.56	0
1469.93	0
1470.29	0
1470.66	0
1471.03	0
1471.4	0
1471.76	0
1472.13	0
1472.5	0
1472.86	0
1473.23	0
1473.6	0
1473.97	0
1474.33	0
1474.7	0
1475.07	-1
1475.44	0
1475.8	0
1476.17	0
1476.54	0
1476.9	0
1477.27	0
1477.64	0
1478	0
1478.37	0
1478.74	0
1479.11	0
1479.47	0
1479.84	0
1480.21	-1
1480.57	0
1480.94	0
1481.31	0
1481.67	0
1482.04	0
1482.41	0
1482.77	0
1483.14	0
1483.51	0
1483.87	0
1484.24	0
1484.61	0
1484.97	0
1485.34	0
1485.71	0
1486.07	0
1486.44	0
1486.81	0
1487.17	0
1487.54	0
1487.9	0
1488.27	0
1488.64	-3
1489	0
1489.37	0
1489.74	0
1490.1	0
1490.47	0
1490.83	0
1491.2	0
1491.57	0
1491.93	0
1492.3	0
1492.66	0
1493.03	-1
1493.4	2
1493.76	0
1494.13	0
1494.49	0
1494.86	3
1495.23	0
1495.59	0
1495.96	0
1496.32	0
1496.69	0
1497.06	0
1497.42	0
1497.79	0
1498.15	0
1498.52	0
1498.88	12
1499.25	0
1499.62	0
1499.98	0
1500.35	0
1500.71	0
1501.08	0
1501.44	0
1501.81	0
1502.17	0
1502.54	0
1502.9	0
1503.27	0
1503.64	0
1504	0
1504.37	0
1504.73	0
1505.1	0
1505.46	0
1505.83	0
1506.19	0
1506.56	0
1506.92	0
1507.29	0
1507.65	7
1508.02	0
1508.38	0
1508.75	0
1509.11	0
1509.48	0
1509.84	0
1510.21	0
1510.57	0
1510.94	0
1511.3	0
1511.67	0
1512.03	0
1512.4	0
1512.76	0
1513.13	0
1513.49	0
1513.85	0
1514.22	0
1514.58	0
1514.95	0
1515.31	0
1515.68	0
1516.04	0
1516.41	0
1516.77	0
1517.14	5
1517.5	0
1517.86	0
1518.23	-4
1518.59	0
1518.96	0
1519.32	0
1519.69	0
1520.05	-8
1520.41	0
1520.78	0
1521.14	0
1521.51	-4
1521.87	0
1522.24	0
1522.6	0
1522.96	0
1523.33	0
1523.69	0
1524.06	0
1524.42	0
1524.78	14
1525.15	3
1525.51	0
1525.88	0
1526.24	0
1526.6	4
1526.97	0
1527.33	0
1527.69	0
1528.06	0
1528.42	0
1528.79	0
1529.15	0
1529.51	0
1529.88	0
1530.24	0
1530.6	0
1530.97	0
1531.33	0
1531.69	0
1532.06	0
1532.42	0
1532.78	0
1533.15	0
1533.51	0
1533.87	0
1534.24	0
1534.6	0
1534.96	0
1535.33	0
1535.69	-2
1536.05	0
1536.42	0
1536.78	0
1537.14	0
1537.51	0
1537.87	0
1538.23	0
1538.6	0
1538.96	0
1539.32	0
1539.68	0
1540.05	0
1540.41	0
1540.77	0
1541.14	0
1541.5	0
1541.86	0
1542.23	0
1542.59	0
1542.95	7
1543.31	0
1543.68	0
1544.04	-3
1544.4	0
1544.76	1
1545.13	0
1545.49	4
1545.85	0
1546.21	0
1546.58	0
1546.94	0
1547.3	0
1547.66	0
1548.03	0
1548.39	0
1548.75	0
1549.11	0
1549.48	0
1549.84	0
1550.2	0
1550.56	0
1550.93	0
1551.29	0
1551.65	0
1552.01	0
1552.37	0
1552.74	0
1553.1	0
1553.46	0
1553.82	0
1554.18	0
1554.55	0
1554.91	0
1555.27	0
1555.63	0
1555.99	0
1556.36	0
1556.72	0
1557.08	0
1557.44	0
1557.8	0
1558.17	0
1558.53	0
1558.89	0
1559.25	0
1559.61	0
1559.97	0
1560.34	0
1560.7	0
1561.06	0
1561.42	0
1561.78	0
1562.14	0
1562.5	0
1562.87	0
1563.23	0
1563.59	0
1563.95	0
1564.31	0
1564.67	-2
1565.03	0
1565.4	-4
1565.76	0
1566.12	0
1566.48	0
1566.84	0
1567.2	0
1567.56	-1
1567.92	0
1568.29	0
1568.65	0
1569.01	0
1569.37	0
1569.73	0
1570.09	0
1570.45	0
1570.81	0
1571.17	0
1571.53	5
1571.89	0
1572.26	1
1572.62	0
1572.98	0
1573.34	0
1573.7	0
1574.06	0
1574.42	12
1574.78	0
1575.14	0
1575.5	0
1575.86	0
1576.22	0
1576.58	0
1576.94	0
1577.3	9
1577.67	0
1578.03	1
1578.39	0
1578.75	0
1579.11	0
1579.47	0
1579.83	0
1580.19	0
1580.55	0
1580.91	0
1581.27	0
1581.63	0
1581.99	0
1582.35	0
1582.71	0
1583.07	0
1583.43	3
1583.79	0
1584.15	0
1584.51	0
1584.87	0
1585.23	0
1585.59	0
1585.95	0
1586.31	16
1586.67	0
1587.03	0
1587.39	0
1587.75	0
1588.11	14
1588.47	12
1588.83	0
1589.19	0
1589.55	0
1589.91	0
1590.27	0
1590.63	0
1590.99	5
1591.35	0
1591.71	4
1592.07	1
1592.42	0
1592.78	0
1593.14	0
1593.5	0
1593.86	4
1594.22	0
1594.58	0
1594.94	0
1595.3	0
1595.66	0
1596.02	0
1596.38	4
1596.74	0
1597.1	5
1597.46	17
1597.81	11
1598.17	8
1598.53	20
1598.89	0
1599.25	0
1599.61	1
1599.97	0
1600.33	4
1600.69	0
1601.05	19
1601.4	15
1601.76	0
1602.12	20
1602.48	33
1602.84	32
1603.2	7
1603.56	28
1603.92	26
1604.28	11
1604.63	26
1604.99	30
1605.35	43
1605.71	15
1606.07	10
1606.43	31
1606.79	12
1607.14	17
1607.5	22
1607.86	35
1608.22	50
1608.58	38
1608.94	33
1609.29	29
1609.65	46
1610.01	33
1610.37	67
1610.73	54
1611.09	39
1611.44	39
1611.8	56
1612.16	34
1612.52	38
1612.88	36
1613.24	38
1613.59	41
1613.95	42
1614.31	66
1614.67	50
1615.03	60
1615.38	47
1615.74	82
1616.1	57
1616.46	44
1616.82	50
1617.17	47
1617.53	37
1617.89	55
1618.25	53
1618.6	53
1618.96	55
1619.32	60
1619.68	64
1620.04	51
1620.39	38
1620.75	55
1621.11	63
1621.47	46
1621.82	61
1622.18	44
1622.54	64
1622.9	40
1623.25	46
1623.61	68
1623.97	54
1624.33	54
1624.68	65
1625.04	64
1625.4	47
1625.75	36
1626.11	42
1626.47	47
1626.83	35
1627.18	49
1627.54	48
1627.9	36
1628.26	44
1628.61	47
1628.97	38
1629.33	35
1629.68	36
1630.04	46
1630.4	42
1630.75	52
1631.11	38
1631.47	61
1631.83	43
1632.18	44
1632.54	36
1632.9	43
1633.25	65
1633.61	46
1633.97	35
1634.32	48
1634.68	71
1635.04	44
1635.39	45
1635.75	51
1636.11	33
1636.46	66
1636.82	58
1637.18	69
1637.53	85
1637.89	65
1638.25	58
1638.6	59
1638.96	79
1639.31	89
1639.67	56
1640.03	75
1640.38	64
1640.74	78
1641.1	91
1641.45	73
1641.81	87
1642.16	110
1642.52	88
1642.88	67
1643.23	102
1643.59	124
1643.95	90
1644.3	80
1644.66	89
1645.01	76
1645.37	105
1645.73	98
1646.08	83
1646.44	116
1646.79	104
1647.15	82
1647.51	126
1647.86	116
1648.22	98
1648.57	107
1648.93	118
1649.28	114
1649.64	119
1650	129
1650.35	100
1650.71	100
1651.06	110
1651.42	122
1651.77	110
1652.13	94
1652.48	95
1652.84	103
1653.2	107
1653.55	108
1653.91	112
1654.26	109
1654.62	95
1654.97	73
1655.33	100
1655.68	105
1656.04	92
1656.39	63
1656.75	88
1657.1	82
1657.46	108
1657.81	93
1658.17	64
1658.52	69
1658.88	62
1659.23	79
1659.59	85
1659.94	77
1660.3	45
1660.65	69
1661.01	50
1661.36	61
1661.72	59
1662.07	62
1662.43	64
1662.78	47
1663.14	61
1663.49	39
1663.85	37
1664.2	49
1664.56	45
1664.91	19
1665.27	25
1665.62	40
1665.98	40
1666.33	46
1666.69	45
1667.04	27
1667.39	36
1667.75	30
1668.1	31
1668.46	22
1668.81	10
1669.17	9
1669.52	16
1669.88	21
1670.23	13
1670.58	16
1670.94	21
1671.29	35
1671.65	30
1672	0
1672.36	24
1672.71	17
1673.06	34
1673.42	0
1673.77	16
1674.13	15
1674.48	28
1674.83	24
1675.19	33
1675.54	0
1675.9	4
1676.25	26
1676.6	13
1676.96	19
1677.31	28
1677.67	14
1678.02	31
1678.37	36
1678.73	25
1679.08	20
1679.43	26
1679.79	21
1680.14	14
1680.5	10
1680.85	11
1681.2	19
1681.56	14
1681.91	19
1682.26	0
1682.62	22
1682.97	28
1683.32	7
1683.68	16
1684.03	7
1684.38	9
1684.74	20
1685.09	35
1685.44	12
1685.8	22
1686.15	0
1686.5	6
1686.86	3
1687.21	43
1687.56	43
1687.92	36
1688.27	44
1688.62	57
1688.98	56
1689.33	56
1689.68	41
1690.03	65
1690.39	23
1690.74	30
1691.09	50
1691.45	76
1691.8	80
1692.15	78
1692.5	101
1692.86	85
1693.21	88
1693.56	78
1693.92	47
1694.27	84
1694.62	99
1694.97	100
1695.33	121
1695.68	132
1696.03	127
1696.38	142
1696.74	113
1697.09	138
1697.44	156
1697.79	134
1698.15	130
1698.5	150
1698.85	153
1699.2	176
1699.56	158
1699.91	195
1700.26	196
1700.61	220
1700.97	234
1701.32	216
1701.67	241
1702.02	214
1702.37	222
1702.73	238
1703.08	243
1703.43	219
1703.78	250
1704.13	300
1704.49	285
1704.84	271
1705.19	308
1705.54	303
1705.89	301
1706.25	258
1706.6	305
1706.95	331
1707.3	345
1707.65	343
1708.01	365
1708.36	390
1708.71	380
1709.06	409
1709.41	405
1709.76	386
1710.12	364
1710.47	407
1710.82	395
1711.17	432
1711.52	402
1711.87	449
1712.23	476
1712.58	507
1712.93	506
1713.28	493
1713.63	540
1713.98	485
1714.33	471
1714.69	476
1715.04	511
1715.39	548
1715.74	532
1716.09	555
1716.44	558
1716.79	572
1717.14	587
1717.5	549
1717.85	562
1718.2	614
1718.55	593
1718.9	587
1719.25	585
1719.6	646
1719.95	624
1720.3	621
1720.65	640
1721.01	660
1721.36	664
1721.71	701
1722.06	678
1722.41	653
1722.76	678
1723.11	694
1723.46	712
1723.81	694
1724.16	738
1724.51	740
1724.86	769
1725.21	738
1725.56	744
1725.92	710
1726.27	746
1726.62	780
1726.97	804
1727.32	779
1727.67	775
1728.02	776
1728.37	836
1728.72	848
1729.07	815
1729.42	780
1729.77	826
1730.12	834
1730.47	855
1730.82	842
1731.17	832
1731.52	839
1731.87	871
1732.22	872
1732.57	868
1732.92	833
1733.27	837
1733.62	887
1733.97	911
1734.32	865
1734.67	865
1735.02	873
1735.37	884
1735.72	889
1736.07	871
1736.42	868
1736.77	887
1737.12	866
1737.47	901
1737.82	906
1738.17	872
1738.52	938
1738.87	908
1739.22	879
1739.57	907
1739.92	877
1740.27	895
1740.62	852
1740.97	894
1741.32	919
1741.67	907
1742.02	901
1742.37	934
1742.72	940
1743.06	893
1743.41	890
1743.76	919
1744.11	893
1744.46	912
1744.81	948
1745.16	880
1745.51	914
1745.86	950
1746.21	935
1746.56	925
1746.91	944
1747.26	903
1747.6	859
1747.95	909
1748.3	887
1748.65	889
1749	924
1749.35	956
1749.7	901
1750.05	929
1750.4	932
1750.75	906
1751.09	962
1751.44	899
1751.79	874
1752.14	937
1752.49	928
1752.84	863
1753.19	934
1753.54	876
1753.88	863
1754.23	903
1754.58	886
1754.93	891
1755.28	907
1755.63	858
1755.98	784
1756.32	866
1756.67	877
1757.02	822
1757.37	897
1757.72	889
1758.07	862
1758.42	887
1758.76	947
1759.11	849
1759.46	827
1759.81	855
1760.16	842
1760.5	778
1760.85	792
1761.2	852
1761.55	826
1761.9	888
1762.25	874
1762.59	814
1762.94	851
1763.29	799
1763.64	776
1763.99	800
1764.33	813
1764.68	746
1765.03	766
1765.38	841
1765.73	742
1766.07	813
1766.42	853
1766.77	827
1767.12	798
1767.46	703
1767.81	721
1768.16	741
1768.51	743
1768.85	765
1769.2	770
1769.55	779
1769.9	736
1770.25	816
1770.59	786
1770.94	750
1771.29	706
1771.64	661
1771.98	694
1772.33	693
1772.68	706
1773.02	694
1773.37	684
1773.72	658
1774.07	730
1774.41	734
1774.76	714
1775.11	668
1775.46	664
1775.8	640
1776.15	678
1776.5	685
1776.84	697
1777.19	647
1777.54	625
1777.89	701
1778.23	613
1778.58	646
1778.93	603
1779.27	592
1779.62	570
1779.97	612
1780.31	614
1780.66	573
1781.01	580
1781.35	556
1781.7	514
1782.05	608
1782.39	601
1782.74	554
1783.09	508
1783.43	539
1783.78	479
1784.13	499
1784.47	473
1784.82	499
1785.17	463
1785.51	528
1785.86	467
1786.21	473
1786.55	427
1786.9	441
1787.25	413
1787.59	447
1787.94	452
1788.29	406
1788.63	420
1788.98	421
1789.32	384
1789.67	358
1790.02	440
1790.36	400
1790.71	346
1791.06	307
1791.4	325
1791.75	403
1792.09	298
1792.44	332
1792.79	300
1793.13	325
1793.48	340
1793.82	354
1794.17	360
1794.52	366
1794.86	328
1795.21	311
1795.55	292
1795.9	225
1796.24	250
1796.59	205
1796.94	209
1797.28	235
1797.63	219
1797.97	266
1798.32	243
1798.66	250
1799.01	258
1799.36	186
1799.7	225
1800.05	217
1800.39	172
1800.74	216
1801.08	167
1801.43	150
1801.77	203
1802.12	192
1802.46	155
1802.81	178
1803.15	188
1803.5	156
1803.85	176
1804.19	199
1804.54	146
1804.88	123
1805.23	155
1805.57	136
1805.92	114
1806.26	175
1806.61	176
1806.95	153
1807.3	96
1807.64	149
1807.99	155
1808.33	129
1808.68	140
1809.02	117
1809.37	99
1809.71	104
1810.06	119
1810.4	101
1810.75	113
1811.09	94
1811.43	78
1811.78	86
1812.12	115
1812.47	91
1812.81	80
1813.16	76
1813.5	83
1813.85	68
1814.19	91
1814.54	63
1814.88	61
1815.23	86
1815.57	62
1815.91	63
1816.26	55
1816.6	31
1816.95	52
1817.29	44
1817.64	31
1817.98	46
1818.32	52
1818.67	86
1819.01	49
1819.36	44
1819.7	46
1820.05	49
1820.39	57
1820.73	129
1821.08	43
1821.42	22
1821.77	48
1822.11	41
1822.45	35
1822.8	50
1823.14	19
1823.49	21
1823.83	41
1824.17	39
1824.52	43
1824.86	30
1825.2	8
1825.55	13
1825.89	32
1826.24	22
1826.58	2
1826.92	38
1827.27	23
1827.61	42
1827.95	33
1828.3	19
1828.64	13
1828.98	16
1829.33	0
1829.67	14
1830.02	10
1830.36	0
1830.7	30
1831.05	27
1831.39	0
1831.73	7
1832.08	9
1832.42	0
1832.76	0
1833.1	0
1833.45	0
1833.79	9
1834.13	3
1834.48	0
1834.82	3
1835.16	0
1835.51	21
1835.85	39
1836.19	0
1836.54	0
1836.88	39
1837.22	10
1837.56	22
1837.91	38
1838.25	5
1838.59	3
1838.94	18
1839.28	0
1839.62	50
1839.96	44
1840.31	30
1840.65	0
1840.99	1
1841.34	4
1841.68	47
1842.02	24
1842.36	15
1842.71	0
1843.05	9
1843.39	0
1843.73	24
1844.08	28
1844.42	0
1844.76	5
1845.1	12
1845.45	8
1845.79	0
1846.13	4
1846.47	0
1846.81	6
1847.16	4
1847.5	0
1847.84	38
1848.18	20
1848.53	10
1848.87	10
1849.21	0
1849.55	21
1849.89	25
1850.24	22
1850.58	16
1850.92	12
1851.26	33
1851.6	37
1851.95	25
1852.29	50
1852.63	22
1852.97	35
1853.31	23
1853.66	18
1854	43
1854.34	20
1854.68	33
1855.02	17
1855.36	22
1855.71	39
1856.05	59
1856.39	65
1856.73	78
1857.07	35
1857.41	34
1857.76	37
1858.1	54
1858.44	45
1858.78	39
1859.12	84
1859.46	58
1859.8	61
1860.15	92
1860.49	74
1860.83	99
1861.17	43
1861.51	78
1861.85	64
1862.19	68
1862.53	65
1862.88	74
1863.22	78
1863.56	82
1863.9	99
1864.24	80
1864.58	115
1864.92	103
1865.26	89
1865.6	95
1865.94	75
1866.29	66
1866.63	109
1866.97	88
1867.31	105
1867.65	104
1867.99	127
1868.33	136
1868.67	97
1869.01	98
1869.35	93
1869.69	98
1870.03	67
1870.37	109
1870.72	117
1871.06	118
1871.4	139
1871.74	117
1872.08	133
1872.42	179
1872.76	97
1873.1	76
1873.44	136
1873.78	117
1874.12	96
1874.46	140
1874.8	131
1875.14	118
1875.48	98
1875.82	125
1876.16	168
1876.5	137
1876.84	108
1877.18	98
1877.52	146
1877.86	126
1878.2	130
1878.54	113
1878.88	113
1879.22	149
1879.56	147
1879.9	150
1880.24	144
1880.58	131
1880.92	124
1881.26	123
1881.6	149
1881.94	160
1882.28	133
1882.62	186
1882.96	135
1883.3	131
1883.64	147
1883.98	164
1884.32	171
1884.66	117
1885	160
1885.34	168
1885.68	142
1886.02	144
1886.36	139
1886.7	140
1887.04	148
1887.38	134
1887.72	171
1888.06	134
1888.39	151
1888.73	136
1889.07	127
1889.41	135
1889.75	125
1890.09	99
1890.43	114
1890.77	89
1891.11	127
1891.45	178
1891.79	132
1892.13	132
1892.47	125
1892.8	130
1893.14	114
1893.48	122
1893.82	136
1894.16	142
1894.5	104
1894.84	134
1895.18	122
1895.52	159
1895.86	136
1896.19	111
1896.53	106
1896.87	127
1897.21	103
1897.55	112
1897.89	137
1898.23	117
1898.57	160
1898.9	110
1899.24	131
1899.58	153
1899.92	136
1900.26	113
1900.6	113
1900.94	99
1901.27	122
1901.61	91
1901.95	128
1902.29	115
1902.63	109
1902.97	108
1903.3	134
1903.64	97
1903.98	111
1904.32	107
1904.66	104
1905	129
1905.33	108
1905.67	122
1906.01	92
1906.35	98
1906.69	80
1907.02	85
1907.36	102
1907.7	86
1908.04	109
1908.38	80
1908.71	110
1909.05	100
1909.39	90
1909.73	116
1910.07	90
1910.4	106
1910.74	91
1911.08	80
1911.42	73
1911.76	77
1912.09	90
1912.43	93
1912.77	81
1913.11	90
1913.44	89
1913.78	91
1914.12	71
1914.46	80
1914.79	63
1915.13	63
1915.47	80
1915.81	95
1916.14	105
1916.48	79
1916.82	87
1917.16	69
1917.49	77
1917.83	63
1918.17	45
1918.5	45
1918.84	56
1919.18	82
1919.52	61
1919.85	62
1920.19	74
1920.53	66
1920.87	84
1921.2	52
1921.54	60
1921.88	61
1922.21	37
1922.55	50
1922.89	48
1923.22	48
1923.56	47
1923.9	52
1924.23	28
1924.57	38
1924.91	62
1925.25	45
1925.58	49
1925.92	42
1926.26	6
1926.59	34
1926.93	41
1927.27	58
1927.6	50
1927.94	30
1928.28	40
1928.61	29
1928.95	17
1929.29	32
1929.62	18
1929.96	13
1930.29	0
1930.63	16
1930.97	22
1931.3	9
1931.64	27
1931.98	8
1932.31	33
1932.65	16
1932.99	31
1933.32	21
1933.66	14
1933.99	11
1934.33	11
1934.67	2
1935	4
1935.34	0
1935.67	0
1936.01	13
1936.35	9
1936.68	0
1937.02	0
1937.35	16
1937.69	5
1938.03	0
1938.36	0
1938.7	0
1939.03	0
1939.37	9
1939.7	0
1940.04	0
1940.38	9
1940.71	0
1941.05	8
1941.38	0
1941.72	19
1942.05	12
1942.39	3
1942.73	0
1943.06	7
1943.4	0
1943.73	15
1944.07	0
1944.4	0
1944.74	1
1945.07	3
1945.41	0
1945.74	3
1946.08	0
1946.42	-6
1946.75	0
1947.09	0
1947.42	0
1947.76	0
1948.09	0
1948.43	0
1948.76	20
1949.1	13
1949.43	0
1949.77	2
1950.1	0
1950.44	0
1950.77	8
1951.11	0
1951.44	18
1951.78	2
1952.11	23
1952.45	31
1952.78	20
1953.12	0
1953.45	24
1953.79	0
1954.12	0
1954.46	0
1954.79	0
1955.12	3
1955.46	28
1955.79	19
1956.13	10
1956.46	0
1956.8	31
1957.13	41
1957.47	10
1957.8	9
1958.14	7
1958.47	0
1958.8	13
1959.14	23
1959.47	36
1959.81	25
1960.14	29
1960.48	24
1960.81	43
1961.14	27
1961.48	29
1961.81	25
1962.15	36
1962.48	28
1962.82	26
1963.15	20
1963.48	48
1963.82	41
1964.15	36
1964.49	20
1964.82	59
1965.15	60
1965.49	34
1965.82	29
1966.16	22
1966.49	6
1966.82	33
1967.16	40
1967.49	42
1967.83	51
1968.16	63
1968.49	68
1968.83	65
1969.16	67
1969.49	46
1969.83	29
1970.16	58
1970.49	55
1970.83	48
1971.16	71
1971.5	39
1971.83	57
1972.16	40
1972.5	49
1972.83	77
1973.16	44
1973.5	15
1973.83	28
1974.16	46
1974.5	50
1974.83	77
1975.16	71
1975.5	39
1975.83	64
1976.16	23
1976.49	39
1976.83	75
1977.16	34
1977.49	56
1977.83	37
1978.16	29
1978.49	38
1978.83	56
1979.16	47
1979.49	51
1979.83	60
1980.16	55
1980.49	23
1980.82	51
1981.16	20
1981.49	35
1981.82	56
1982.15	39
1982.49	48
1982.82	58
1983.15	67
1983.49	49
1983.82	43
1984.15	35
1984.48	49
1984.82	30
1985.15	34
1985.48	38
1985.81	22
1986.15	40
1986.48	40
1986.81	18
1987.14	66
1987.48	41
1987.81	37
1988.14	41
1988.47	33
1988.81	20
1989.14	19
1989.47	19
1989.8	40
1990.13	19
1990.47	31
1990.8	25
1991.13	39
1991.46	43
1991.79	36
1992.13	21
1992.46	3
1992.79	7
1993.12	43
1993.45	20
1993.79	18
1994.12	38
1994.45	22
1994.78	27
1995.11	10
1995.45	11
1995.78	23
1996.11	7
1996.44	20
1996.77	0
1997.1	26
1997.44	30
1997.77	17
1998.1	45
1998.43	36
1998.76	8
1999.09	15
1999.43	0
1999.76	28
2000.09	6
2000.42	18
2000.75	11
2001.08	0
2001.41	13
2001.75	12
2002.08	11
2002.41	16
2002.74	0
2003.07	4
2003.4	1
2003.73	8
2004.06	1
2004.4	3
2004.73	12
2005.06	8
2005.39	0
2005.72	0
2006.05	0
2006.38	0
2006.71	12
2007.04	5
2007.37	0
2007.71	0
2008.04	0
2008.37	0
2008.7	0
2009.03	0
2009.36	0
2009.69	0
2010.02	0
2010.35	5
2010.68	0
2011.01	0
2011.34	0
2011.67	0
2012.01	0
2012.34	0
2012.67	0
2013	0
2013.33	0
2013.66	0
2013.99	0
2014.32	0
2014.65	0
2014.98	0
2015.31	0
2015.64	0
2015.97	0
2016.3	0
2016.63	0
2016.96	0
2017.29	0
2017.62	0
2017.95	2
2018.28	0
2018.61	0
2018.94	-5
2019.27	0
2019.6	0
2019.93	0
2020.26	0
2020.59	0
2020.92	0
2021.25	0
2021.58	0
2021.91	0
2022.24	0
2022.57	0
2022.9	0
2023.23	0
2023.56	0
2023.89	0
2024.22	-4
2024.55	0
2024.88	0
2025.21	0
2025.54	0
2025.87	1
2026.2	0
2026.53	0
2026.86	0
2027.19	0
2027.52	0
2027.85	6
2028.18	0
2028.51	0
2028.84	0
2029.16	0
2029.49	0
2029.82	0
2030.15	0
2030.48	3
2030.81	0
2031.14	0
2031.47	0
2031.8	0
2032.13	0
2032.46	0
2032.79	0
2033.12	0
2033.44	0
2033.77	0
2034.1	0
2034.43	0
2034.76	0
2035.09	0
2035.42	0
2035.75	0
2036.08	0
2036.41	0
2036.73	0
2037.06	0
2037.39	0
2037.72	0
2038.05	0
2038.38	0
2038.71	0
2039.04	0
2039.36	0
2039.69	0
2040.02	0
2040.35	0
2040.68	0
2041.01	0
2041.34	2
2041.66	0
2041.99	0
2042.32	0
2042.65	2
2042.98	0
2043.31	0
2043.63	0
2043.96	0
2044.29	0
2044.62	0
2044.95	0
2045.28	7
2045.6	0
2045.93	0
2046.26	0
2046.59	0
2046.92	0
2047.24	1
2047.57	0
2047.9	0
2048.23	0
2048.56	0
2048.88	6
2049.21	5
2049.54	0
2049.87	0
2050.2	0
2050.52	0
2050.85	0
2051.18	0
2051.51	0
2051.83	0
2052.16	0
2052.49	0
2052.82	14
2053.15	5
2053.47	0
2053.8	0
2054.13	0
2054.46	0
2054.78	6
2055.11	0
2055.44	2
2055.77	0
2056.09	0
2056.42	0
2056.75	2
2057.08	0
2057.4	0
2057.73	0
2058.06	0
2058.38	0
2058.71	0
2059.04	0
2059.37	0
2059.69	0
2060.02	-1
2060.35	0
2060.67	0
2061	0
2061.33	0
2061.66	0
2061.98	0
2062.31	0
2062.64	0
2062.96	0
2063.29	0
2063.62	0
2063.94	5
2064.27	0
2064.6	3
2064.92	0
2065.25	0
2065.58	0
2065.91	0
2066.23	0
2066.56	0
2066.89	0
2067.21	0
2067.54	0
2067.87	0
2068.19	0
2068.52	0
2068.84	0
2069.17	0
2069.5	0
2069.82	0
2070.15	8
2070.48	0
2070.8	0
2071.13	12
2071.46	0
2071.78	0
2072.11	0
2072.43	0
2072.76	0
2073.09	0
2073.41	0
2073.74	0
2074.07	0
2074.39	0
2074.72	0
2075.04	1
2075.37	0
2075.7	0
2076.02	0
2076.35	0
2076.67	0
2077	0
2077.33	7
2077.65	0
2077.98	0
2078.3	0
2078.63	9
2078.95	0
2079.28	0
2079.61	10
2079.93	0
2080.26	0
2080.58	0
2080.91	2
2081.23	0
2081.56	0
2081.89	0
2082.21	0
2082.54	0
2082.86	0
2083.19	0
2083.51	0
2083.84	1
2084.16	0
2084.49	0
2084.81	1
2085.14	0
2085.46	0
2085.79	0
2086.12	5
2086.44	0
2086.77	12
2087.09	-2
2087.42	0
2087.74	0
2088.07	8
2088.39	0
2088.72	0
2089.04	0
2089.37	0
2089.69	0
2090.02	0
2090.34	0
2090.67	0
2090.99	0
2091.32	0
2091.64	0
2091.97	0
2092.29	0
2092.62	0
2092.94	0
2093.26	0
2093.59	0
2093.91	7
2094.24	0
2094.56	0
2094.89	0
2095.21	0
2095.54	0
2095.86	0
2096.19	3
2096.51	0
2096.84	0
2097.16	0
2097.48	0
2097.81	0
2098.13	0
2098.46	0
2098.78	0
2099.11	0
2099.43	0
2099.75	0
2100.08	2
2100.4	-2
2100.73	0
2101.05	0
2101.38	0
2101.7	0
2102.02	0
2102.35	0
2102.67	0
2103	0
2103.32	0
2103.64	0
2103.97	0
2104.29	0
2104.62	0
2104.94	0
2105.26	0
2105.59	0
2105.91	0
2106.23	0
2106.56	0
2106.88	0
2107.21	0
2107.53	0
2107.85	0
2108.18	0
2108.5	4
2108.82	0
2109.15	0
2109.47	0
2109.79	0
2110.12	0
2110.44	0
2110.76	0
2111.09	0
2111.41	0
2111.73	0
2112.06	0
2112.38	0
2112.7	0
2113.03	0
2113.35	0
2113.67	0
2114	0
2114.32	0
2114.64	10
2114.97	0
2115.29	0
2115.61	0
2115.94	0
2116.26	0
2116.58	0
2116.91	0
2117.23	0
2117.55	0
2117.87	0
2118.2	0
2118.52	0
2118.84	0
2119.17	0
2119.49	0
2119.81	0
2120.13	0
2120.46	0
2120.78	0
2121.1	0
2121.42	0
2121.75	0
2122.07	0
2122.39	0
2122.72	0
2123.04	0
2123.36	0
2123.68	0
2124.01	0
2124.33	0
2124.65	2
2124.97	0
2125.29	12
2125.62	0
2125.94	0
2126.26	0
2126.58	0
2126.91	0
2127.23	0
2127.55	0
2127.87	0
2128.2	0
2128.52	0
2128.84	0
2129.16	0
2129.48	0
2129.81	0
2130.13	0
2130.45	0
2130.77	0
2131.09	0
2131.42	0
2131.74	0
2132.06	0
2132.38	0
2132.7	0
2133.02	8
2133.35	0
2133.67	0
2133.99	0
2134.31	0
2134.63	0
2134.96	0
2135.28	0
2135.6	0
2135.92	0
2136.24	0
2136.56	0
2136.88	0
2137.21	0
2137.53	0
2137.85	0
2138.17	0
2138.49	0
2138.81	0
2139.13	0
2139.46	0
2139.78	0
2140.1	0
2140.42	0
2140.74	0
2141.06	0
2141.38	0
2141.7	0
2142.03	0
2142.35	0
2142.67	0
2142.99	0
2143.31	0
2143.63	0
2143.95	0
2144.27	0
2144.59	0
2144.91	0
2145.24	0
2145.56	0
2145.88	0
2146.2	0
2146.52	0
2146.84	0
2147.16	5
2147.48	0
2147.8	0
2148.12	0
2148.44	0
2148.76	0
2149.08	0
2149.41	0
2149.73	0
2150.05	0
2150.37	0
2150.69	0
2151.01	-20
2151.33	0
2151.65	0
2151.97	0
2152.29	0
2152.61	0
2152.93	0
2153.25	0
2153.57	0
2153.89	0
2154.21	0
2154.53	0
2154.85	0
2155.17	0
2155.49	0
2155.81	0
2156.13	0
2156.45	0
2156.77	0
2157.09	0
2157.41	0
2157.73	0
2158.05	0
2158.37	13
2158.69	0
2159.01	0
2159.33	0
2159.65	0
2159.97	0
2160.29	0
2160.61	0
2160.93	0
2161.25	0
2161.57	0
2161.89	0
2162.21	0
2162.53	0
2162.85	3
2163.17	0
2163.49	0
2163.81	0
2164.13	0
2164.45	5
2164.77	0
2165.08	0
2165.4	0
2165.72	0
2166.04	0
2166.36	0
2166.68	0
2167	0
2167.32	0
2167.64	0
2167.96	0
2168.28	0
2168.6	0
2168.92	0
2169.24	0
2169.55	0
2169.87	0
2170.19	0
2170.51	0
2170.83	0
2171.15	2
2171.47	0
2171.79	0
2172.11	0
2172.43	0
2172.74	0
2173.06	0
2173.38	0
2173.7	0
2174.02	0
2174.34	0
2174.66	0
2174.98	0
2175.29	0
2175.61	0
2175.93	0
2176.25	0
2176.57	0
2176.89	0
2177.21	0
2177.52	0
2177.84	0
2178.16	0
2178.48	0
2178.8	0
2179.12	0
2179.43	7
2179.75	0
2180.07	0
2180.39	0
2180.71	0
2181.03	0
2181.34	0
2181.66	0
2181.98	6
2182.3	0
2182.62	0
2182.93	0
2183.25	0
2183.57	0
2183.89	0
2184.21	0
2184.52	0
2184.84	0
2185.16	0
2185.48	0
2185.8	0
2186.11	0
2186.43	0
2186.75	0
2187.07	0
2187.39	0
2187.7	0
2188.02	0
2188.34	0
2188.66	0
2188.97	0
2189.29	0
2189.61	0
2189.93	0
2190.24	0
2190.56	0
2190.88	0
2191.2	0
2191.51	0
2191.83	0
2192.15	0
2192.47	0
2192.78	0
2193.1	0
2193.42	0
2193.74	0
2194.05	0
2194.37	0
2194.69	0
2195	0
2195.32	0
2195.64	0
2195.96	0
2196.27	0
2196.59	0
2196.91	0
2197.22	0
2197.54	0
2197.86	0
2198.18	0
2198.49	9
2198.81	0
2199.13	0
2199.44	0
2199.76	0
2200.08	0
2200.39	0
2200.71	13
2201.03	0
2201.34	0
2201.66	0
2201.98	0
2202.29	0
2202.61	0
2202.93	0
2203.24	0
2203.56	0
2203.88	0
2204.19	0
2204.51	0
2204.83	0
2205.14	0
2205.46	0
2205.78	0
2206.09	0
2206.41	0
2206.72	0
2207.04	0
2207.36	0
2207.67	0
2207.99	0
2208.31	0
2208.62	0
2208.94	0
2209.25	0
2209.57	0
2209.89	0
2210.2	0
2210.52	0
2210.83	0
2211.15	0
2211.47	0
2211.78	0
2212.1	0
2212.41	0
2212.73	0
2213.05	0
2213.36	0
2213.68	0
2213.99	0
2214.31	0
2214.62	0
2214.94	0
2215.26	0
2215.57	0
2215.89	0
2216.2	0
2216.52	0
2216.83	0
2217.15	0
2217.46	0
2217.78	0
2218.1	0
2218.41	0
2218.73	0
2219.04	0
2219.36	0
2219.67	0
2219.99	5
2220.3	0
2220.62	0
2220.93	0
2221.25	0
2221.56	0
2221.88	0
2222.19	0
2222.51	0
2222.82	0
2223.14	0
2223.45	0
2223.77	0
2224.08	0
2224.4	0
2224.71	0
2225.03	0
2225.34	0
2225.66	0
2225.97	0
2226.29	0
2226.6	0
2226.92	0
2227.23	0
2227.55	0
2227.86	0
2228.18	0
2228.49	-7
2228.81	-6
2229.12	0
2229.44	-1
2229.75	6
2230.07	0
2230.38	0
2230.69	0
2231.01	0
2231.32	0
2231.64	0
2231.95	0
2232.27	0
2232.58	0
2232.9	0
2233.21	0
2233.52	0
2233.84	0
2234.15	2
2234.47	0
2234.78	0
2235.1	0
2235.41	0
2235.72	0
2236.04	0
2236.35	0
2236.67	0
2236.98	0
2237.29	0
2237.61	0
2237.92	0
2238.24	0
2238.55	0
2238.86	-4
2239.18	0
2239.49	0
2239.8	0
2240.12	0
2240.43	0
2240.75	0
2241.06	5
2241.37	0
2241.69	0
2242	0
2242.31	0
2242.63	0
2242.94	0
2243.26	0
2243.57	0
2243.88	0
2244.2	0
2244.51	0
2244.82	0
2245.14	0
2245.45	0
2245.76	4
2246.08	0
2246.39	0
2246.7	0
2247.02	0
2247.33	0
2247.64	0
2247.96	0
2248.27	0
2248.58	0
2248.9	0
2249.21	0
2249.52	0
2249.83	0
2250.15	0
2250.46	0
2250.77	0
2251.09	0
2251.4	0
2251.71	0
2252.03	0
2252.34	0
2252.65	0
2252.96	0
2253.28	0
2253.59	0
2253.9	0
2254.21	0
2254.53	0
2254.84	0
2255.15	0
2255.47	0
2255.78	0
2256.09	0
2256.4	0
2256.72	0
2257.03	0
2257.34	0
2257.65	0
2257.97	0
2258.28	0
2258.59	0
2258.9	0
2259.22	0
2259.53	0
2259.84	0
2260.15	0
2260.46	0
2260.78	0
2261.09	0
2261.4	0
2261.71	0
2262.03	0
2262.34	0
2262.65	0
2262.96	0
2263.27	0
2263.59	0
2263.9	0
2264.21	0
2264.52	0
2264.83	0
2265.15	0
2265.46	0
2265.77	0
2266.08	0
2266.39	0
2266.7	0
2267.02	0
2267.33	0
2267.64	0
2267.95	0
2268.26	0
2268.57	-1
2268.89	0
2269.2	0
2269.51	0
2269.82	0
2270.13	0
2270.44	0
2270.76	0
2271.07	0
2271.38	0
2271.69	0
2272	0
2272.31	0
2272.62	0
2272.93	0
2273.25	0
2273.56	0
2273.87	0
2274.18	0
2274.49	0
2274.8	0
2275.11	0
2275.42	0
2275.74	0
2276.05	0
2276.36	-1
2276.67	0
2276.98	0
2277.29	0
2277.6	-1
2277.91	0
2278.22	0
2278.53	0
2278.85	0
2279.16	0
2279.47	0
2279.78	0
2280.09	0
2280.4	0
2280.71	0
2281.02	0
2281.33	0
2281.64	0
2281.95	0
2282.26	0
2282.57	0
2282.88	0
2283.19	0
2283.5	0
2283.82	2
2284.13	0
2284.44	0
2284.75	0
2285.06	0
2285.37	0
2285.68	0
2285.99	-2
2286.3	0
2286.61	0
2286.92	0
2287.23	0
2287.54	0
2287.85	0
2288.16	0
2288.47	0
2288.78	0
2289.09	0
2289.4	0
2289.71	0
2290.02	0
2290.33	0
2290.64	-3
2290.95	5
2291.26	0
2291.57	0
2291.88	0
2292.19	0
2292.5	0
2292.81	0
2293.12	-1
2293.43	0
2293.74	0
2294.05	0
2294.36	0
2294.67	0
2294.98	0
2295.29	2
2295.6	0
2295.91	0
2296.21	0
2296.52	0
2296.83	0
2297.14	3
2297.45	0
2297.76	0
2298.07	0
2298.38	0
2298.69	0
2299	0
2299.31	0
2299.62	-5
2299.93	0
2300.24	0
2300.55	0
2300.85	0
2301.16	0
2301.47	0
2301.78	0
2302.09	0
2302.4	0
2302.71	0
2303.02	0
2303.33	0
2303.64	0
2303.94	0
2304.25	0
2304.56	0
2304.87	0
2305.18	0
2305.49	0
2305.8	0
2306.11	0
2306.42	0
2306.72	0
2307.03	0
2307.34	0
2307.65	1
2307.96	0
2308.27	0
2308.58	0
2308.88	0
2309.19	0
2309.5	0
2309.81	0
2310.12	0
2310.43	0
2310.74	0
2311.04	0
2311.35	0
2311.66	0
2311.97	0
2312.28	0
2312.59	0
2312.89	0
2313.2	0
2313.51	0
2313.82	0
2314.13	0
2314.43	0
2314.74	0
2315.05	2
2315.36	0
2315.67	0
2315.97	0
2316.28	0
2316.59	0
2316.9	0
2317.21	0
2317.51	0
2317.82	0
2318.13	0
2318.44	0
2318.75	0
2319.05	0
2319.36	0
2319.67	0
2319.98	0
2320.28	0
2320.59	0
2320.9	0
2321.21	0
2321.51	0
2321.82	0
2322.13	0
2322.44	2
2322.74	0
2323.05	0
2323.36	6
2323.67	0
2323.97	0
2324.28	0
2324.59	0
2324.9	0
2325.2	0
2325.51	0
2325.82	0
2326.13	0
2326.43	0
2326.74	0
2327.05	0
2327.35	0
2327.66	0
2327.97	0
2328.27	0
2328.58	1
2328.89	0
2329.2	0
2329.5	0
2329.81	0
2330.12	0
2330.42	0
2330.73	0
2331.04	0
2331.34	0
2331.65	0
2331.96	0
2332.26	0
2332.57	0
2332.88	0
2333.18	0
2333.49	0
2333.8	0
2334.1	0
2334.41	0
2334.72	0
2335.02	0
2335.33	3
2335.64	0
2335.94	0
2336.25	0
2336.56	0
2336.86	0
2337.17	0
2337.48	0
2337.78	0
2338.09	0
2338.39	0
2338.7	-3
2339.01	0
2339.31	0
2339.62	0
2339.93	0
2340.23	0
2340.54	0
2340.84	0
2341.15	0
2341.46	0
2341.76	0
2342.07	0
2342.37	0
2342.68	0
2342.99	0
2343.29	0
2343.6	0
2343.9	1
2344.21	0
2344.51	0
2344.82	0
2345.13	0
2345.43	0
2345.74	0
2346.04	0
2346.35	0
2346.65	0
2346.96	0
2347.27	0
2347.57	0
2347.88	0
2348.18	0
2348.49	0
2348.79	0
2349.1	0
2349.4	0
2349.71	0
2350.01	0
2350.32	0
2350.63	-5
2350.93	0
2351.24	0
2351.54	0
2351.85	0
2352.15	0
2352.46	0
2352.76	0
2353.07	0
2353.37	0
2353.68	0
2353.98	0
2354.29	0
2354.59	0
2354.9	0
2355.2	0
2355.51	0
2355.81	0
2356.12	0
2356.42	0
2356.73	0
2357.03	0
2357.34	0
2357.64	0
2357.95	0
2358.25	0
2358.55	0
2358.86	0
2359.16	0
2359.47	0
2359.77	0
2360.08	0
2360.38	0
2360.69	0
2360.99	0
2361.3	0
2361.6	2
2361.9	0
2362.21	0
2362.51	0
2362.82	0
2363.12	0
2363.43	0
2363.73	0
2364.04	0
2364.34	8
2364.64	0
2364.95	0
2365.25	0
2365.56	0
2365.86	0
2366.16	0
2366.47	0
2366.77	0
2367.08	0
2367.38	0
2367.68	0
2367.99	0
2368.29	0
2368.6	0
2368.9	0
2369.2	0
2369.51	0
2369.81	5
2370.12	0
2370.42	0
2370.72	-10
2371.03	0
2371.33	0
2371.63	0
2371.94	0
2372.24	0
2372.55	0
2372.85	0
2373.15	0
2373.46	0
2373.76	0
2374.06	14
2374.37	0
2374.67	0
2374.97	0
2375.28	0
2375.58	0
2375.88	0
2376.19	0
2376.49	0
2376.79	0
2377.1	0
2377.4	0
2377.7	0
2378.01	2
2378.31	0
2378.61	0
2378.92	0
2379.22	0
2379.52	5
2379.82	0
2380.13	0
2380.43	0
2380.73	0
2381.04	0
2381.34	0
2381.64	0
2381.95	0
2382.25	0
2382.55	0
2382.85	0
2383.16	0
2383.46	0
2383.76	0
2384.06	0
2384.37	0
2384.67	0
2384.97	0
2385.28	0
2385.58	0
2385.88	0
2386.18	0
2386.49	0
2386.79	0
2387.09	0
2387.39	0
2387.69	0
2388	0
2388.3	0
2388.6	0
2388.9	0
2389.21	0
2389.51	0
2389.81	0
2390.11	0
2390.42	0
2390.72	0
2391.02	0
2391.32	0
2391.62	0
2391.93	0
2392.23	0
2392.53	1
2392.83	0
2393.13	0
2393.44	0
2393.74	0
2394.04	0
2394.34	0
2394.64	0
2394.95	0
2395.25	0
2395.55	0
2395.85	0
2396.15	1
2396.45	0
2396.76	0
2397.06	0
2397.36	0
2397.66	0
2397.96	0
2398.26	0
2398.57	2
2398.87	0
2399.17	0
2399.47	0
2399.77	0
2400.07	0
2400.37	0
2400.68	0
2400.98	0
2401.28	0
2401.58	0
2401.88	0
2402.18	0
2402.48	0
2402.79	0
2403.09	0
2403.39	0
2403.69	0
2403.99	0
2404.29	0
2404.59	0
2404.89	0
2405.19	0
2405.5	0
2405.8	0
2406.1	0
2406.4	0
2406.7	0
2407	0
2407.3	0
2407.6	0
2407.9	0
2408.2	0
2408.5	0
2408.8	0
2409.11	0
2409.41	0
2409.71	0
2410.01	0
2410.31	0
2410.61	0
2410.91	0
2411.21	0
2411.51	0
2411.81	0
2412.11	0
2412.41	0
2412.71	0
2413.01	0
2413.31	0
2413.61	0
2413.91	0
2414.21	0
2414.51	0
2414.81	0
2415.12	0
2415.42	0
2415.72	0
2416.02	0
2416.32	0
2416.62	0
2416.92	0
2417.22	0
2417.52	0
2417.82	-2
2418.12	0
2418.42	0
2418.72	0
2419.02	0
2419.32	0
2419.62	0
2419.92	0
2420.22	7
2420.52	0
2420.82	0
2421.12	0
2421.42	0
2421.71	0
2422.01	0
2422.31	0
2422.61	0
2422.91	0
2423.21	0
2423.51	0
2423.81	0
2424.11	0
2424.41	0
2424.71	0
2425.01	0
2425.31	0
2425.61	0
2425.91	0
2426.21	0
2426.51	0
2426.81	0
2427.11	0
2427.41	0
2427.7	0
2428	0
2428.3	0
2428.6	0
2428.9	0
2429.2	0
2429.5	0
2429.8	0
2430.1	0
2430.4	0
2430.7	0
2430.99	0
2431.29	0
2431.59	0
2431.89	0
2432.19	0
2432.49	0
2432.79	0
2433.09	0
2433.39	0
2433.68	0
2433.98	6
2434.28	0
2434.58	0
2434.88	0
2435.18	0
2435.48	0
2435.78	0
2436.07	0
2436.37	0
2436.67	0
2436.97	0
2437.27	0
2437.57	0
2437.86	0
2438.16	0
2438.46	0
2438.76	0
2439.06	0
2439.36	0
2439.66	0
2439.95	3
2440.25	0
2440.55	0
2440.85	0
2441.15	0
2441.44	0
2441.74	0
2442.04	0
2442.34	-1
2442.64	0
2442.93	0
2443.23	0
2443.53	0
2443.83	0
2444.13	0
2444.42	0
2444.72	0
2445.02	0
2445.32	0
2445.62	0
2445.91	0
2446.21	0
2446.51	0
2446.81	0
2447.1	0
2447.4	0
2447.7	0
2448	0
2448.3	0
2448.59	0
2448.89	0
2449.19	0
2449.49	0
2449.78	0
2450.08	0
2450.38	-1
2450.68	0
2450.97	0
2451.27	0
2451.57	0
2451.87	0
2452.16	0
2452.46	0
2452.76	0
2453.05	0
2453.35	0
2453.65	0
2453.95	0
2454.24	0
2454.54	0
2454.84	0
2455.13	0
2455.43	0
2455.73	0
2456.03	0
2456.32	7
2456.62	0
2456.92	0
2457.21	0
2457.51	0
2457.81	6
2458.1	0
2458.4	0
2458.7	0
2458.99	0
2459.29	0
2459.59	0
2459.88	0
2460.18	0
2460.48	0
2460.77	0
2461.07	0
2461.37	0
2461.66	0
2461.96	0
2462.26	0
2462.55	4
2462.85	0
2463.15	0
2463.44	0
2463.74	0
2464.04	0
2464.33	0
2464.63	0
2464.92	0
2465.22	-3
2465.52	0
2465.81	0
2466.11	0
2466.41	0
2466.7	0
2467	0
2467.29	0
2467.59	0
2467.89	0
2468.18	0
2468.48	0
2468.77	0
2469.07	0
2469.37	7
2469.66	0
2469.96	0
2470.25	0
2470.55	0
2470.84	0
2471.14	0
2471.44	0
2471.73	0
2472.03	-1
2472.32	0
2472.62	0
2472.91	0
2473.21	0
2473.51	0
2473.8	0
2474.1	0
2474.39	0
2474.69	0
2474.98	0
2475.28	0
2475.57	0
2475.87	0
2476.17	0
2476.46	0
2476.76	0
2477.05	0
2477.35	0
2477.64	0
2477.94	4
2478.23	0
2478.53	4
2478.82	0
2479.12	0
2479.41	0
2479.71	0
2480	0
2480.3	0
2480.59	0
2480.89	0
2481.18	0
2481.48	0
2481.77	3
2482.07	0
2482.36	0
2482.66	0
2482.95	0
2483.25	0
2483.54	0
2483.84	0
2484.13	0
2484.43	0
2484.72	6
2485.02	0
2485.31	0
2485.6	0
2485.9	0
2486.19	0
2486.49	0
2486.78	0
2487.08	0
2487.37	0
2487.67	0
2487.96	0
2488.26	0
2488.55	0
2488.84	0
2489.14	0
2489.43	0
2489.73	0
2490.02	5
2490.32	0
2490.61	0
2490.9	0
2491.2	0
2491.49	0
2491.79	0
2492.08	0
2492.37	0
2492.67	0
2492.96	0
2493.26	0
2493.55	0
2493.84	0
2494.14	0
2494.43	0
2494.73	0
2495.02	0
2495.31	0
2495.61	0
2495.9	0
2496.2	0
2496.49	0
2496.78	0
2497.08	0
2497.37	0
2497.66	0
2497.96	0
2498.25	0
2498.54	0
2498.84	0
2499.13	0
2499.43	0
2499.72	7
2500.01	0
2500.31	0
2500.6	10
2500.89	0
2501.19	0
2501.48	0
2501.77	0
2502.07	4
2502.36	0
2502.65	0
2502.95	0
2503.24	0
2503.53	0
2503.82	0
2504.12	0
2504.41	0
2504.7	0
2505	0
2505.29	0
2505.58	0
2505.88	0
2506.17	0
2506.46	0
2506.76	0
2507.05	1
2507.34	0
2507.63	0
2507.93	0
2508.22	3
2508.51	0
2508.8	0
2509.1	0
2509.39	0
2509.68	0
2509.98	0
2510.27	0
2510.56	2
2510.85	0
2511.15	0
2511.44	0
2511.73	0
2512.02	0
2512.32	0
2512.61	0
2512.9	0
2513.19	0
2513.49	0
2513.78	0
2514.07	0
2514.36	0
2514.65	0
2514.95	0
2515.24	0
2515.53	0
2515.82	0
2516.12	0
2516.41	0
2516.7	5
2516.99	0
2517.28	0
2517.58	0
2517.87	0
2518.16	0
2518.45	0
2518.74	0
2519.04	0
2519.33	0
2519.62	0
2519.91	0
2520.2	0
2520.5	8
2520.79	0
2521.08	0
2521.37	0
2521.66	0
2521.95	0
2522.25	0
2522.54	0
2522.83	0
2523.12	0
2523.41	0
2523.7	0
2523.99	0
2524.29	0
2524.58	0
2524.87	0
2525.16	0
2525.45	0
2525.74	3
2526.03	0
2526.33	0
2526.62	0
2526.91	0
2527.2	0
2527.49	0
2527.78	0
2528.07	0
2528.36	0
2528.66	0
2528.95	0
2529.24	0
2529.53	0
2529.82	0
2530.11	15
2530.4	0
2530.69	0
2530.98	0
2531.27	0
2531.57	0
2531.86	0
2532.15	0
2532.44	0
2532.73	0
2533.02	0
2533.31	9
2533.6	0
2533.89	0
2534.18	0
2534.47	0
2534.76	0
2535.05	0
2535.35	0
2535.64	0
2535.93	0
2536.22	0
2536.51	0
2536.8	0
2537.09	0
2537.38	0
2537.67	0
2537.96	0
2538.25	0
2538.54	0
2538.83	0
2539.12	0
2539.41	0
2539.7	0
2539.99	0
2540.28	0
2540.57	0
2540.86	0
2541.15	0
2541.44	0
2541.73	0
2542.02	0
2542.31	0
2542.6	0
2542.89	0
2543.18	0
2543.47	0
2543.76	0
2544.05	0
2544.34	0
2544.63	0
2544.92	0
2545.21	0
2545.5	0
2545.79	0
2546.08	0
2546.37	0
2546.66	0
2546.95	0
2547.24	-6
2547.53	0
2547.82	0
2548.11	0
2548.4	0
2548.69	0
2548.98	0
2549.27	0
2549.55	0
2549.84	0
2550.13	-9
2550.42	0
2550.71	-2
2551	0
2551.29	0
2551.58	0
2551.87	0
2552.16	0
2552.45	0
2552.74	0
2553.03	0
2553.31	0
2553.6	0
2553.89	0
2554.18	0
2554.47	0
2554.76	0
2555.05	0
2555.34	0
2555.63	0
2555.92	0
2556.2	0
2556.49	0
2556.78	0
2557.07	0
2557.36	0
2557.65	0
2557.94	0
2558.23	0
2558.51	0
2558.8	0
2559.09	0
2559.38	0
2559.67	0
2559.96	0
2560.25	0
2560.53	0
2560.82	0
2561.11	0
2561.4	0
2561.69	0
2561.98	0
2562.27	0
2562.55	0
2562.84	0
2563.13	0
2563.42	0
2563.71	0
2564	0
2564.28	0
2564.57	0
2564.86	0
2565.15	0
2565.44	0
2565.72	0
2566.01	0
2566.3	0
2566.59	0
2566.88	0
2567.16	0
2567.45	0
2567.74	0
2568.03	0
2568.32	0
2568.6	0
2568.89	0
2569.18	0
2569.47	0
2569.75	0

