Source: Spectrum Viewer

Chart: Pulse Spectrum

Series: 
Wavelength (nm)	S (a.u.)
1179.9	0
1180.29	0
1180.68	0
1181.06	0
1181.45	0
1181.83	0
1182.22	0
1182.6	0
1182.99	0
1183.38	0
1183.76	0
1184.15	0
1184.53	0
1184.92	0
1185.3	0
1185.69	0
1186.07	0
1186.46	0
1186.85	0
1187.23	0
1187.62	0
1188	0
1188.39	0
1188.77	0
1189.16	0
1189.54	0
1189.93	0
1190.31	0
1190.7	0
1191.08	0
1191.47	0
1191.85	0
1192.24	0
1192.62	0
1193.01	0
1193.39	0
1193.78	0
1194.16	0
1194.55	0
1194.93	0
1195.32	0
1195.7	0
1196.09	0
1196.47	0
1196.86	0
1197.24	0
1197.63	0
1198.01	0
1198.4	0
1198.78	0
1199.16	0
1199.55	0
1199.93	0
1200.32	0
1200.7	0
1201.09	0
1201.47	0
1201.86	0
1202.24	0
1202.63	0
1203.01	0
1203.39	0
1203.78	0
1204.16	0
1204.55	0
1204.93	0
1205.32	0
1205.7	0
1206.08	0
1206.47	0
1206.85	0
1207.24	0
1207.62	0
1208	9
1208.39	0
1208.77	0
1209.16	0
1209.54	0
1209.92	0
1210.31	0
1210.69	0
1211.08	0
1211.46	0
1211.84	0
1212.23	0
1212.61	0
1213	0
1213.38	0
1213.76	0
1214.15	0
1214.53	0
1214.91	0
1215.3	0
1215.68	0
1216.06	0
1216.45	0
1216.83	0
1217.22	0
1217.6	0
1217.98	0
1218.37	0
1218.75	0
1219.13	0
1219.52	0
1219.9	0
1220.28	0
1220.67	0
1221.05	0
1221.43	0
1221.82	0
1222.2	0
1222.58	0
1222.97	0
1223.35	0
1223.73	0
1224.11	0
1224.5	0
1224.88	0
1225.26	0
1225.65	0
1226.03	0
1226.41	0
1226.8	0
1227.18	0
1227.56	0
1227.94	0
1228.33	0
1228.71	0
1229.09	0
1229.47	0
1229.86	0
1230.24	0
1230.62	0
1231.01	0
1231.39	0
1231.77	0
1232.15	0
1232.54	0
1232.92	0
1233.3	0
1233.68	0
1234.07	0
1234.45	5
1234.83	0
1235.21	0
1235.6	0
1235.98	0
1236.36	0
1236.74	0
1237.12	2
1237.51	0
1237.89	0
1238.27	0
1238.65	1
1239.04	0
1239.42	0
1239.8	0
1240.18	0
1240.56	0
1240.95	0
1241.33	0
1241.71	0
1242.09	0
1242.47	0
1242.86	0
1243.24	0
1243.62	0
1244	0
1244.38	0
1244.77	0
1245.15	0
1245.53	0
1245.91	0
1246.29	0
1246.67	0
1247.06	0
1247.44	0
1247.82	0
1248.2	0
1248.58	0
1248.96	0
1249.34	0
1249.73	0
1250.11	0
1250.49	0
1250.87	-2
1251.25	0
1251.63	0
1252.01	0
1252.4	0
1252.78	0
1253.16	0
1253.54	0
1253.92	0
1254.3	0
1254.68	0
1255.06	0
1255.45	0
1255.83	1
1256.21	0
1256.59	0
1256.97	0
1257.35	0
1257.73	0
1258.11	0
1258.49	0
1258.87	0
1259.26	0
1259.64	0
1260.02	0
1260.4	0
1260.78	0
1261.16	0
1261.54	0
1261.92	0
1262.3	0
1262.68	0
1263.06	0
1263.44	0
1263.82	0
1264.21	0
1264.59	0
1264.97	0
1265.35	0
1265.73	0
1266.11	0
1266.49	0
1266.87	0
1267.25	0
1267.63	0
1268.01	0
1268.39	0
1268.77	0
1269.15	0
1269.53	0
1269.91	0
1270.29	0
1270.67	-7
1271.05	0
1271.43	0
1271.81	0
1272.19	0
1272.57	0
1272.95	0
1273.33	0
1273.71	0
1274.09	0
1274.47	0
1274.85	0
1275.23	0
1275.61	0
1275.99	0
1276.37	0
1276.75	0
1277.13	0
1277.51	0
1277.89	0
1278.27	0
1278.65	0
1279.03	0
1279.41	0
1279.79	0
1280.17	0
1280.55	0
1280.93	0
1281.31	0
1281.69	0
1282.07	0
1282.45	0
1282.82	0
1283.2	0
1283.58	0
1283.96	0
1284.34	0
1284.72	2
1285.1	0
1285.48	0
1285.86	0
1286.24	0
1286.62	0
1287	0
1287.38	0
1287.75	0
1288.13	1
1288.51	0
1288.89	0
1289.27	0
1289.65	0
1290.03	0
1290.41	0
1290.79	0
1291.17	0
1291.54	0
1291.92	0
1292.3	0
1292.68	0
1293.06	0
1293.44	0
1293.82	0
1294.2	0
1294.57	0
1294.95	0
1295.33	0
1295.71	0
1296.09	0
1296.47	0
1296.85	0
1297.22	0
1297.6	0
1297.98	0
1298.36	0
1298.74	0
1299.12	0
1299.5	0
1299.87	-1
1300.25	1
1300.63	0
1301.01	0
1301.39	0
1301.77	0
1302.14	0
1302.52	0
1302.9	-2
1303.28	0
1303.66	0
1304.03	0
1304.41	0
1304.79	0
1305.17	0
1305.55	0
1305.92	0
1306.3	0
1306.68	0
1307.06	0
1307.44	0
1307.81	0
1308.19	0
1308.57	0
1308.95	0
1309.32	0
1309.7	0
1310.08	0
1310.46	0
1310.84	0
1311.21	0
1311.59	0
1311.97	0
1312.35	0
1312.72	0
1313.1	0
1313.48	0
1313.86	0
1314.23	0
1314.61	0
1314.99	0
1315.37	0
1315.74	0
1316.12	0
1316.5	0
1316.87	9
1317.25	0
1317.63	0
1318.01	0
1318.38	0
1318.76	0
1319.14	0
1319.52	0
1319.89	0
1320.27	0
1320.65	0
1321.02	0
1321.4	0
1321.78	0
1322.15	7
1322.53	0
1322.91	0
1323.29	0
1323.66	-3
1324.04	0
1324.42	0
1324.79	0
1325.17	0
1325.55	0
1325.92	0
1326.3	0
1326.68	0
1327.05	0
1327.43	0
1327.81	0
1328.18	0
1328.56	0
1328.94	0
1329.31	0
1329.69	0
1330.06	0
1330.44	6
1330.82	0
1331.19	0
1331.57	0
1331.95	0
1332.32	0
1332.7	0
1333.08	0
1333.45	0
1333.83	0
1334.2	0
1334.58	0
1334.96	0
1335.33	0
1335.71	0
1336.08	0
1336.46	0
1336.84	0
1337.21	0
1337.59	0
1337.96	0
1338.34	0
1338.72	0
1339.09	0
1339.47	0
1339.84	0
1340.22	0
1340.6	0
1340.97	3
1341.35	0
1341.72	0
1342.1	0
1342.47	0
1342.85	0
1343.23	0
1343.6	0
1343.98	0
1344.35	0
1344.73	0
1345.1	0
1345.48	0
1345.85	0
1346.23	0
1346.61	0
1346.98	0
1347.36	0
1347.73	0
1348.11	0
1348.48	2
1348.86	0
1349.23	0
1349.61	0
1349.98	0
1350.36	0
1350.73	0
1351.11	0
1351.48	0
1351.86	0
1352.23	0
1352.61	0
1352.98	0
1353.36	0
1353.73	0
1354.11	0
1354.48	0
1354.86	0
1355.23	0
1355.61	0
1355.98	0
1356.36	0
1356.73	0
1357.11	0
1357.48	0
1357.86	0
1358.23	0
1358.61	0
1358.98	0
1359.35	0
1359.73	0
1360.1	0
1360.48	0
1360.85	0
1361.23	0
1361.6	0
1361.98	0
1362.35	0
1362.72	1
1363.1	0
1363.47	0
1363.85	0
1364.22	7
1364.6	0
1364.97	0
1365.34	0
1365.72	0
1366.09	0
1366.47	0
1366.84	0
1367.22	0
1367.59	4
1367.96	0
1368.34	0
1368.71	0
1369.09	1
1369.46	3
1369.83	0
1370.21	0
1370.58	-3
1370.96	0
1371.33	0
1371.7	0
1372.08	4
1372.45	0
1372.82	0
1373.2	0
1373.57	0
1373.95	0
1374.32	0
1374.69	0
1375.07	0
1375.44	0
1375.81	0
1376.19	0
1376.56	0
1376.93	0
1377.31	0
1377.68	0
1378.05	0
1378.43	0
1378.8	0
1379.17	0
1379.55	0
1379.92	0
1380.29	0
1380.67	0
1381.04	0
1381.41	0
1381.79	0
1382.16	0
1382.53	0
1382.91	0
1383.28	0
1383.65	2
1384.03	0
1384.4	0
1384.77	0
1385.14	0
1385.52	0
1385.89	0
1386.26	0
1386.64	0
1387.01	0
1387.38	0
1387.75	0
1388.13	0
1388.5	0
1388.87	0
1389.25	-4
1389.62	0
1389.99	0
1390.36	0
1390.74	0
1391.11	0
1391.48	0
1391.85	0
1392.23	0
1392.6	0
1392.97	0
1393.34	0
1393.72	6
1394.09	0
1394.46	-4
1394.83	0
1395.21	0
1395.58	0
1395.95	0
1396.32	0
1396.69	0
1397.07	6
1397.44	0
1397.81	0
1398.18	0
1398.55	0
1398.93	0
1399.3	0
1399.67	0
1400.04	0
1400.41	0
1400.79	0
1401.16	0
1401.53	0
1401.9	0
1402.27	0
1402.65	0
1403.02	0
1403.39	0
1403.76	0
1404.13	0
1404.51	0
1404.88	0
1405.25	0
1405.62	0
1405.99	0
1406.36	0
1406.74	0
1407.11	0
1407.48	0
1407.85	0
1408.22	0
1408.59	9
1408.96	0
1409.34	0
1409.71	0
1410.08	0
1410.45	0
1410.82	0
1411.19	-2
1411.56	1
1411.93	0
1412.31	0
1412.68	0
1413.05	0
1413.42	0
1413.79	0
1414.16	0
1414.53	0
1414.9	0
1415.27	0
1415.65	0
1416.02	0
1416.39	0
1416.76	0
1417.13	0
1417.5	0
1417.87	0
1418.24	0
1418.61	0
1418.98	0
1419.35	0
1419.73	0
1420.1	0
1420.47	0
1420.84	0
1421.21	0
1421.58	0
1421.95	0
1422.32	0
1422.69	0
1423.06	0
1423.43	0
1423.8	0
1424.17	0
1424.54	0
1424.91	0
1425.28	0
1425.65	0
1426.02	0
1426.39	0
1426.76	0
1427.14	0
1427.51	0
1427.88	0
1428.25	0
1428.62	0
1428.99	0
1429.36	0
1429.73	0
1430.1	0
1430.47	0
1430.84	0
1431.21	0
1431.58	0
1431.95	0
1432.32	0
1432.69	0
1433.06	-6
1433.43	0
1433.8	0
1434.17	0
1434.54	0
1434.91	0
1435.28	0
1435.64	0
1436.01	0
1436.38	0
1436.75	0
1437.12	0
1437.49	0
1437.86	0
1438.23	0
1438.6	1
1438.97	0
1439.34	0
1439.71	0
1440.08	5
1440.45	0
1440.82	1
1441.19	0
1441.56	0
1441.93	0
1442.3	0
1442.67	0
1443.03	0
1443.4	0
1443.77	0
1444.14	0
1444.51	0
1444.88	0
1445.25	0
1445.62	0
1445.99	0
1446.36	0
1446.73	0
1447.09	0
1447.46	0
1447.83	0
1448.2	0
1448.57	0
1448.94	0
1449.31	3
1449.68	0
1450.05	0
1450.41	0
1450.78	0
1451.15	0
1451.52	0
1451.89	0
1452.26	0
1452.63	0
1453	0
1453.36	0
1453.73	0
1454.1	0
1454.47	0
1454.84	0
1455.21	0
1455.57	0
1455.94	0
1456.31	0
1456.68	0
1457.05	0
1457.42	0
1457.78	0
1458.15	1
1458.52	0
1458.89	0
1459.26	0
1459.63	0
1459.99	0
1460.36	0
1460.73	0
1461.1	0
1461.47	0
1461.83	0
1462.2	0
1462.57	0
1462.94	0
1463.31	0
1463.67	0
1464.04	0
1464.41	0
1464.78	0
1465.15	0
1465.51	0
1465.88	0
1466.25	0
1466.62	0
1466.98	0
1467.35	0
1467.72	0
1468.09	0
1468.46	0
1468.82	0
1469.19	0
1469.56	0
1469.93	0
1470.29	0
1470.66	0
1471.03	0
1471.4	0
1471.76	0
1472.13	0
1472.5	0
1472.86	0
1473.23	0
1473.6	0
1473.97	0
1474.33	0
1474.7	0
1475.07	-1
1475.44	0
1475.8	0
1476.17	0
1476.54	0
1476.9	0
1477.27	0
1477.64	0
1478	0
1478.37	0
1478.74	0
1479.11	0
1479.47	0
1479.84	0
1480.21	-1
1480.57	0
1480.94	0
1481.31	0
1481.67	0
1482.04	0
1482.41	0
1482.77	0
1483.14	0
1483.51	0
1483.87	0
1484.24	0
1484.61	0
1484.97	0
1485.34	0
1485.71	0
1486.07	0
1486.44	5
1486.81	12
1487.17	0
1487.54	0
1487.9	0
1488.27	0
1488.64	-3
1489	0
1489.37	0
1489.74	0
1490.1	0
1490.47	0
1490.83	0
1491.2	0
1491.57	0
1491.93	0
1492.3	0
1492.66	0
1493.03	-1
1493.4	0
1493.76	0
1494.13	0
1494.49	0
1494.86	0
1495.23	0
1495.59	0
1495.96	0
1496.32	0
1496.69	0
1497.06	5
1497.42	0
1497.79	3
1498.15	0
1498.52	0
1498.88	1
1499.25	0
1499.62	0
1499.98	0
1500.35	0
1500.71	0
1501.08	0
1501.44	0
1501.81	0
1502.17	0
1502.54	0
1502.9	0
1503.27	1
1503.64	0
1504	0
1504.37	0
1504.73	0
1505.1	6
1505.46	0
1505.83	0
1506.19	0
1506.56	0
1506.92	0
1507.29	0
1507.65	0
1508.02	0
1508.38	0
1508.75	0
1509.11	0
1509.48	0
1509.84	0
1510.21	0
1510.57	0
1510.94	0
1511.3	0
1511.67	0
1512.03	0
1512.4	0
1512.76	0
1513.13	0
1513.49	0
1513.85	0
1514.22	0
1514.58	8
1514.95	0
1515.31	0
1515.68	0
1516.04	0
1516.41	0
1516.77	0
1517.14	0
1517.5	0
1517.86	0
1518.23	-4
1518.59	0
1518.96	0
1519.32	0
1519.69	5
1520.05	-8
1520.41	0
1520.78	0
1521.14	0
1521.51	-4
1521.87	0
1522.24	0
1522.6	0
1522.96	0
1523.33	0
1523.69	0
1524.06	0
1524.42	0
1524.78	0
1525.15	0
1525.51	0
1525.88	0
1526.24	0
1526.6	0
1526.97	0
1527.33	7
1527.69	0
1528.06	0
1528.42	0
1528.79	0
1529.15	0
1529.51	4
1529.88	0
1530.24	0
1530.6	0
1530.97	0
1531.33	0
1531.69	0
1532.06	0
1532.42	0
1532.78	0
1533.15	0
1533.51	0
1533.87	0
1534.24	0
1534.6	0
1534.96	3
1535.33	2
1535.69	4
1536.05	0
1536.42	0
1536.78	5
1537.14	0
1537.51	3
1537.87	0
1538.23	0
1538.6	0
1538.96	10
1539.32	5
1539.68	0
1540.05	0
1540.41	0
1540.77	7
1541.14	0
1541.5	21
1541.86	4
1542.23	14
1542.59	31
1542.95	0
1543.31	5
1543.68	12
1544.04	-3
1544.4	0
1544.76	2
1545.13	0
1545.49	0
1545.85	0
1546.21	0
1546.58	23
1546.94	20
1547.3	11
1547.66	8
1548.03	0
1548.39	22
1548.75	0
1549.11	13
1549.48	9
1549.84	0
1550.2	0
1550.56	0
1550.93	0
1551.29	18
1551.65	0
1552.01	0
1552.37	0
1552.74	0
1553.1	3
1553.46	0
1553.82	0
1554.18	1
1554.55	1
1554.91	1
1555.27	0
1555.63	0
1555.99	0
1556.36	0
1556.72	0
1557.08	0
1557.44	0
1557.8	0
1558.17	0
1558.53	0
1558.89	0
1559.25	0
1559.61	0
1559.97	0
1560.34	5
1560.7	0
1561.06	0
1561.42	0
1561.78	0
1562.14	0
1562.5	0
1562.87	0
1563.23	0
1563.59	0
1563.95	0
1564.31	2
1564.67	-1
1565.03	2
1565.4	-4
1565.76	0
1566.12	0
1566.48	0
1566.84	0
1567.2	0
1567.56	0
1567.92	0
1568.29	0
1568.65	2
1569.01	0
1569.37	1
1569.73	0
1570.09	0
1570.45	0
1570.81	0
1571.17	0
1571.53	5
1571.89	0
1572.26	0
1572.62	0
1572.98	0
1573.34	3
1573.7	0
1574.06	0
1574.42	0
1574.78	0
1575.14	2
1575.5	0
1575.86	2
1576.22	0
1576.58	0
1576.94	0
1577.3	3
1577.67	8
1578.03	0
1578.39	0
1578.75	0
1579.11	0
1579.47	0
1579.83	0
1580.19	0
1580.55	0
1580.91	0
1581.27	0
1581.63	0
1581.99	0
1582.35	2
1582.71	0
1583.07	0
1583.43	0
1583.79	0
1584.15	0
1584.51	0
1584.87	0
1585.23	0
1585.59	0
1585.95	0
1586.31	0
1586.67	0
1587.03	0
1587.39	0
1587.75	0
1588.11	0
1588.47	2
1588.83	0
1589.19	-4
1589.55	0
1589.91	0
1590.27	0
1590.63	0
1590.99	0
1591.35	10
1591.71	0
1592.07	13
1592.42	0
1592.78	0
1593.14	0
1593.5	16
1593.86	0
1594.22	13
1594.58	17
1594.94	23
1595.3	4
1595.66	14
1596.02	0
1596.38	2
1596.74	0
1597.1	0
1597.46	15
1597.81	8
1598.17	7
1598.53	21
1598.89	13
1599.25	26
1599.61	0
1599.97	25
1600.33	10
1600.69	37
1601.05	34
1601.4	23
1601.76	32
1602.12	20
1602.48	40
1602.84	10
1603.2	42
1603.56	38
1603.92	45
1604.28	42
1604.63	43
1604.99	56
1605.35	37
1605.71	33
1606.07	62
1606.43	79
1606.79	50
1607.14	57
1607.5	65
1607.86	61
1608.22	75
1608.58	71
1608.94	65
1609.29	94
1609.65	68
1610.01	103
1610.37	79
1610.73	89
1611.09	73
1611.44	74
1611.8	91
1612.16	106
1612.52	97
1612.88	97
1613.24	96
1613.59	92
1613.95	108
1614.31	98
1614.67	92
1615.03	91
1615.38	118
1615.74	126
1616.1	117
1616.46	122
1616.82	106
1617.17	113
1617.53	126
1617.89	143
1618.25	122
1618.6	111
1618.96	133
1619.32	108
1619.68	119
1620.04	140
1620.39	120
1620.75	146
1621.11	130
1621.47	142
1621.82	135
1622.18	118
1622.54	129
1622.9	118
1623.25	121
1623.61	110
1623.97	113
1624.33	131
1624.68	137
1625.04	125
1625.4	137
1625.75	130
1626.11	123
1626.47	152
1626.83	133
1627.18	142
1627.54	129
1627.9	131
1628.26	133
1628.61	146
1628.97	145
1629.33	149
1629.68	135
1630.04	147
1630.4	149
1630.75	146
1631.11	157
1631.47	147
1631.83	186
1632.18	180
1632.54	169
1632.9	183
1633.25	199
1633.61	207
1633.97	205
1634.32	189
1634.68	203
1635.04	205
1635.39	225
1635.75	221
1636.11	222
1636.46	234
1636.82	230
1637.18	244
1637.53	236
1637.89	262
1638.25	277
1638.6	253
1638.96	252
1639.31	293
1639.67	280
1640.03	294
1640.38	298
1640.74	288
1641.1	324
1641.45	309
1641.81	325
1642.16	331
1642.52	331
1642.88	345
1643.23	348
1643.59	345
1643.95	358
1644.3	365
1644.66	384
1645.01	358
1645.37	366
1645.73	387
1646.08	388
1646.44	390
1646.79	387
1647.15	376
1647.51	405
1647.86	380
1648.22	390
1648.57	413
1648.93	404
1649.28	423
1649.64	399
1650	401
1650.35	417
1650.71	413
1651.06	413
1651.42	408
1651.77	421
1652.13	394
1652.48	398
1652.84	402
1653.2	378
1653.55	400
1653.91	392
1654.26	368
1654.62	359
1654.97	383
1655.33	352
1655.68	369
1656.04	361
1656.39	366
1656.75	350
1657.1	362
1657.46	349
1657.81	313
1658.17	329
1658.52	300
1658.88	327
1659.23	332
1659.59	320
1659.94	305
1660.3	308
1660.65	279
1661.01	280
1661.36	262
1661.72	233
1662.07	260
1662.43	260
1662.78	247
1663.14	238
1663.49	243
1663.85	210
1664.2	235
1664.56	205
1664.91	200
1665.27	218
1665.62	186
1665.98	171
1666.33	170
1666.69	161
1667.04	165
1667.39	154
1667.75	160
1668.1	168
1668.46	135
1668.81	157
1669.17	138
1669.52	138
1669.88	122
1670.23	140
1670.58	105
1670.94	124
1671.29	120
1671.65	93
1672	100
1672.36	94
1672.71	121
1673.06	88
1673.42	101
1673.77	83
1674.13	95
1674.48	104
1674.83	76
1675.19	73
1675.54	69
1675.9	86
1676.25	84
1676.6	77
1676.96	85
1677.31	86
1677.67	72
1678.02	113
1678.37	76
1678.73	83
1679.08	95
1679.43	88
1679.79	95
1680.14	84
1680.5	68
1680.85	94
1681.2	83
1681.56	101
1681.91	115
1682.26	96
1682.62	95
1682.97	87
1683.32	81
1683.68	77
1684.03	110
1684.38	107
1684.74	95
1685.09	136
1685.44	127
1685.8	145
1686.15	184
1686.5	158
1686.86	148
1687.21	121
1687.56	138
1687.92	138
1688.27	159
1688.62	152
1688.98	162
1689.33	169
1689.68	203
1690.03	204
1690.39	207
1690.74	221
1691.09	201
1691.45	221
1691.8	214
1692.15	208
1692.5	262
1692.86	216
1693.21	254
1693.56	299
1693.92	368
1694.27	295
1694.62	297
1694.97	273
1695.33	297
1695.68	309
1696.03	320
1696.38	339
1696.74	369
1697.09	404
1697.44	385
1697.79	423
1698.15	471
1698.5	498
1698.85	475
1699.2	422
1699.56	404
1699.91	452
1700.26	481
1700.61	490
1700.97	470
1701.32	578
1701.67	627
1702.02	628
1702.37	627
1702.73	701
1703.08	573
1703.43	552
1703.78	677
1704.13	657
1704.49	622
1704.84	655
1705.19	806
1705.54	811
1705.89	890
1706.25	944
1706.6	1093
1706.95	848
1707.3	926
1707.65	910
1708.01	989
1708.36	1057
1708.71	1044
1709.06	1157
1709.41	1214
1709.76	1330
1710.12	1308
1710.47	1399
1710.82	1460
1711.17	1352
1711.52	1306
1711.87	1288
1712.23	1500
1712.58	1583
1712.93	1492
1713.28	1501
1713.63	1653
1713.98	1810
1714.33	1814
1714.69	1789
1715.04	1722
1715.39	1823
1715.74	1679
1716.09	1786
1716.44	1909
1716.79	2025
1717.14	2100
1717.5	2066
1717.85	2155
1718.2	2339
1718.55	2323
1718.9	2376
1719.25	2271
1719.6	2273
1719.95	2438
1720.3	2420
1720.65	2373
1721.01	2447
1721.36	2607
1721.71	2696
1722.06	2758
1722.41	2679
1722.76	2813
1723.11	2780
1723.46	2726
1723.81	2839
1724.16	2822
1724.51	3012
1724.86	3235
1725.21	3161
1725.56	3169
1725.92	3348
1726.27	3406
1726.62	3426
1726.97	3490
1727.32	3318
1727.67	3304
1728.02	3465
1728.37	3658
1728.72	3795
1729.07	3708
1729.42	3656
1729.77	3835
1730.12	4022
1730.47	4067
1730.82	4125
1731.17	3835
1731.52	3864
1731.87	4222
1732.22	4160
1732.57	3991
1732.92	4067
1733.27	4224
1733.62	4393
1733.97	4539
1734.32	4343
1734.67	4245
1735.02	4473
1735.37	4580
1735.72	4606
1736.07	4423
1736.42	4380
1736.77	4643
1737.12	4609
1737.47	4626
1737.82	4493
1738.17	4657
1738.52	4761
1738.87	4714
1739.22	4600
1739.57	4692
1739.92	4813
1740.27	4803
1740.62	4688
1740.97	4824
1741.32	5057
1741.67	4785
1742.02	4721
1742.37	5013
1742.72	4966
1743.06	4751
1743.41	4885
1743.76	5016
1744.11	4833
1744.46	4871
1744.81	4999
1745.16	4987
1745.51	4810
1745.86	5063
1746.21	5062
1746.56	4827
1746.91	5112
1747.26	5332
1747.6	4989
1747.95	5175
1748.3	5312
1748.65	5003
1749	5164
1749.35	5372
1749.7	4941
1750.05	5147
1750.4	5256
1750.75	4991
1751.09	5173
1751.44	5415
1751.79	5041
1752.14	5224
1752.49	5451
1752.84	5019
1753.19	5361
1753.54	5223
1753.88	4985
1754.23	5374
1754.58	5261
1754.93	4951
1755.28	5345
1755.63	5259
1755.98	4958
1756.32	5250
1756.67	5225
1757.02	4966
1757.37	4909
1757.72	5174
1758.07	5073
1758.42	4863
1758.76	5219
1759.11	5109
1759.46	5050
1759.81	5125
1760.16	5336
1760.5	4956
1760.85	4884
1761.2	5133
1761.55	4876
1761.9	4871
1762.25	5085
1762.59	4913
1762.94	4753
1763.29	5009
1763.64	5075
1763.99	4780
1764.33	4705
1764.68	5045
1765.03	4832
1765.38	4622
1765.73	4919
1766.07	4761
1766.42	4508
1766.77	4894
1767.12	4826
1767.46	4533
1767.81	4776
1768.16	4837
1768.51	4489
1768.85	4587
1769.2	4632
1769.55	4429
1769.9	4301
1770.25	4457
1770.59	4482
1770.94	4027
1771.29	4585
1771.64	4372
1771.98	4159
1772.33	4407
1772.68	4300
1773.02	3918
1773.37	4266
1773.72	4329
1774.07	3951
1774.41	4146
1774.76	4118
1775.11	3910
1775.46	4064
1775.8	4002
1776.15	3631
1776.5	3616
1776.84	3783
1777.19	3521
1777.54	3893
1777.89	4015
1778.23	3574
1778.58	3661
1778.93	3921
1779.27	3506
1779.62	3437
1779.97	3703
1780.31	3467
1780.66	3184
1781.01	3235
1781.35	3114
1781.7	2979
1782.05	3031
1782.39	3350
1782.74	3033
1783.09	2789
1783.43	2998
1783.78	3189
1784.13	2958
1784.47	3029
1784.82	3114
1785.17	2689
1785.51	2780
1785.86	2712
1786.21	2125
1786.55	2591
1786.9	2804
1787.25	2637
1787.59	2475
1787.94	2654
1788.29	2644
1788.63	2405
1788.98	2157
1789.32	2428
1789.67	2400
1790.02	2102
1790.36	2209
1790.71	1848
1791.06	1789
1791.4	2608
1791.75	2575
1792.09	2100
1792.44	2266
1792.79	2296
1793.13	2227
1793.48	2016
1793.82	2236
1794.17	2219
1794.52	1930
1794.86	1821
1795.21	2065
1795.55	1871
1795.9	1591
1796.24	1256
1796.59	1234
1796.94	2730
1797.28	2120
1797.63	1794
1797.97	1757
1798.32	1500
1798.66	1499
1799.01	1441
1799.36	1783
1799.7	1517
1800.05	1236
1800.39	1675
1800.74	1483
1801.08	1141
1801.43	1992
1801.77	1753
1802.12	1480
1802.46	1238
1802.81	1563
1803.15	1397
1803.5	1139
1803.85	1056
1804.19	950
1804.54	828
1804.88	1420
1805.23	1141
1805.57	870
1805.92	1421
1806.26	1486
1806.61	1215
1806.95	988
1807.3	972
1807.64	1686
1807.99	1491
1808.33	1080
1808.68	893
1809.02	816
1809.37	1236
1809.71	1636
1810.06	1224
1810.4	1001
1810.75	712
1811.09	823
1811.43	1262
1811.78	1694
1812.12	1371
1812.47	1225
1812.81	908
1813.16	1051
1813.5	975
1813.85	893
1814.19	984
1814.54	777
1814.88	739
1815.23	755
1815.57	656
1815.91	633
1816.26	669
1816.6	912
1816.95	1637
1817.29	969
1817.64	811
1817.98	1179
1818.32	1055
1818.67	1059
1819.01	940
1819.36	741
1819.7	785
1820.05	684
1820.39	623
1820.73	784
1821.08	637
1821.42	620
1821.77	613
1822.11	514
1822.45	585
1822.8	492
1823.14	719
1823.49	684
1823.83	540
1824.17	921
1824.52	1087
1824.86	702
1825.2	648
1825.55	567
1825.89	578
1826.24	539
1826.58	509
1826.92	735
1827.27	889
1827.61	626
1827.95	635
1828.3	524
1828.64	565
1828.98	539
1829.33	515
1829.67	541
1830.02	729
1830.36	1007
1830.7	654
1831.05	673
1831.39	581
1831.73	547
1832.08	522
1832.42	504
1832.76	531
1833.1	491
1833.45	528
1833.79	574
1834.13	486
1834.48	566
1834.82	572
1835.16	526
1835.51	535
1835.85	497
1836.19	521
1836.54	533
1836.88	535
1837.22	529
1837.56	593
1837.91	625
1838.25	779
1838.59	772
1838.94	642
1839.28	561
1839.62	467
1839.96	517
1840.31	695
1840.65	544
1840.99	620
1841.34	656
1841.68	877
1842.02	728
1842.36	599
1842.71	574
1843.05	511
1843.39	542
1843.73	705
1844.08	808
1844.42	697
1844.76	592
1845.1	554
1845.45	517
1845.79	506
1846.13	564
1846.47	624
1846.81	437
1847.16	521
1847.5	503
1847.84	570
1848.18	612
1848.53	470
1848.87	461
1849.21	474
1849.55	462
1849.89	452
1850.24	497
1850.58	462
1850.92	479
1851.26	493
1851.6	457
1851.95	518
1852.29	486
1852.63	460
1852.97	475
1853.31	474
1853.66	450
1854	540
1854.34	503
1854.68	553
1855.02	614
1855.36	444
1855.71	434
1856.05	443
1856.39	470
1856.73	443
1857.07	482
1857.41	503
1857.76	465
1858.1	515
1858.44	453
1858.78	497
1859.12	486
1859.46	436
1859.8	472
1860.15	485
1860.49	511
1860.83	578
1861.17	510
1861.51	413
1861.85	453
1862.19	409
1862.53	429
1862.88	451
1863.22	372
1863.56	444
1863.9	429
1864.24	420
1864.58	416
1864.92	407
1865.26	375
1865.6	396
1865.94	457
1866.29	380
1866.63	404
1866.97	434
1867.31	442
1867.65	460
1867.99	554
1868.33	462
1868.67	464
1869.01	478
1869.35	463
1869.69	462
1870.03	304
1870.37	444
1870.72	402
1871.06	432
1871.4	476
1871.74	421
1872.08	525
1872.42	535
1872.76	499
1873.1	394
1873.44	420
1873.78	457
1874.12	527
1874.46	526
1874.8	544
1875.14	459
1875.48	389
1875.82	450
1876.16	541
1876.5	447
1876.84	370
1877.18	458
1877.52	499
1877.86	528
1878.2	527
1878.54	467
1878.88	542
1879.22	548
1879.56	533
1879.9	573
1880.24	509
1880.58	525
1880.92	562
1881.26	532
1881.6	531
1881.94	564
1882.28	566
1882.62	611
1882.96	556
1883.3	516
1883.64	444
1883.98	521
1884.32	577
1884.66	527
1885	617
1885.34	593
1885.68	630
1886.02	567
1886.36	594
1886.7	649
1887.04	563
1887.38	637
1887.72	630
1888.06	634
1888.39	635
1888.73	632
1889.07	618
1889.41	683
1889.75	674
1890.09	564
1890.43	685
1890.77	566
1891.11	541
1891.45	638
1891.79	640
1892.13	722
1892.47	660
1892.8	708
1893.14	708
1893.48	735
1893.82	708
1894.16	704
1894.5	677
1894.84	680
1895.18	769
1895.52	700
1895.86	753
1896.19	768
1896.53	614
1896.87	786
1897.21	759
1897.55	695
1897.89	789
1898.23	747
1898.57	800
1898.9	739
1899.24	726
1899.58	765
1899.92	717
1900.26	733
1900.6	679
1900.94	770
1901.27	748
1901.61	733
1901.95	775
1902.29	768
1902.63	787
1902.97	747
1903.3	743
1903.64	709
1903.98	660
1904.32	687
1904.66	682
1905	712
1905.33	688
1905.67	705
1906.01	682
1906.35	684
1906.69	621
1907.02	617
1907.36	529
1907.7	632
1908.04	555
1908.38	500
1908.71	631
1909.05	611
1909.39	641
1909.73	634
1910.07	625
1910.4	618
1910.74	518
1911.08	650
1911.42	535
1911.76	463
1912.09	439
1912.43	588
1912.77	609
1913.11	583
1913.44	611
1913.78	578
1914.12	572
1914.46	517
1914.79	531
1915.13	523
1915.47	503
1915.81	429
1916.14	438
1916.48	534
1916.82	479
1917.16	498
1917.49	549
1917.83	497
1918.17	445
1918.5	437
1918.84	374
1919.18	363
1919.52	305
1919.85	322
1920.19	395
1920.53	397
1920.87	360
1921.2	433
1921.54	412
1921.88	349
1922.21	383
1922.55	302
1922.89	201
1923.22	186
1923.56	170
1923.9	169
1924.23	271
1924.57	209
1924.91	177
1925.25	185
1925.58	206
1925.92	202
1926.26	222
1926.59	262
1926.93	141
1927.27	113
1927.6	126
1927.94	218
1928.28	192
1928.61	172
1928.95	194
1929.29	209
1929.62	170
1929.96	155
1930.29	166
1930.63	102
1930.97	45
1931.3	76
1931.64	105
1931.98	117
1932.31	104
1932.65	107
1932.99	99
1933.32	123
1933.66	71
1933.99	22
1934.33	48
1934.67	30
1935	3
1935.34	10
1935.67	63
1936.01	77
1936.35	86
1936.68	42
1937.02	89
1937.35	25
1937.69	15
1938.03	14
1938.36	2
1938.7	0
1939.03	0
1939.37	12
1939.7	17
1940.04	10
1940.38	46
1940.71	29
1941.05	0
1941.38	7
1941.72	0
1942.05	0
1942.39	0
1942.73	2
1943.06	0
1943.4	0
1943.73	0
1944.07	0
1944.4	0
1944.74	3
1945.07	0
1945.41	0
1945.74	0
1946.08	0
1946.42	4
1946.75	0
1947.09	0
1947.42	0
1947.76	0
1948.09	0
1948.43	7
1948.76	0
1949.1	8
1949.43	0
1949.77	0
1950.1	0
1950.44	0
1950.77	10
1951.11	0
1951.44	4
1951.78	0
1952.11	0
1952.45	0
1952.78	3
1953.12	0
1953.45	15
1953.79	8
1954.12	0
1954.46	9
1954.79	12
1955.12	1
1955.46	0
1955.79	20
1956.13	10
1956.46	25
1956.8	0
1957.13	31
1957.47	15
1957.8	23
1958.14	15
1958.47	14
1958.8	1
1959.14	0
1959.47	6
1959.81	0
1960.14	0
1960.48	9
1960.81	28
1961.14	23
1961.48	23
1961.81	6
1962.15	5
1962.48	16
1962.82	20
1963.15	26
1963.48	35
1963.82	3
1964.15	35
1964.49	10
1964.82	31
1965.15	0
1965.49	20
1965.82	30
1966.16	26
1966.49	28
1966.82	37
1967.16	33
1967.49	29
1967.83	27
1968.16	43
1968.49	20
1968.83	26
1969.16	25
1969.49	21
1969.83	7
1970.16	38
1970.49	20
1970.83	0
1971.16	37
1971.5	11
1971.83	33
1972.16	27
1972.5	10
1972.83	3
1973.16	20
1973.5	11
1973.83	8
1974.16	40
1974.5	28
1974.83	33
1975.16	11
1975.5	15
1975.83	9
1976.16	18
1976.49	12
1976.83	23
1977.16	0
1977.49	0
1977.83	42
1978.16	13
1978.49	21
1978.83	19
1979.16	26
1979.49	33
1979.83	9
1980.16	26
1980.49	-2
1980.82	21
1981.16	4
1981.49	21
1981.82	28
1982.15	36
1982.49	38
1982.82	40
1983.15	27
1983.49	5
1983.82	23
1984.15	10
1984.48	17
1984.82	0
1985.15	12
1985.48	33
1985.81	41
1986.15	18
1986.48	0
1986.81	16
1987.14	9
1987.48	29
1987.81	0
1988.14	18
1988.47	1
1988.81	6
1989.14	1
1989.47	38
1989.8	29
1990.13	11
1990.47	32
1990.8	6
1991.13	16
1991.46	22
1991.79	1
1992.13	21
1992.46	14
1992.79	20
1993.12	37
1993.45	33
1993.79	6
1994.12	22
1994.45	20
1994.78	11
1995.11	7
1995.45	13
1995.78	0
1996.11	11
1996.44	7
1996.77	32
1997.1	34
1997.44	21
1997.77	5
1998.1	4
1998.43	13
1998.76	15
1999.09	2
1999.43	6
1999.76	0
2000.09	9
2000.42	22
2000.75	42
2001.08	21
2001.41	10
2001.75	20
2002.08	11
2002.41	21
2002.74	0
2003.07	1
2003.4	0
2003.73	8
2004.06	21
2004.4	8
2004.73	0
2005.06	14
2005.39	2
2005.72	1
2006.05	0
2006.38	2
2006.71	15
2007.04	8
2007.37	0
2007.71	3
2008.04	31
2008.37	3
2008.7	2
2009.03	0
2009.36	0
2009.69	0
2010.02	0
2010.35	2
2010.68	10
2011.01	0
2011.34	7
2011.67	0
2012.01	0
2012.34	0
2012.67	0
2013	0
2013.33	0
2013.66	0
2013.99	0
2014.32	0
2014.65	5
2014.98	0
2015.31	0
2015.64	0
2015.97	0
2016.3	13
2016.63	0
2016.96	0
2017.29	0
2017.62	3
2017.95	0
2018.28	0
2018.61	0
2018.94	-5
2019.27	0
2019.6	0
2019.93	0
2020.26	0
2020.59	0
2020.92	0
2021.25	3
2021.58	0
2021.91	4
2022.24	0
2022.57	0
2022.9	0
2023.23	0
2023.56	0
2023.89	0
2024.22	-4
2024.55	0
2024.88	0
2025.21	0
2025.54	0
2025.87	0
2026.2	0
2026.53	0
2026.86	10
2027.19	0
2027.52	0
2027.85	0
2028.18	0
2028.51	0
2028.84	0
2029.16	0
2029.49	0
2029.82	0
2030.15	0
2030.48	0
2030.81	0
2031.14	4
2031.47	0
2031.8	0
2032.13	0
2032.46	0
2032.79	0
2033.12	0
2033.44	0
2033.77	0
2034.1	0
2034.43	0
2034.76	0
2035.09	9
2035.42	0
2035.75	0
2036.08	0
2036.41	5
2036.73	0
2037.06	0
2037.39	0
2037.72	0
2038.05	0
2038.38	24
2038.71	0
2039.04	0
2039.36	0
2039.69	0
2040.02	0
2040.35	0
2040.68	0
2041.01	0
2041.34	0
2041.66	0
2041.99	0
2042.32	0
2042.65	0
2042.98	1
2043.31	0
2043.63	4
2043.96	0
2044.29	0
2044.62	0
2044.95	0
2045.28	12
2045.6	1
2045.93	0
2046.26	11
2046.59	0
2046.92	0
2047.24	8
2047.57	0
2047.9	0
2048.23	0
2048.56	0
2048.88	0
2049.21	0
2049.54	0
2049.87	0
2050.2	0
2050.52	0
2050.85	0
2051.18	0
2051.51	3
2051.83	0
2052.16	9
2052.49	7
2052.82	4
2053.15	0
2053.47	14
2053.8	5
2054.13	0
2054.46	0
2054.78	0
2055.11	0
2055.44	-1
2055.77	0
2056.09	0
2056.42	0
2056.75	0
2057.08	0
2057.4	0
2057.73	0
2058.06	0
2058.38	0
2058.71	0
2059.04	0
2059.37	0
2059.69	0
2060.02	-1
2060.35	0
2060.67	0
2061	0
2061.33	0
2061.66	0
2061.98	0
2062.31	0
2062.64	0
2062.96	0
2063.29	0
2063.62	0
2063.94	0
2064.27	0
2064.6	0
2064.92	0
2065.25	0
2065.58	0
2065.91	0
2066.23	0
2066.56	0
2066.89	0
2067.21	0
2067.54	0
2067.87	0
2068.19	0
2068.52	0
2068.84	0
2069.17	0
2069.5	0
2069.82	0
2070.15	0
2070.48	0
2070.8	0
2071.13	0
2071.46	0
2071.78	0
2072.11	0
2072.43	0
2072.76	0
2073.09	0
2073.41	0
2073.74	0
2074.07	0
2074.39	0
2074.72	0
2075.04	0
2075.37	0
2075.7	0
2076.02	0
2076.35	0
2076.67	0
2077	0
2077.33	0
2077.65	0
2077.98	0
2078.3	0
2078.63	0
2078.95	0
2079.28	0
2079.61	0
2079.93	0
2080.26	0
2080.58	0
2080.91	0
2081.23	0
2081.56	7
2081.89	0
2082.21	0
2082.54	0
2082.86	0
2083.19	0
2083.51	0
2083.84	0
2084.16	0
2084.49	0
2084.81	0
2085.14	0
2085.46	0
2085.79	0
2086.12	0
2086.44	0
2086.77	0
2087.09	-2
2087.42	0
2087.74	0
2088.07	0
2088.39	0
2088.72	0
2089.04	0
2089.37	0
2089.69	0
2090.02	0
2090.34	0
2090.67	0
2090.99	0
2091.32	0
2091.64	0
2091.97	0
2092.29	0
2092.62	0
2092.94	0
2093.26	0
2093.59	0
2093.91	0
2094.24	0
2094.56	0
2094.89	0
2095.21	0
2095.54	0
2095.86	0
2096.19	0
2096.51	0
2096.84	0
2097.16	0
2097.48	0
2097.81	0
2098.13	0
2098.46	0
2098.78	7
2099.11	2
2099.43	0
2099.75	0
2100.08	0
2100.4	-2
2100.73	0
2101.05	0
2101.38	0
2101.7	0
2102.02	0
2102.35	0
2102.67	0
2103	0
2103.32	0
2103.64	0
2103.97	0
2104.29	3
2104.62	0
2104.94	0
2105.26	0
2105.59	0
2105.91	0
2106.23	0
2106.56	0
2106.88	0
2107.21	0
2107.53	0
2107.85	0
2108.18	0
2108.5	0
2108.82	0
2109.15	0
2109.47	0
2109.79	0
2110.12	0
2110.44	0
2110.76	0
2111.09	0
2111.41	0
2111.73	0
2112.06	0
2112.38	0
2112.7	4
2113.03	0
2113.35	0
2113.67	7
2114	0
2114.32	0
2114.64	0
2114.97	0
2115.29	0
2115.61	0
2115.94	0
2116.26	0
2116.58	0
2116.91	0
2117.23	0
2117.55	0
2117.87	0
2118.2	0
2118.52	0
2118.84	0
2119.17	0
2119.49	0
2119.81	0
2120.13	0
2120.46	0
2120.78	0
2121.1	0
2121.42	0
2121.75	0
2122.07	0
2122.39	0
2122.72	0
2123.04	0
2123.36	0
2123.68	0
2124.01	0
2124.33	0
2124.65	0
2124.97	0
2125.29	0
2125.62	0
2125.94	0
2126.26	0
2126.58	0
2126.91	0
2127.23	0
2127.55	0
2127.87	0
2128.2	0
2128.52	0
2128.84	0
2129.16	0
2129.48	0
2129.81	0
2130.13	17
2130.45	0
2130.77	0
2131.09	0
2131.42	0
2131.74	0
2132.06	0
2132.38	0
2132.7	0
2133.02	0
2133.35	0
2133.67	0
2133.99	0
2134.31	0
2134.63	0
2134.96	0
2135.28	0
2135.6	0
2135.92	0
2136.24	0
2136.56	0
2136.88	0
2137.21	0
2137.53	0
2137.85	0
2138.17	0
2138.49	0
2138.81	0
2139.13	0
2139.46	0
2139.78	0
2140.1	0
2140.42	0
2140.74	3
2141.06	0
2141.38	0
2141.7	0
2142.03	0
2142.35	0
2142.67	0
2142.99	0
2143.31	2
2143.63	16
2143.95	0
2144.27	0
2144.59	0
2144.91	0
2145.24	0
2145.56	0
2145.88	0
2146.2	0
2146.52	0
2146.84	0
2147.16	0
2147.48	0
2147.8	0
2148.12	0
2148.44	0
2148.76	0
2149.08	0
2149.41	0
2149.73	0
2150.05	0
2150.37	0
2150.69	0
2151.01	-20
2151.33	0
2151.65	0
2151.97	0
2152.29	0
2152.61	0
2152.93	0
2153.25	0
2153.57	0
2153.89	0
2154.21	0
2154.53	0
2154.85	0
2155.17	0
2155.49	0
2155.81	0
2156.13	0
2156.45	6
2156.77	0
2157.09	0
2157.41	0
2157.73	0
2158.05	0
2158.37	0
2158.69	0
2159.01	0
2159.33	0
2159.65	0
2159.97	0
2160.29	0
2160.61	0
2160.93	0
2161.25	0
2161.57	0
2161.89	0
2162.21	0
2162.53	0
2162.85	0
2163.17	0
2163.49	0
2163.81	0
2164.13	0
2164.45	0
2164.77	0
2165.08	0
2165.4	0
2165.72	0
2166.04	0
2166.36	0
2166.68	0
2167	15
2167.32	0
2167.64	0
2167.96	0
2168.28	0
2168.6	0
2168.92	0
2169.24	0
2169.55	0
2169.87	0
2170.19	0
2170.51	0
2170.83	0
2171.15	0
2171.47	0
2171.79	0
2172.11	0
2172.43	0
2172.74	0
2173.06	0
2173.38	0
2173.7	0
2174.02	5
2174.34	0
2174.66	0
2174.98	0
2175.29	0
2175.61	0
2175.93	0
2176.25	0
2176.57	0
2176.89	12
2177.21	0
2177.52	0
2177.84	0
2178.16	0
2178.48	0
2178.8	0
2179.12	0
2179.43	0
2179.75	0
2180.07	0
2180.39	0
2180.71	0
2181.03	0
2181.34	0
2181.66	0
2181.98	6
2182.3	0
2182.62	0
2182.93	0
2183.25	0
2183.57	0
2183.89	0
2184.21	0
2184.52	0
2184.84	0
2185.16	0
2185.48	0
2185.8	0
2186.11	0
2186.43	0
2186.75	0
2187.07	0
2187.39	0
2187.7	0
2188.02	0
2188.34	0
2188.66	0
2188.97	0
2189.29	0
2189.61	0
2189.93	0
2190.24	0
2190.56	0
2190.88	0
2191.2	0
2191.51	0
2191.83	0
2192.15	0
2192.47	0
2192.78	0
2193.1	0
2193.42	0
2193.74	0
2194.05	0
2194.37	0
2194.69	0
2195	5
2195.32	0
2195.64	0
2195.96	0
2196.27	0
2196.59	0
2196.91	0
2197.22	0
2197.54	0
2197.86	0
2198.18	0
2198.49	0
2198.81	0
2199.13	0
2199.44	0
2199.76	0
2200.08	0
2200.39	0
2200.71	0
2201.03	0
2201.34	0
2201.66	0
2201.98	0
2202.29	0
2202.61	0
2202.93	0
2203.24	0
2203.56	0
2203.88	0
2204.19	0
2204.51	0
2204.83	0
2205.14	0
2205.46	0
2205.78	0
2206.09	0
2206.41	0
2206.72	0
2207.04	0
2207.36	0
2207.67	0
2207.99	0
2208.31	0
2208.62	0
2208.94	0
2209.25	0
2209.57	0
2209.89	0
2210.2	0
2210.52	0
2210.83	0
2211.15	0
2211.47	0
2211.78	0
2212.1	0
2212.41	0
2212.73	0
2213.05	1
2213.36	0
2213.68	0
2213.99	0
2214.31	0
2214.62	0
2214.94	0
2215.26	0
2215.57	0
2215.89	0
2216.2	0
2216.52	0
2216.83	0
2217.15	0
2217.46	0
2217.78	0
2218.1	0
2218.41	0
2218.73	0
2219.04	0
2219.36	1
2219.67	0
2219.99	0
2220.3	0
2220.62	0
2220.93	0
2221.25	0
2221.56	0
2221.88	0
2222.19	0
2222.51	0
2222.82	0
2223.14	0
2223.45	0
2223.77	0
2224.08	0
2224.4	0
2224.71	0
2225.03	0
2225.34	0
2225.66	0
2225.97	0
2226.29	0
2226.6	0
2226.92	0
2227.23	0
2227.55	0
2227.86	0
2228.18	0
2228.49	-7
2228.81	-6
2229.12	0
2229.44	-1
2229.75	0
2230.07	0
2230.38	0
2230.69	0
2231.01	0
2231.32	0
2231.64	0
2231.95	0
2232.27	0
2232.58	0
2232.9	0
2233.21	0
2233.52	0
2233.84	0
2234.15	0
2234.47	0
2234.78	0
2235.1	0
2235.41	0
2235.72	0
2236.04	0
2236.35	0
2236.67	0
2236.98	0
2237.29	0
2237.61	0
2237.92	0
2238.24	0
2238.55	0
2238.86	-4
2239.18	0
2239.49	0
2239.8	0
2240.12	0
2240.43	0
2240.75	0
2241.06	0
2241.37	0
2241.69	0
2242	0
2242.31	0
2242.63	0
2242.94	0
2243.26	8
2243.57	0
2243.88	0
2244.2	0
2244.51	0
2244.82	0
2245.14	0
2245.45	0
2245.76	0
2246.08	0
2246.39	0
2246.7	0
2247.02	0
2247.33	0
2247.64	0
2247.96	0
2248.27	0
2248.58	7
2248.9	0
2249.21	0
2249.52	0
2249.83	0
2250.15	0
2250.46	0
2250.77	0
2251.09	0
2251.4	0
2251.71	0
2252.03	0
2252.34	0
2252.65	6
2252.96	0
2253.28	0
2253.59	0
2253.9	0
2254.21	0
2254.53	0
2254.84	0
2255.15	0
2255.47	0
2255.78	0
2256.09	0
2256.4	0
2256.72	0
2257.03	0
2257.34	0
2257.65	0
2257.97	0
2258.28	0
2258.59	0
2258.9	0
2259.22	0
2259.53	0
2259.84	0
2260.15	0
2260.46	0
2260.78	0
2261.09	0
2261.4	0
2261.71	0
2262.03	0
2262.34	0
2262.65	0
2262.96	0
2263.27	5
2263.59	0
2263.9	0
2264.21	0
2264.52	0
2264.83	0
2265.15	0
2265.46	0
2265.77	0
2266.08	0
2266.39	0
2266.7	0
2267.02	0
2267.33	4
2267.64	0
2267.95	0
2268.26	0
2268.57	-1
2268.89	0
2269.2	0
2269.51	0
2269.82	0
2270.13	0
2270.44	0
2270.76	0
2271.07	0
2271.38	0
2271.69	0
2272	0
2272.31	0
2272.62	0
2272.93	0
2273.25	0
2273.56	0
2273.87	0
2274.18	0
2274.49	0
2274.8	0
2275.11	0
2275.42	0
2275.74	0
2276.05	0
2276.36	-1
2276.67	0
2276.98	0
2277.29	0
2277.6	-1
2277.91	0
2278.22	0
2278.53	0
2278.85	0
2279.16	0
2279.47	0
2279.78	0
2280.09	0
2280.4	0
2280.71	0
2281.02	0
2281.33	0
2281.64	0
2281.95	0
2282.26	0
2282.57	0
2282.88	0
2283.19	0
2283.5	0
2283.82	0
2284.13	0
2284.44	0
2284.75	0
2285.06	0
2285.37	0
2285.68	0
2285.99	-2
2286.3	3
2286.61	0
2286.92	0
2287.23	0
2287.54	0
2287.85	0
2288.16	0
2288.47	0
2288.78	0
2289.09	0
2289.4	0
2289.71	0
2290.02	0
2290.33	0
2290.64	-5
2290.95	0
2291.26	0
2291.57	0
2291.88	0
2292.19	0
2292.5	0
2292.81	0
2293.12	-1
2293.43	0
2293.74	0
2294.05	0
2294.36	0
2294.67	0
2294.98	0
2295.29	0
2295.6	0
2295.91	0
2296.21	0
2296.52	0
2296.83	0
2297.14	0
2297.45	4
2297.76	0
2298.07	0
2298.38	0
2298.69	1
2299	0
2299.31	0
2299.62	-5
2299.93	0
2300.24	0
2300.55	0
2300.85	0
2301.16	0
2301.47	0
2301.78	0
2302.09	0
2302.4	0
2302.71	0
2303.02	0
2303.33	0
2303.64	0
2303.94	0
2304.25	0
2304.56	0
2304.87	0
2305.18	0
2305.49	0
2305.8	0
2306.11	0
2306.42	0
2306.72	0
2307.03	0
2307.34	0
2307.65	0
2307.96	0
2308.27	0
2308.58	0
2308.88	0
2309.19	0
2309.5	0
2309.81	0
2310.12	0
2310.43	0
2310.74	0
2311.04	6
2311.35	0
2311.66	0
2311.97	0
2312.28	0
2312.59	0
2312.89	0
2313.2	0
2313.51	0
2313.82	0
2314.13	0
2314.43	0
2314.74	0
2315.05	0
2315.36	0
2315.67	0
2315.97	0
2316.28	0
2316.59	0
2316.9	0
2317.21	0
2317.51	0
2317.82	0
2318.13	0
2318.44	0
2318.75	0
2319.05	0
2319.36	0
2319.67	0
2319.98	0
2320.28	0
2320.59	0
2320.9	0
2321.21	0
2321.51	0
2321.82	0
2322.13	0
2322.44	0
2322.74	4
2323.05	0
2323.36	0
2323.67	0
2323.97	0
2324.28	0
2324.59	0
2324.9	0
2325.2	0
2325.51	0
2325.82	0
2326.13	0
2326.43	0
2326.74	0
2327.05	0
2327.35	0
2327.66	0
2327.97	0
2328.27	0
2328.58	0
2328.89	0
2329.2	0
2329.5	0
2329.81	0
2330.12	0
2330.42	0
2330.73	0
2331.04	0
2331.34	0
2331.65	0
2331.96	0
2332.26	0
2332.57	0
2332.88	0
2333.18	0
2333.49	0
2333.8	0
2334.1	0
2334.41	0
2334.72	0
2335.02	0
2335.33	-5
2335.64	0
2335.94	0
2336.25	0
2336.56	0
2336.86	0
2337.17	0
2337.48	0
2337.78	0
2338.09	0
2338.39	0
2338.7	-3
2339.01	0
2339.31	0
2339.62	0
2339.93	0
2340.23	0
2340.54	0
2340.84	0
2341.15	0
2341.46	0
2341.76	0
2342.07	0
2342.37	0
2342.68	0
2342.99	0
2343.29	0
2343.6	0
2343.9	0
2344.21	0
2344.51	0
2344.82	0
2345.13	0
2345.43	0
2345.74	0
2346.04	0
2346.35	0
2346.65	0
2346.96	0
2347.27	0
2347.57	0
2347.88	0
2348.18	0
2348.49	0
2348.79	0
2349.1	0
2349.4	2
2349.71	0
2350.01	0
2350.32	0
2350.63	-5
2350.93	0
2351.24	0
2351.54	0
2351.85	0
2352.15	0
2352.46	0
2352.76	0
2353.07	0
2353.37	0
2353.68	0
2353.98	0
2354.29	0
2354.59	0
2354.9	0
2355.2	0
2355.51	0
2355.81	0
2356.12	0
2356.42	0
2356.73	0
2357.03	0
2357.34	0
2357.64	0
2357.95	0
2358.25	0
2358.55	0
2358.86	0
2359.16	0
2359.47	0
2359.77	0
2360.08	0
2360.38	0
2360.69	0
2360.99	0
2361.3	0
2361.6	0
2361.9	0
2362.21	0
2362.51	0
2362.82	0
2363.12	0
2363.43	0
2363.73	0
2364.04	0
2364.34	0
2364.64	0
2364.95	0
2365.25	0
2365.56	0
2365.86	0
2366.16	0
2366.47	0
2366.77	0
2367.08	0
2367.38	0
2367.68	0
2367.99	0
2368.29	0
2368.6	0
2368.9	0
2369.2	0
2369.51	0
2369.81	0
2370.12	0
2370.42	0
2370.72	-10
2371.03	0
2371.33	0
2371.63	0
2371.94	0
2372.24	0
2372.55	0
2372.85	0
2373.15	0
2373.46	0
2373.76	0
2374.06	0
2374.37	0
2374.67	0
2374.97	0
2375.28	0
2375.58	0
2375.88	0
2376.19	0
2376.49	0
2376.79	0
2377.1	0
2377.4	0
2377.7	0
2378.01	0
2378.31	0
2378.61	0
2378.92	0
2379.22	1
2379.52	0
2379.82	0
2380.13	0
2380.43	0
2380.73	0
2381.04	0
2381.34	0
2381.64	0
2381.95	0
2382.25	0
2382.55	0
2382.85	0
2383.16	0
2383.46	0
2383.76	0
2384.06	0
2384.37	0
2384.67	0
2384.97	0
2385.28	0
2385.58	0
2385.88	0
2386.18	0
2386.49	0
2386.79	0
2387.09	0
2387.39	0
2387.69	1
2388	0
2388.3	0
2388.6	0
2388.9	0
2389.21	0
2389.51	0
2389.81	0
2390.11	0
2390.42	0
2390.72	0
2391.02	0
2391.32	0
2391.62	0
2391.93	0
2392.23	0
2392.53	0
2392.83	0
2393.13	0
2393.44	0
2393.74	0
2394.04	0
2394.34	0
2394.64	0
2394.95	0
2395.25	0
2395.55	0
2395.85	0
2396.15	0
2396.45	0
2396.76	0
2397.06	0
2397.36	0
2397.66	0
2397.96	0
2398.26	0
2398.57	1
2398.87	0
2399.17	0
2399.47	0
2399.77	0
2400.07	0
2400.37	0
2400.68	0
2400.98	0
2401.28	0
2401.58	0
2401.88	5
2402.18	5
2402.48	0
2402.79	0
2403.09	0
2403.39	0
2403.69	0
2403.99	0
2404.29	0
2404.59	0
2404.89	0
2405.19	0
2405.5	0
2405.8	0
2406.1	0
2406.4	0
2406.7	0
2407	0
2407.3	0
2407.6	0
2407.9	0
2408.2	0
2408.5	0
2408.8	0
2409.11	0
2409.41	0
2409.71	0
2410.01	0
2410.31	0
2410.61	0
2410.91	0
2411.21	0
2411.51	0
2411.81	0
2412.11	0
2412.41	0
2412.71	0
2413.01	0
2413.31	0
2413.61	0
2413.91	0
2414.21	1
2414.51	0
2414.81	0
2415.12	2
2415.42	0
2415.72	0
2416.02	0
2416.32	2
2416.62	0
2416.92	0
2417.22	0
2417.52	0
2417.82	-2
2418.12	0
2418.42	0
2418.72	3
2419.02	0
2419.32	0
2419.62	0
2419.92	0
2420.22	0
2420.52	0
2420.82	0
2421.12	0
2421.42	0
2421.71	0
2422.01	0
2422.31	0
2422.61	0
2422.91	0
2423.21	0
2423.51	0
2423.81	0
2424.11	0
2424.41	0
2424.71	0
2425.01	0
2425.31	0
2425.61	0
2425.91	0
2426.21	0
2426.51	0
2426.81	0
2427.11	0
2427.41	0
2427.7	0
2428	0
2428.3	0
2428.6	0
2428.9	0
2429.2	0
2429.5	0
2429.8	0
2430.1	0
2430.4	0
2430.7	0
2430.99	0
2431.29	0
2431.59	0
2431.89	0
2432.19	0
2432.49	0
2432.79	0
2433.09	0
2433.39	0
2433.68	0
2433.98	0
2434.28	0
2434.58	0
2434.88	0
2435.18	0
2435.48	0
2435.78	0
2436.07	0
2436.37	0
2436.67	0
2436.97	0
2437.27	0
2437.57	0
2437.86	0
2438.16	0
2438.46	0
2438.76	0
2439.06	0
2439.36	0
2439.66	0
2439.95	0
2440.25	0
2440.55	0
2440.85	0
2441.15	0
2441.44	0
2441.74	0
2442.04	0
2442.34	-1
2442.64	0
2442.93	0
2443.23	0
2443.53	0
2443.83	0
2444.13	0
2444.42	0
2444.72	0
2445.02	0
2445.32	0
2445.62	0
2445.91	0
2446.21	0
2446.51	0
2446.81	0
2447.1	0
2447.4	0
2447.7	0
2448	0
2448.3	0
2448.59	0
2448.89	0
2449.19	0
2449.49	0
2449.78	0
2450.08	0
2450.38	-1
2450.68	0
2450.97	0
2451.27	0
2451.57	0
2451.87	0
2452.16	0
2452.46	0
2452.76	0
2453.05	0
2453.35	0
2453.65	0
2453.95	0
2454.24	0
2454.54	0
2454.84	0
2455.13	0
2455.43	0
2455.73	0
2456.03	0
2456.32	0
2456.62	0
2456.92	0
2457.21	0
2457.51	0
2457.81	0
2458.1	0
2458.4	0
2458.7	0
2458.99	0
2459.29	0
2459.59	0
2459.88	0
2460.18	0
2460.48	0
2460.77	0
2461.07	0
2461.37	0
2461.66	0
2461.96	0
2462.26	0
2462.55	0
2462.85	0
2463.15	0
2463.44	0
2463.74	0
2464.04	0
2464.33	0
2464.63	0
2464.92	0
2465.22	-3
2465.52	0
2465.81	0
2466.11	0
2466.41	0
2466.7	0
2467	0
2467.29	1
2467.59	0
2467.89	0
2468.18	0
2468.48	0
2468.77	0
2469.07	0
2469.37	0
2469.66	0
2469.96	0
2470.25	0
2470.55	0
2470.84	0
2471.14	0
2471.44	0
2471.73	0
2472.03	-1
2472.32	0
2472.62	0
2472.91	0
2473.21	0
2473.51	0
2473.8	0
2474.1	0
2474.39	0
2474.69	0
2474.98	0
2475.28	0
2475.57	0
2475.87	5
2476.17	0
2476.46	0
2476.76	0
2477.05	0
2477.35	0
2477.64	0
2477.94	0
2478.23	0
2478.53	0
2478.82	0
2479.12	0
2479.41	0
2479.71	0
2480	0
2480.3	0
2480.59	0
2480.89	0
2481.18	0
2481.48	0
2481.77	2
2482.07	0
2482.36	0
2482.66	0
2482.95	0
2483.25	0
2483.54	0
2483.84	0
2484.13	0
2484.43	0
2484.72	0
2485.02	0
2485.31	0
2485.6	0
2485.9	0
2486.19	0
2486.49	0
2486.78	0
2487.08	0
2487.37	0
2487.67	0
2487.96	0
2488.26	0
2488.55	0
2488.84	0
2489.14	0
2489.43	0
2489.73	0
2490.02	0
2490.32	0
2490.61	0
2490.9	0
2491.2	0
2491.49	0
2491.79	0
2492.08	0
2492.37	0
2492.67	0
2492.96	0
2493.26	0
2493.55	0
2493.84	0
2494.14	0
2494.43	0
2494.73	0
2495.02	0
2495.31	0
2495.61	0
2495.9	0
2496.2	1
2496.49	0
2496.78	0
2497.08	0
2497.37	0
2497.66	0
2497.96	0
2498.25	0
2498.54	0
2498.84	4
2499.13	0
2499.43	0
2499.72	0
2500.01	0
2500.31	13
2500.6	15
2500.89	0
2501.19	0
2501.48	0
2501.77	0
2502.07	0
2502.36	0
2502.65	0
2502.95	0
2503.24	0
2503.53	0
2503.82	0
2504.12	0
2504.41	0
2504.7	0
2505	0
2505.29	0
2505.58	0
2505.88	0
2506.17	0
2506.46	0
2506.76	0
2507.05	0
2507.34	0
2507.63	0
2507.93	0
2508.22	0
2508.51	0
2508.8	0
2509.1	0
2509.39	0
2509.68	0
2509.98	0
2510.27	0
2510.56	0
2510.85	0
2511.15	0
2511.44	0
2511.73	0
2512.02	0
2512.32	0
2512.61	0
2512.9	0
2513.19	0
2513.49	0
2513.78	0
2514.07	0
2514.36	0
2514.65	0
2514.95	0
2515.24	0
2515.53	0
2515.82	0
2516.12	0
2516.41	0
2516.7	1
2516.99	0
2517.28	0
2517.58	0
2517.87	0
2518.16	0
2518.45	0
2518.74	0
2519.04	0
2519.33	0
2519.62	0
2519.91	0
2520.2	0
2520.5	0
2520.79	0
2521.08	0
2521.37	0
2521.66	0
2521.95	0
2522.25	0
2522.54	0
2522.83	0
2523.12	0
2523.41	0
2523.7	0
2523.99	0
2524.29	0
2524.58	0
2524.87	0
2525.16	0
2525.45	0
2525.74	0
2526.03	0
2526.33	0
2526.62	0
2526.91	0
2527.2	0
2527.49	0
2527.78	0
2528.07	0
2528.36	0
2528.66	0
2528.95	0
2529.24	0
2529.53	0
2529.82	0
2530.11	0
2530.4	0
2530.69	0
2530.98	0
2531.27	0
2531.57	0
2531.86	0
2532.15	0
2532.44	0
2532.73	0
2533.02	0
2533.31	0
2533.6	0
2533.89	0
2534.18	0
2534.47	0
2534.76	0
2535.05	0
2535.35	0
2535.64	0
2535.93	0
2536.22	0
2536.51	0
2536.8	0
2537.09	0
2537.38	0
2537.67	0
2537.96	0
2538.25	0
2538.54	0
2538.83	0
2539.12	0
2539.41	0
2539.7	0
2539.99	0
2540.28	0
2540.57	0
2540.86	1
2541.15	0
2541.44	0
2541.73	0
2542.02	0
2542.31	3
2542.6	0
2542.89	1
2543.18	0
2543.47	0
2543.76	4
2544.05	0
2544.34	0
2544.63	0
2544.92	0
2545.21	4
2545.5	0
2545.79	0
2546.08	0
2546.37	0
2546.66	0
2546.95	0
2547.24	-6
2547.53	0
2547.82	0
2548.11	0
2548.4	0
2548.69	0
2548.98	0
2549.27	0
2549.55	0
2549.84	0
2550.13	-9
2550.42	0
2550.71	2
2551	0
2551.29	0
2551.58	0
2551.87	0
2552.16	0
2552.45	0
2552.74	0
2553.03	0
2553.31	0
2553.6	0
2553.89	0
2554.18	0
2554.47	0
2554.76	0
2555.05	0
2555.34	0
2555.63	0
2555.92	0
2556.2	0
2556.49	0
2556.78	0
2557.07	0
2557.36	0
2557.65	0
2557.94	0
2558.23	0
2558.51	0
2558.8	0
2559.09	0
2559.38	0
2559.67	0
2559.96	0
2560.25	0
2560.53	0
2560.82	0
2561.11	0
2561.4	0
2561.69	0
2561.98	0
2562.27	0
2562.55	0
2562.84	0
2563.13	0
2563.42	0
2563.71	0
2564	0
2564.28	0
2564.57	0
2564.86	0
2565.15	0
2565.44	0
2565.72	0
2566.01	0
2566.3	0
2566.59	0
2566.88	0
2567.16	0
2567.45	0
2567.74	0
2568.03	0
2568.32	0
2568.6	0
2568.89	0
2569.18	0
2569.47	0
2569.75	0

