Source: Spectrum Viewer

Chart: Pulse Spectrum

Series: 
Wavelength (nm)	S (a.u.)
1179.9	0
1180.29	0
1180.68	0
1181.06	0
1181.45	0
1181.83	0
1182.22	0
1182.6	0
1182.99	0
1183.38	0
1183.76	0
1184.15	0
1184.53	0
1184.92	0
1185.3	0
1185.69	0
1186.07	0
1186.46	0
1186.85	0
1187.23	0
1187.62	0
1188	0
1188.39	0
1188.77	0
1189.16	0
1189.54	0
1189.93	0
1190.31	0
1190.7	0
1191.08	0
1191.47	0
1191.85	0
1192.24	0
1192.62	0
1193.01	0
1193.39	0
1193.78	0
1194.16	0
1194.55	0
1194.93	0
1195.32	0
1195.7	0
1196.09	0
1196.47	0
1196.86	0
1197.24	0
1197.63	0
1198.01	0
1198.4	0
1198.78	0
1199.16	0
1199.55	0
1199.93	0
1200.32	0
1200.7	0
1201.09	0
1201.47	0
1201.86	0
1202.24	0
1202.63	0
1203.01	0
1203.39	0
1203.78	0
1204.16	0
1204.55	0
1204.93	0
1205.32	0
1205.7	0
1206.08	0
1206.47	0
1206.85	0
1207.24	0
1207.62	0
1208	0
1208.39	0
1208.77	0
1209.16	0
1209.54	0
1209.92	0
1210.31	0
1210.69	0
1211.08	0
1211.46	0
1211.84	0
1212.23	0
1212.61	0
1213	0
1213.38	0
1213.76	0
1214.15	0
1214.53	0
1214.91	0
1215.3	0
1215.68	0
1216.06	0
1216.45	0
1216.83	0
1217.22	0
1217.6	0
1217.98	0
1218.37	0
1218.75	0
1219.13	0
1219.52	0
1219.9	0
1220.28	0
1220.67	0
1221.05	0
1221.43	0
1221.82	0
1222.2	0
1222.58	0
1222.97	0
1223.35	0
1223.73	0
1224.11	0
1224.5	0
1224.88	0
1225.26	0
1225.65	0
1226.03	0
1226.41	0
1226.8	0
1227.18	0
1227.56	0
1227.94	0
1228.33	0
1228.71	0
1229.09	0
1229.47	0
1229.86	0
1230.24	0
1230.62	0
1231.01	0
1231.39	0
1231.77	0
1232.15	0
1232.54	0
1232.92	0
1233.3	0
1233.68	0
1234.07	0
1234.45	0
1234.83	0
1235.21	0
1235.6	0
1235.98	0
1236.36	0
1236.74	0
1237.12	0
1237.51	0
1237.89	0
1238.27	0
1238.65	0
1239.04	0
1239.42	0
1239.8	0
1240.18	0
1240.56	0
1240.95	0
1241.33	0
1241.71	0
1242.09	0
1242.47	0
1242.86	0
1243.24	0
1243.62	0
1244	0
1244.38	0
1244.77	0
1245.15	0
1245.53	0
1245.91	0
1246.29	0
1246.67	0
1247.06	0
1247.44	0
1247.82	0
1248.2	0
1248.58	0
1248.96	0
1249.34	0
1249.73	0
1250.11	0
1250.49	0
1250.87	0
1251.25	0
1251.63	0
1252.01	0
1252.4	0
1252.78	0
1253.16	0
1253.54	0
1253.92	0
1254.3	0
1254.68	0
1255.06	0
1255.45	0
1255.83	0
1256.21	0
1256.59	0
1256.97	0
1257.35	0
1257.73	0
1258.11	0
1258.49	0
1258.87	0
1259.26	0
1259.64	0
1260.02	0
1260.4	0
1260.78	0
1261.16	0
1261.54	0
1261.92	0
1262.3	0
1262.68	0
1263.06	0
1263.44	0
1263.82	0
1264.21	0
1264.59	0
1264.97	0
1265.35	0
1265.73	0
1266.11	0
1266.49	0
1266.87	0
1267.25	0
1267.63	0
1268.01	0
1268.39	0
1268.77	0
1269.15	0
1269.53	0
1269.91	0
1270.29	0
1270.67	0
1271.05	0
1271.43	0
1271.81	0
1272.19	0
1272.57	0
1272.95	0
1273.33	0
1273.71	0
1274.09	0
1274.47	0
1274.85	0
1275.23	0
1275.61	0
1275.99	0
1276.37	0
1276.75	0
1277.13	0
1277.51	0
1277.89	0
1278.27	0
1278.65	0
1279.03	0
1279.41	0
1279.79	0
1280.17	0
1280.55	0
1280.93	0
1281.31	0
1281.69	0
1282.07	0
1282.45	0
1282.82	0
1283.2	0
1283.58	0
1283.96	0
1284.34	0
1284.72	0
1285.1	0
1285.48	0
1285.86	0
1286.24	0
1286.62	0
1287	0
1287.38	0
1287.75	0
1288.13	0
1288.51	0
1288.89	0
1289.27	0
1289.65	0
1290.03	0
1290.41	0
1290.79	0
1291.17	0
1291.54	0
1291.92	0
1292.3	0
1292.68	0
1293.06	0
1293.44	0
1293.82	0
1294.2	0
1294.57	0
1294.95	0
1295.33	0
1295.71	0
1296.09	0
1296.47	0
1296.85	0
1297.22	0
1297.6	0
1297.98	0
1298.36	0
1298.74	0
1299.12	0
1299.5	0
1299.87	0
1300.25	0
1300.63	0
1301.01	0
1301.39	0
1301.77	0
1302.14	0
1302.52	0
1302.9	0
1303.28	0
1303.66	0
1304.03	0
1304.41	0
1304.79	0
1305.17	0
1305.55	0
1305.92	0
1306.3	0
1306.68	0
1307.06	0
1307.44	0
1307.81	0
1308.19	0
1308.57	0
1308.95	0
1309.32	0
1309.7	0
1310.08	0
1310.46	0
1310.84	0
1311.21	0
1311.59	0
1311.97	0
1312.35	0
1312.72	0
1313.1	0
1313.48	0
1313.86	0
1314.23	0
1314.61	0
1314.99	0
1315.37	0
1315.74	0
1316.12	0
1316.5	0
1316.87	0
1317.25	0
1317.63	0
1318.01	0
1318.38	0
1318.76	0
1319.14	0
1319.52	0
1319.89	0
1320.27	0
1320.65	0
1321.02	0
1321.4	0
1321.78	0
1322.15	0
1322.53	0
1322.91	0
1323.29	0
1323.66	0
1324.04	0
1324.42	0
1324.79	0
1325.17	0
1325.55	0
1325.92	0
1326.3	0
1326.68	0
1327.05	0
1327.43	0
1327.81	0
1328.18	0
1328.56	0
1328.94	0
1329.31	0
1329.69	0
1330.06	0
1330.44	0
1330.82	0
1331.19	0
1331.57	0
1331.95	0
1332.32	0
1332.7	0
1333.08	0
1333.45	0
1333.83	0
1334.2	0
1334.58	0
1334.96	0
1335.33	0
1335.71	0
1336.08	0
1336.46	0
1336.84	0
1337.21	0
1337.59	0
1337.96	0
1338.34	0
1338.72	0
1339.09	0
1339.47	0
1339.84	0
1340.22	0
1340.6	0
1340.97	0
1341.35	0
1341.72	0
1342.1	0
1342.47	0
1342.85	0
1343.23	0
1343.6	0
1343.98	0
1344.35	0
1344.73	0
1345.1	0
1345.48	0
1345.85	0
1346.23	0
1346.61	0
1346.98	0
1347.36	0
1347.73	0
1348.11	0
1348.48	0
1348.86	0
1349.23	0
1349.61	0
1349.98	0
1350.36	0
1350.73	0
1351.11	0
1351.48	0
1351.86	0
1352.23	0
1352.61	0
1352.98	0
1353.36	0
1353.73	0
1354.11	0
1354.48	0
1354.86	0
1355.23	0
1355.61	0
1355.98	0
1356.36	0
1356.73	0
1357.11	0
1357.48	0
1357.86	0
1358.23	0
1358.61	0
1358.98	0
1359.35	0
1359.73	0
1360.1	0
1360.48	0
1360.85	0
1361.23	0
1361.6	0
1361.98	0
1362.35	0
1362.72	0
1363.1	0
1363.47	0
1363.85	0
1364.22	0
1364.6	0
1364.97	0
1365.34	0
1365.72	0
1366.09	0
1366.47	0
1366.84	0
1367.22	0
1367.59	0
1367.96	0
1368.34	0
1368.71	0
1369.09	0
1369.46	-1
1369.83	-0.92
1370.21	-0.92
1370.58	-0.72
1370.96	-0.72
1371.33	0.28
1371.7	0.2
1372.08	0.2
1372.45	0.04
1372.82	0.04
1373.2	0.04
1373.57	0.04
1373.95	0.16
1374.32	0.12
1374.69	0.48
1375.07	0.48
1375.44	0.48
1375.81	0.48
1376.19	0.48
1376.56	0.44
1376.93	0.64
1377.31	0.68
1377.68	0.56
1378.05	0.6
1378.43	0.28
1378.8	0.08
1379.17	0.04
1379.55	0.12
1379.92	0.08
1380.29	0.08
1380.67	0.2
1381.04	0.2
1381.41	0.12
1381.79	0.12
1382.16	0.28
1382.53	0.32
1382.91	-0.68
1383.28	-0.68
1383.65	-0.68
1384.03	-0.8
1384.4	-0.92
1384.77	0.08
1385.14	0.24
1385.52	0.24
1385.89	0.2
1386.26	0.16
1386.64	0.16
1387.01	0.08
1387.38	0.16
1387.75	0.28
1388.13	0.28
1388.5	0.32
1388.87	0.36
1389.25	0.28
1389.62	0.04
1389.99	-0.16
1390.36	-0.2
1390.74	-0.24
1391.11	-0.24
1391.48	0.04
1391.85	0.44
1392.23	0.44
1392.6	0.36
1392.97	0.52
1393.34	0.36
1393.72	0.16
1394.09	0.16
1394.46	0.16
1394.83	0
1395.21	0
1395.58	0
1395.95	0.12
1396.32	0.12
1396.69	0.28
1397.07	0.28
1397.44	0.28
1397.81	0.16
1398.18	0.16
1398.55	0.12
1398.93	0.12
1399.3	0.12
1399.67	0.12
1400.04	0.4
1400.41	0.36
1400.79	0.36
1401.16	0.36
1401.53	0.36
1401.9	0.08
1402.27	0
1402.65	0
1403.02	0
1403.39	0
1403.76	-0.4
1404.13	-0.36
1404.51	-0.36
1404.88	-0.2
1405.25	-0.2
1405.62	0.36
1405.99	0.4
1406.36	0.4
1406.74	0.24
1407.11	0.36
1407.48	0.2
1407.85	-1.08
1408.22	-1.08
1408.59	-1.08
1408.96	-1.2
1409.34	-1.2
1409.71	0
1410.08	0
1410.45	0
1410.82	0
1411.19	0
1411.56	0
1411.93	0
1412.31	0.12
1412.68	0.12
1413.05	0.12
1413.42	0.12
1413.79	0.6
1414.16	0.28
1414.53	0.28
1414.9	0.08
1415.27	0.08
1415.65	-0.28
1416.02	-0.08
1416.39	-6.66107e-18
1416.76	0.2
1417.13	0.2
1417.5	0.08
1417.87	0.08
1418.24	0
1418.61	0
1418.98	0.44
1419.35	0.44
1419.73	0.44
1420.1	0.44
1420.47	0.52
1420.84	0.16
1421.21	0.16
1421.58	0.24
1421.95	0.24
1422.32	0.2
1422.69	0.12
1423.06	0.2
1423.43	0.16
1423.8	0.2
1424.17	0.16
1424.54	0.16
1424.91	0.08
1425.28	0.04
1425.65	0
1426.02	0
1426.39	0
1426.76	-0.6
1427.14	-0.52
1427.51	-0.4
1427.88	-0.36
1428.25	-0.36
1428.62	0.24
1428.99	0.16
1429.36	0.12
1429.73	0.08
1430.1	0.08
1430.47	0.4
1430.84	0.4
1431.21	0.32
1431.58	0.68
1431.95	0.76
1432.32	0.24
1432.69	0.24
1433.06	0.24
1433.43	-0.12
1433.8	-0.2
1434.17	0
1434.54	0.08
1434.91	0.08
1435.28	0.12
1435.64	0.12
1436.01	-0.48
1436.38	-0.56
1436.75	-0.56
1437.12	-0.56
1437.49	-0.48
1437.86	0.12
1438.23	0.12
1438.6	0.12
1438.97	0.12
1439.34	0.04
1439.71	0.04
1440.08	0.04
1440.45	0.04
1440.82	-0.48
1441.19	-0.48
1441.56	-0.28
1441.93	-0.28
1442.3	-0.28
1442.67	-1.36
1443.03	-1.36
1443.4	-1.56
1443.77	-1.56
1444.14	-1.56
1444.51	0.04
1444.88	0.04
1445.25	0.04
1445.62	0.04
1445.99	0.04
1446.36	0
1446.73	0
1447.09	0
1447.46	0
1447.83	0
1448.2	0
1448.57	-0.2
1448.94	-0.2
1449.31	-0.12
1449.68	-0.08
1450.05	-0.08
1450.41	0.12
1450.78	-0.24
1451.15	-0.32
1451.52	-0.36
1451.89	-0.28
1452.26	-0.24
1452.63	0.12
1453	0.16
1453.36	0.16
1453.73	0.08
1454.1	0.04
1454.47	0.04
1454.84	0
1455.21	0.12
1455.57	-0.28
1455.94	-0.28
1456.31	-0.28
1456.68	-0.28
1457.05	-0.4
1457.42	0
1457.78	0.08
1458.15	0.08
1458.52	0.12
1458.89	0.12
1459.26	0.12
1459.63	0.04
1459.99	0.32
1460.36	0.28
1460.73	0.72
1461.1	0.72
1461.47	0.88
1461.83	0.6
1462.2	0.6
1462.57	0.28
1462.94	0.28
1463.31	0.12
1463.67	0.32
1464.04	0.12
1464.41	0
1464.78	-0.6
1465.15	-0.6
1465.51	-0.8
1465.88	-0.48
1466.25	-0.36
1466.62	0.28
1466.98	0.28
1467.35	0.28
1467.72	0.36
1468.09	0.24
1468.46	0.32
1468.82	0.32
1469.19	0.32
1469.56	0.12
1469.93	0.12
1470.29	0
1470.66	0
1471.03	0
1471.4	0.08
1471.76	0.08
1472.13	0.08
1472.5	0.24
1472.86	0.24
1473.23	0.16
1473.6	0.16
1473.97	0.16
1474.33	0
1474.7	0.12
1475.07	0.36
1475.44	0.56
1475.8	0.52
1476.17	0.52
1476.54	0.44
1476.9	0.2
1477.27	0.04
1477.64	0.24
1478	0.28
1478.37	0.4
1478.74	0.48
1479.11	0.72
1479.47	0.56
1479.84	0.52
1480.21	0.36
1480.57	0.28
1480.94	0
1481.31	0
1481.67	0.36
1482.04	0.44
1482.41	0.44
1482.77	0.44
1483.14	0.44
1483.51	0.08
1483.87	0
1484.24	0
1484.61	0
1484.97	0
1485.34	0
1485.71	-1
1486.07	-0.76
1486.44	-0.76
1486.81	-0.72
1487.17	-0.72
1487.54	0.28
1487.9	0.04
1488.27	0.08
1488.64	-0.16
1489	-0.16
1489.37	-0.16
1489.74	-0.16
1490.1	0.08
1490.47	0.48
1490.83	0.48
1491.2	0.48
1491.57	0.48
1491.93	0.2
1492.3	0
1492.66	0
1493.03	0.24
1493.4	0.24
1493.76	0.44
1494.13	0.44
1494.49	0.44
1494.86	0.44
1495.23	0.96
1495.59	0.76
1495.96	-0.64
1496.32	-0.36
1496.69	-0.6
1497.06	-1.12
1497.42	-1.84
1497.79	-0.44
1498.15	-0.72
1498.52	-0.72
1498.88	-0.72
1499.25	0
1499.62	-0.28
1499.98	-0.12
1500.35	-0.08
1500.71	0.08
1501.08	0.24
1501.44	0.52
1501.81	0.36
1502.17	0.36
1502.54	0.2
1502.9	0.04
1503.27	0.04
1503.64	0.28
1504	0.28
1504.37	0.72
1504.73	0.8
1505.1	0.8
1505.46	0.56
1505.83	0.52
1506.19	0.16
1506.56	0.12
1506.92	0.12
1507.29	0.24
1507.65	0.24
1508.02	0.24
1508.38	0.2
1508.75	0.2
1509.11	0.08
1509.48	0.16
1509.84	0.28
1510.21	0.48
1510.57	0.48
1510.94	0.48
1511.3	0.44
1511.67	0.36
1512.03	0.16
1512.4	0.24
1512.76	0.4
1513.13	-0.32
1513.49	-0.56
1513.85	-0.56
1514.22	-0.64
1514.58	-0.8
1514.95	-0.12
1515.31	0.08
1515.68	0.2
1516.04	0.2
1516.41	0.24
1516.77	0.24
1517.14	0.24
1517.5	0.28
1517.86	0.28
1518.23	0.24
1518.59	0.36
1518.96	0.28
1519.32	0.12
1519.69	0.16
1520.05	0.16
1520.41	0.04
1520.78	0.04
1521.14	0.04
1521.51	0.08
1521.87	0.08
1522.24	0.36
1522.6	0.36
1522.96	0.36
1523.33	0.32
1523.69	0.32
1524.06	0.12
1524.42	0.12
1524.78	0.36
1525.15	0.32
1525.51	0.32
1525.88	0.24
1526.24	0.32
1526.6	0.08
1526.97	0.08
1527.33	0.08
1527.69	0.08
1528.06	0
1528.42	0
1528.79	0
1529.15	-0.6
1529.51	-0.6
1529.88	-0.48
1530.24	-0.48
1530.6	-0.48
1530.97	0.2
1531.33	0.2
1531.69	0.32
1532.06	0.32
1532.42	0.36
1532.78	0.28
1533.15	0.36
1533.51	0.16
1533.87	0.16
1534.24	0.4
1534.6	0.44
1534.96	0.72
1535.33	0.68
1535.69	0.68
1536.05	0.4
1536.42	0.36
1536.78	0.04
1537.14	0.12
1537.51	0.12
1537.87	0.12
1538.23	0.12
1538.6	0.08
1538.96	0.04
1539.32	0.04
1539.68	0.04
1540.05	0.08
1540.41	0.24
1540.77	0.2
1541.14	0.2
1541.5	0.2
1541.86	0.16
1542.23	0.16
1542.59	0.16
1542.95	0.24
1543.31	0.36
1543.68	0.36
1544.04	0.28
1544.4	0.28
1544.76	0.4
1545.13	0.28
1545.49	0.28
1545.85	0.36
1546.21	0.4
1546.58	0.2
1546.94	0.24
1547.3	0.64
1547.66	0.56
1548.03	0.76
1548.39	0.76
1548.75	0.92
1549.11	0.76
1549.48	0.72
1549.84	0.52
1550.2	0.52
1550.56	0.32
1550.93	0.08
1551.29	0.04
1551.65	0.04
1552.01	0.16
1552.37	0.16
1552.74	0.16
1553.1	0.16
1553.46	0.12
1553.82	0
1554.18	0.08
1554.55	0.08
1554.91	0.08
1555.27	0.08
1555.63	0.08
1555.99	0
1556.36	0.04
1556.72	-1.48
1557.08	-1.4
1557.44	-1.4
1557.8	-1.4
1558.17	-1.32
1558.53	0.24
1558.89	0.16
1559.25	0.28
1559.61	0.28
1559.97	0.44
1560.34	0.68
1560.7	0.68
1561.06	0.56
1561.42	0.92
1561.78	0.64
1562.14	0.08
1562.5	0.08
1562.87	0.08
1563.23	-0.2
1563.59	-0.44
1563.95	-0.16
1564.31	-0.16
1564.67	-0.08
1565.03	-0.16
1565.4	0.48
1565.76	0.6
1566.12	0.72
1566.48	0.64
1566.84	0.64
1567.2	0.4
1567.56	0.08
1567.92	0.12
1568.29	0.12
1568.65	0.32
1569.01	0.24
1569.37	0.04
1569.73	-0.12
1570.09	-0.12
1570.45	-0.32
1570.81	-0.32
1571.17	0.08
1571.53	0.08
1571.89	0.08
1572.26	0.28
1572.62	0.24
1572.98	0.24
1573.34	0.48
1573.7	0.48
1574.06	0.4
1574.42	0.36
1574.78	0.28
1575.14	0.04
1575.5	0.04
1575.86	-0.64
1576.22	-0.6
1576.58	-0.52
1576.94	-0.52
1577.3	-0.28
1577.67	0.4
1578.03	0.6
1578.39	0.72
1578.75	0.72
1579.11	0.48
1579.47	0.36
1579.83	0.28
1580.19	0.16
1580.55	0.16
1580.91	0.16
1581.27	0.16
1581.63	0.12
1581.99	0.12
1582.35	0.24
1582.71	0.24
1583.07	0.24
1583.43	0.12
1583.79	0.12
1584.15	0.12
1584.51	0.28
1584.87	0.28
1585.23	0.28
1585.59	0.28
1585.95	0.16
1586.31	0
1586.67	0.08
1587.03	0.08
1587.39	0.16
1587.75	0.28
1588.11	0.28
1588.47	0.2
1588.83	0.28
1589.19	0.2
1589.55	0.16
1589.91	0.16
1590.27	0.44
1590.63	0.36
1590.99	0.36
1591.35	0.44
1591.71	0.44
1592.07	0.24
1592.42	0.24
1592.78	0.32
1593.14	0.44
1593.5	0.56
1593.86	0.48
1594.22	0.48
1594.58	0.4
1594.94	0.2
1595.3	0.44
1595.66	0.44
1596.02	0.44
1596.38	0.44
1596.74	0.36
1597.1	0.04
1597.46	0.32
1597.81	0.56
1598.17	0.56
1598.53	0.56
1598.89	0.52
1599.25	0.4
1599.61	0.16
1599.97	0.4
1600.33	0.4
1600.69	0.6
1601.05	0.44
1601.4	0.56
1601.76	0.08
1602.12	0.2
1602.48	0.36
1602.84	0.36
1603.2	0.28
1603.56	0.64
1603.92	0.52
1604.28	0.16
1604.63	0.16
1604.99	0.16
1605.35	0.04
1605.71	0.08
1606.07	0.24
1606.43	0.24
1606.79	0.2
1607.14	0.88
1607.5	1.08
1607.86	0.92
1608.22	1.08
1608.58	1.08
1608.94	0.76
1609.29	0.52
1609.65	0.32
1610.01	0.24
1610.37	0.24
1610.73	6.66107e-18
1611.09	6.66107e-18
1611.44	0.48
1611.8	0.44
1612.16	0.44
1612.52	0.76
1612.88	0.76
1613.24	0.48
1613.59	0.72
1613.95	0.8
1614.31	0.36
1614.67	0.6
1615.03	0.64
1615.38	0.76
1615.74	0.68
1616.1	0.76
1616.46	0.52
1616.82	0.48
1617.17	0.28
1617.53	0.48
1617.89	0.84
1618.25	0.84
1618.6	0.96
1618.96	1.4
1619.32	1.24
1619.68	0.8
1620.04	0.8
1620.39	0.84
1620.75	0.32
1621.11	0.28
1621.47	0.68
1621.82	0.92
1622.18	0.88
1622.54	0.88
1622.9	1.12
1623.25	-0.12
1623.61	-0.36
1623.97	-0.48
1624.33	-0.44
1624.68	-0.88
1625.04	0.64
1625.4	0.8
1625.75	0.2
1626.11	0.16
1626.47	0.6
1626.83	7.21672e-18
1627.18	-0.12
1627.54	0.48
1627.9	0.64
1628.26	0.72
1628.61	0.76
1628.97	0.8
1629.33	1.04
1629.68	0.8
1630.04	0.48
1630.4	-0.24
1630.75	-0.24
1631.11	-0.16
1631.47	-0.32
1631.83	-0.08
1632.18	0.68
1632.54	0.64
1632.9	0.4
1633.25	0.52
1633.61	0.32
1633.97	0.6
1634.32	0.96
1634.68	0.92
1635.04	1.04
1635.39	1.12
1635.75	0.72
1636.11	0.32
1636.46	0.32
1636.82	0.32
1637.18	0.32
1637.53	0.56
1637.89	0.6
1638.25	0.56
1638.6	0.44
1638.96	0.32
1639.31	0.32
1639.67	0.28
1640.03	0.64
1640.38	0.64
1640.74	0.84
1641.1	0.64
1641.45	0.64
1641.81	0.56
1642.16	0.56
1642.52	0.36
1642.88	0.28
1643.23	-0.12
1643.59	-0.36
1643.95	-0.12
1644.3	-3.49723e-17
1644.66	-3.49723e-17
1645.01	0.4
1645.37	0.48
1645.73	0.48
1646.08	0.36
1646.44	0.36
1646.79	-0.24
1647.15	-0.12
1647.51	-0.04
1647.86	0.4
1648.22	0.4
1648.57	0.2
1648.93	-0.04
1649.28	-0.08
1649.64	-0.52
1650	-0.2
1650.35	0.6
1650.71	0.6
1651.06	0.32
1651.42	0.48
1651.77	-0.04
1652.13	2.4425e-17
1652.48	0.2
1652.84	0.2
1653.2	0.2
1653.55	0.48
1653.91	0.52
1654.26	0.52
1654.62	0.56
1654.97	0.44
1655.33	0.48
1655.68	0.4
1656.04	0.4
1656.39	0.76
1656.75	0.72
1657.1	0.68
1657.46	1
1657.81	0.92
1658.17	0.68
1658.52	0.68
1658.88	0.6
1659.23	0.28
1659.59	0.16
1659.94	0.6
1660.3	0.84
1660.65	0.88
1661.01	0.96
1661.36	1.04
1661.72	0.68
1662.07	0.44
1662.43	0.56
1662.78	0.52
1663.14	0.6
1663.49	0.36
1663.85	0.36
1664.2	0.44
1664.56	0.4
1664.91	-1.36
1665.27	-1.08
1665.62	-0.96
1665.98	-1.2
1666.33	-1.2
1666.69	1.12
1667.04	0.96
1667.39	1.36
1667.75	1.44
1668.1	1.52
1668.46	1.08
1668.81	1.84
1669.17	1.44
1669.52	1.72
1669.88	1.64
1670.23	1.84
1670.58	1.6
1670.94	1.8
1671.29	1.56
1671.65	1.56
1672	1.28
1672.36	0.88
1672.71	0.68
1673.06	0.8
1673.42	0.76
1673.77	0.56
1674.13	1
1674.48	1.04
1674.83	1.08
1675.19	1.16
1675.54	1.6
1675.9	1.32
1676.25	1.64
1676.6	2.04
1676.96	2.36
1677.31	2.8
1677.67	2.48
1678.02	2.6
1678.37	2.4
1678.73	2.88
1679.08	2.04
1679.43	2.36
1679.79	2.16
1680.14	2.12
1680.5	1.44
1680.85	2.12
1681.2	2.8
1681.56	3.36
1681.91	3.36
1682.26	3.4
1682.62	3.48
1682.97	2.8
1683.32	2.16
1683.68	2.32
1684.03	2.32
1684.38	1.88
1684.74	1.52
1685.09	1.76
1685.44	1.32
1685.8	1.52
1686.15	1.48
1686.5	1.76
1686.86	2
1687.21	2.52
1687.56	2.28
1687.92	2.28
1688.27	2.32
1688.62	2.44
1688.98	2.6
1689.33	2.56
1689.68	3.36
1690.03	3.2
1690.39	2.92
1690.74	2.36
1691.09	3.2
1691.45	1.8
1691.8	1.68
1692.15	1.32
1692.5	1.88
1692.86	1.68
1693.21	2.08
1693.56	2.08
1693.92	2.76
1694.27	1.76
1694.62	1.2
1694.97	1.36
1695.33	1.44
1695.68	1.08
1696.03	1.56
1696.38	1.44
1696.74	1.8
1697.09	2.08
1697.44	1.68
1697.79	1.52
1698.15	2.08
1698.5	1.72
1698.85	1.76
1699.2	1.52
1699.56	2.2
1699.91	2
1700.26	2.48
1700.61	3.04
1700.97	3.8
1701.32	3
1701.67	2.96
1702.02	2.4
1702.37	2.68
1702.73	2.36
1703.08	2.76
1703.43	2.36
1703.78	3.12
1704.13	1.96
1704.49	2.48
1704.84	2.08
1705.19	2.6
1705.54	1.96
1705.89	2.68
1706.25	2.4
1706.6	2.8
1706.95	2.8
1707.3	2.88
1707.65	2.48
1708.01	2.28
1708.36	1.92
1708.71	1.8
1709.06	1.68
1709.41	1.8
1709.76	1.76
1710.12	2
1710.47	1.84
1710.82	1.8
1711.17	1.48
1711.52	1.32
1711.87	1.76
1712.23	1.96
1712.58	2.16
1712.93	2.08
1713.28	2.2
1713.63	1.56
1713.98	2.36
1714.33	2.8
1714.69	2.76
1715.04	3.76
1715.39	4.12
1715.74	3.24
1716.09	2.8
1716.44	3.04
1716.79	2.28
1717.14	2.2
1717.5	1.96
1717.85	2.52
1718.2	3.32
1718.55	3.12
1718.9	3.52
1719.25	3.88
1719.6	3.24
1719.95	2.36
1720.3	2.12
1720.65	2.52
1721.01	3.04
1721.36	4
1721.71	4.12
1722.06	3.64
1722.41	3
1722.76	3.28
1723.11	2.56
1723.46	3.2
1723.81	5.48
1724.16	5.84
1724.51	5.28
1724.86	5.52
1725.21	5.32
1725.56	4.72
1725.92	4.8
1726.27	6.04
1726.62	6.8
1726.97	7.84
1727.32	7.36
1727.67	7.4
1728.02	6.4
1728.37	6.12
1728.72	5.04
1729.07	6.12
1729.42	6.76
1729.77	6.92
1730.12	8.72
1730.47	9.72
1730.82	9.84
1731.17	10.24
1731.52	11.56
1731.87	9.44
1732.22	8.24
1732.57	8.28
1732.92	8.08
1733.27	8.6
1733.62	10.04
1733.97	11.52
1734.32	12.52
1734.67	12.68
1735.02	11.52
1735.37	11.72
1735.72	12.08
1736.07	11.4
1736.42	11.84
1736.77	12.52
1737.12	12.48
1737.47	12.92
1737.82	13.76
1738.17	13.68
1738.52	13.64
1738.87	13.6
1739.22	11.92
1739.57	11.72
1739.92	11.6
1740.27	11.28
1740.62	11.44
1740.97	13.68
1741.32	12.6
1741.67	12.44
1742.02	12.88
1742.37	13.08
1742.72	10.92
1743.06	11.16
1743.41	10.88
1743.76	10.68
1744.11	10.12
1744.46	12.24
1744.81	12.48
1745.16	13.08
1745.51	12.52
1745.86	12.84
1746.21	11.76
1746.56	11.36
1746.91	11.6
1747.26	12.04
1747.6	12.6
1747.95	12.84
1748.3	12.64
1748.65	12.24
1749	11.88
1749.35	11.24
1749.7	10.28
1750.05	9.44
1750.4	9.84
1750.75	11.36
1751.09	10.04
1751.44	11.48
1751.79	12.16
1752.14	10.88
1752.49	10.04
1752.84	9.68
1753.19	7.68
1753.54	8.16
1753.88	7.32
1754.23	6.16
1754.58	7.32
1754.93	7.48
1755.28	7.48
1755.63	7.72
1755.98	7.84
1756.32	7.72
1756.67	7.36
1757.02	7.48
1757.37	9.2
1757.72	8.68
1758.07	7.84
1758.42	8.4
1758.76	6.72
1759.11	4.24
1759.46	3.76
1759.81	2.64
1760.16	3.32
1760.5	3.08
1760.85	3.04
1761.2	3
1761.55	3.08
1761.9	1.52
1762.25	2.24
1762.59	3.04
1762.94	3.88
1763.29	4.16
1763.64	4.28
1763.99	4.16
1764.33	3.72
1764.68	2.44
1765.03	2.84
1765.38	2.68
1765.73	1.92
1766.07	1.72
1766.42	2.4
1766.77	2
1767.12	1.48
1767.46	2.28
1767.81	2.72
1768.16	2.16
1768.51	2
1768.85	2.72
1769.2	1.8
1769.55	1.2
1769.9	1.44
1770.25	1.64
1770.59	1.28
1770.94	1.24
1771.29	1.24
1771.64	0.92
1771.98	0.8
1772.33	1.2
1772.68	1.44
1773.02	1.96
1773.37	1.96
1773.72	1.68
1774.07	1.56
1774.41	1.32
1774.76	1
1775.11	1.56
1775.46	2.04
1775.8	1.4
1776.15	1.84
1776.5	1.64
1776.84	1.12
1777.19	1.2
1777.54	1.92
1777.89	1.52
1778.23	2.4
1778.58	2.52
1778.93	2.88
1779.27	2.24
1779.62	2.16
1779.97	1.88
1780.31	2.12
1780.66	1.48
1781.01	1.6
1781.35	3.84
1781.7	4.08
1782.05	5
1782.39	6.64
1782.74	7.92
1783.09	6.92
1783.43	8.32
1783.78	7.76
1784.13	8.6
1784.47	7.24
1784.82	6.64
1785.17	8.28
1785.51	9.72
1785.86	11.56
1786.21	16.16
1786.55	18.92
1786.9	20.24
1787.25	21.76
1787.59	20.88
1787.94	18.16
1788.29	17.56
1788.63	15.32
1788.98	16.36
1789.32	17.72
1789.67	19.44
1790.02	22.76
1790.36	30.76
1790.71	36.16
1791.06	39.68
1791.4	45.28
1791.75	51.16
1792.09	55
1792.44	57.36
1792.79	55.8
1793.13	60.52
1793.48	61.76
1793.82	54.56
1794.17	51.28
1794.52	52.16
1794.86	45.2
1795.21	41.92
1795.55	36.84
1795.9	36.48
1796.24	55.92
1796.59	69
1796.94	78.4
1797.28	95.48
1797.63	99.12
1797.97	86.84
1798.32	79.04
1798.66	79.36
1799.01	84.92
1799.36	84.2
1799.7	88
1800.05	99.64
1800.39	92.12
1800.74	92.88
1801.08	117.48
1801.43	125.68
1801.77	124.16
1802.12	129.8
1802.46	130.2
1802.81	119.84
1803.15	109.84
1803.5	106.68
1803.85	103.4
1804.19	93.56
1804.54	94.08
1804.88	100.44
1805.23	98.28
1805.57	112.24
1805.92	132.96
1806.26	139.04
1806.61	140.88
1806.95	156.08
1807.3	179.76
1807.64	189.16
1807.99	193.48
1808.33	197.12
1808.68	186.44
1809.02	179.28
1809.37	196.72
1809.71	202.68
1810.06	211.4
1810.4	222.16
1810.75	205.32
1811.09	193.4
1811.43	219.8
1811.78	243.32
1812.12	277.08
1812.47	298.96
1812.81	290.44
1813.16	276.28
1813.5	262.08
1813.85	234.52
1814.19	228.32
1814.54	221.76
1814.88	198.72
1815.23	185.44
1815.57	165.56
1815.91	136.12
1816.26	136.56
1816.6	164.6
1816.95	179.44
1817.29	207.96
1817.64	250.08
1817.98	278.92
1818.32	299.08
1818.67	310.92
1819.01	319.36
1819.36	325.72
1819.7	301.6
1820.05	272.4
1820.39	281.76
1820.73	272.88
1821.08	256.16
1821.42	266.12
1821.77	252.64
1822.11	212.52
1822.45	209.24
1822.8	205.12
1823.14	178.88
1823.49	204.88
1823.83	258.92
1824.17	286.12
1824.52	317.12
1824.86	351.28
1825.2	335.88
1825.55	299.64
1825.89	262.92
1826.24	242.96
1826.58	273
1826.92	292.88
1827.27	301.56
1827.61	335.32
1827.95	337.52
1828.3	290.68
1828.64	265.96
1828.98	243.6
1829.33	218.24
1829.67	258.56
1830.02	289.4
1830.36	305.32
1830.7	362.84
1831.05	393.68
1831.39	355.16
1831.73	349.92
1832.08	350.44
1832.42	307.4
1832.76	291.64
1833.1	287.52
1833.45	259.76
1833.79	247.64
1834.13	246.12
1834.48	235.48
1834.82	244
1835.16	255.96
1835.51	248.48
1835.85	248.48
1836.19	245.52
1836.54	213.84
1836.88	195.12
1837.22	177.4
1837.56	158.12
1837.91	162.64
1838.25	197.56
1838.59	217.64
1838.94	240.84
1839.28	257.16
1839.62	244.96
1839.96	225.52
1840.31	206.96
1840.65	183.12
1840.99	186.72
1841.34	238.44
1841.68	261.32
1842.02	283.52
1842.36	320.8
1842.71	307.2
1843.05	248.84
1843.39	248.24
1843.73	265.08
1844.08	276.4
1844.42	322.52
1844.76	360.04
1845.1	340.52
1845.45	315.12
1845.79	298.48
1846.13	272.44
1846.47	259.08
1846.81	248.56
1847.16	242.24
1847.5	259.6
1847.84	280.28
1848.18	286.68
1848.53	311.08
1848.87	320.84
1849.21	294.84
1849.55	272.2
1849.89	260.96
1850.24	239.44
1850.58	230
1850.92	227.6
1851.26	214.76
1851.6	211.76
1851.95	211.6
1852.29	202.28
1852.63	200.92
1852.97	197.56
1853.31	177.8
1853.66	167.88
1854	159.72
1854.34	153.24
1854.68	170.32
1855.02	188.28
1855.36	188.52
1855.71	198.72
1856.05	196.4
1856.39	170.16
1856.73	155.2
1857.07	152.96
1857.41	143.52
1857.76	141.24
1858.1	143.84
1858.44	133.6
1858.78	133.4
1859.12	127.88
1859.46	113
1859.8	102.32
1860.15	98.64
1860.49	98.56
1860.83	114.68
1861.17	132.6
1861.51	132.48
1861.85	137.4
1862.19	125.64
1862.53	107.56
1862.88	100.12
1863.22	103.08
1863.56	95.64
1863.9	98.48
1864.24	104.72
1864.58	93.16
1864.92	89.92
1865.26	94.28
1865.6	86.2
1865.94	75.52
1866.29	70.76
1866.63	60.92
1866.97	55.36
1867.31	51.88
1867.65	46.52
1867.99	49.68
1868.33	49.64
1868.67	43.8
1869.01	43.48
1869.35	49.4
1869.69	60.6
1870.03	70.68
1870.37	80.56
1870.72	89.72
1871.06	87.64
1871.4	72.48
1871.74	60.32
1872.08	51.24
1872.42	48
1872.76	56.68
1873.1	60.12
1873.44	60.68
1873.78	58.24
1874.12	48.36
1874.46	33.04
1874.8	36.48
1875.14	48.2
1875.48	52.84
1875.82	58.04
1876.16	60.96
1876.5	57.32
1876.84	49.56
1877.18	47.24
1877.52	42.8
1877.86	38.8
1878.2	31
1878.54	22.52
1878.88	19.6
1879.22	17.52
1879.56	14.84
1879.9	13
1880.24	13.44
1880.58	12.04
1880.92	15.44
1881.26	16.92
1881.6	15.72
1881.94	14.6
1882.28	15.68
1882.62	16.68
1882.96	24.64
1883.3	32.8
1883.64	35.12
1883.98	36.36
1884.32	33.52
1884.66	22.44
1885	15.32
1885.34	14.24
1885.68	13.72
1886.02	12.8
1886.36	14.08
1886.7	13.04
1887.04	11.84
1887.38	10.36
1887.72	9.36
1888.06	7.36
1888.39	9.2
1888.73	10.68
1889.07	16.72
1889.41	22.72
1889.75	24.16
1890.09	30.32
1890.43	36.84
1890.77	32.6
1891.11	25.72
1891.45	24.96
1891.79	19.16
1892.13	11.6
1892.47	9.08
1892.8	10.88
1893.14	13.24
1893.48	13.24
1893.82	16.56
1894.16	18.96
1894.5	18.56
1894.84	18.68
1895.18	18.8
1895.52	15.8
1895.86	15.2
1896.19	19.64
1896.53	20.36
1896.87	21.32
1897.21	24.36
1897.55	25.16
1897.89	23.32
1898.23	28.48
1898.57	29.6
1898.9	28
1899.24	28.88
1899.58	30.84
1899.92	26.44
1900.26	26.12
1900.6	29.24
1900.94	28.2
1901.27	27.72
1901.61	29.56
1901.95	29
1902.29	28.08
1902.63	31.04
1902.97	32.48
1903.3	32.2
1903.64	36.16
1903.98	38.64
1904.32	38.56
1904.66	39.04
1905	41.4
1905.33	41.24
1905.67	42.4
1906.01	45.88
1906.35	49.16
1906.69	50.2
1907.02	52.2
1907.36	51.36
1907.7	51.4
1908.04	50.84
1908.38	51.4
1908.71	51.88
1909.05	53.44
1909.39	54.32
1909.73	53.72
1910.07	52.92
1910.4	54.24
1910.74	56.24
1911.08	56.8
1911.42	58.96
1911.76	62.24
1912.09	62.48
1912.43	62.72
1912.77	65
1913.11	66.24
1913.44	67.08
1913.78	68.88
1914.12	71.44
1914.46	72.92
1914.79	73.28
1915.13	74.84
1915.47	75.16
1915.81	75.68
1916.14	76.6
1916.48	80.48
1916.82	80.16
1917.16	82.24
1917.49	84.8
1917.83	84
1918.17	82.88
1918.5	85.76
1918.84	87.04
1919.18	87.28
1919.52	91.24
1919.85	93.8
1920.19	94.16
1920.53	95.16
1920.87	96.64
1921.2	95.96
1921.54	96.12
1921.88	99.44
1922.21	101.12
1922.55	102.52
1922.89	105.68
1923.22	107.32
1923.56	104.76
1923.9	106.04
1924.23	107.28
1924.57	106.16
1924.91	108.36
1925.25	111.52
1925.58	110.84
1925.92	111.2
1926.26	113.44
1926.59	114
1926.93	115.68
1927.27	117.48
1927.6	118.96
1927.94	117.2
1928.28	117.2
1928.61	116.16
1928.95	117.56
1929.29	116.08
1929.62	118.84
1929.96	117.72
1930.29	119.44
1930.63	120.48
1930.97	121.2
1931.3	120.8
1931.64	124.12
1931.98	124.36
1932.31	122.4
1932.65	125.96
1932.99	127.84
1933.32	127.08
1933.66	126.96
1933.99	130.48
1934.33	128.96
1934.67	128.88
1935	130.8
1935.34	131.8
1935.67	131.4
1936.01	133.48
1936.35	133.92
1936.68	132.92
1937.02	133.92
1937.35	132
1937.69	130.16
1938.03	130.8
1938.36	128.28
1938.7	127.92
1939.03	130.76
1939.37	130.76
1939.7	129.44
1940.04	133.56
1940.38	134.44
1940.71	132.04
1941.05	133.52
1941.38	134.4
1941.72	133.2
1942.05	134.56
1942.39	136.44
1942.73	134.68
1943.06	136.16
1943.4	137.24
1943.73	135.48
1944.07	135.68
1944.4	137.8
1944.74	137.08
1945.07	135.92
1945.41	135.76
1945.74	135.04
1946.08	134.56
1946.42	135.32
1946.75	136.08
1947.09	135.76
1947.42	136.72
1947.76	136.2
1948.09	135.32
1948.43	135
1948.76	136.88
1949.1	135.8
1949.43	135.48
1949.77	136.44
1950.1	137
1950.44	133.48
1950.77	133.08
1951.11	135.08
1951.44	133
1951.78	132.08
1952.11	135.2
1952.45	136.04
1952.78	133.96
1953.12	135.08
1953.45	135.96
1953.79	133.56
1954.12	132.68
1954.46	134.44
1954.79	132.44
1955.12	130.96
1955.46	130.2
1955.79	131.12
1956.13	126
1956.46	125.92
1956.8	124.84
1957.13	125.28
1957.47	122.08
1957.8	123.48
1958.14	124
1958.47	120.92
1958.8	119.2
1959.14	120.44
1959.47	120.36
1959.81	118.84
1960.14	121.04
1960.48	120.56
1960.81	117.84
1961.14	116.68
1961.48	116.44
1961.81	115.44
1962.15	114.68
1962.48	115.32
1962.82	115.64
1963.15	114.04
1963.48	111.36
1963.82	112.68
1964.15	112.56
1964.49	110.68
1964.82	108.92
1965.15	110.04
1965.49	106.48
1965.82	104.92
1966.16	105.08
1966.49	105.48
1966.82	102.64
1967.16	103.56
1967.49	103.2
1967.83	100.44
1968.16	98.8
1968.49	99.28
1968.83	96.64
1969.16	94.16
1969.49	93.2
1969.83	93.36
1970.16	92.32
1970.49	90.72
1970.83	90.64
1971.16	90.4
1971.5	87.52
1971.83	86.84
1972.16	88
1972.5	86.04
1972.83	84.08
1973.16	84.44
1973.5	82.84
1973.83	80.64
1974.16	79.24
1974.5	78.16
1974.83	74.84
1975.16	73.28
1975.5	70.56
1975.83	70.28
1976.16	71.32
1976.49	71.16
1976.83	69.32
1977.16	70.16
1977.49	67.92
1977.83	64
1978.16	61.4
1978.49	60.64
1978.83	58.2
1979.16	57.4
1979.49	56.48
1979.83	56.56
1980.16	55.28
1980.49	52.92
1980.82	50.6
1981.16	48.4
1981.49	47.08
1981.82	46.04
1982.15	46.04
1982.49	44.24
1982.82	44.76
1983.15	43.88
1983.49	42.96
1983.82	41.72
1984.15	41.92
1984.48	39.44
1984.82	38.12
1985.15	36
1985.48	34.52
1985.81	33.48
1986.15	32.4
1986.48	31.52
1986.81	29.68
1987.14	28
1987.48	25.96
1987.81	25.64
1988.14	23.32
1988.47	22.2
1988.81	21.08
1989.14	20.24
1989.47	18.16
1989.8	16.92
1990.13	16.04
1990.47	14.8
1990.8	13.6
1991.13	13.44
1991.46	13.24
1991.79	12.28
1992.13	12.6
1992.46	11.16
1992.79	10.4
1993.12	9.4
1993.45	8.36
1993.79	7
1994.12	6.92
1994.45	6.36
1994.78	6.44
1995.11	7.2
1995.45	6.88
1995.78	6.72
1996.11	5.96
1996.44	5.16
1996.77	4.8
1997.1	4.64
1997.44	4
1997.77	3.44
1998.1	3.28
1998.43	2.84
1998.76	2.16
1999.09	2.52
1999.43	1.92
1999.76	1.44
2000.09	1.16
2000.42	1.12
2000.75	-0.8
2001.08	5.55112e-17
2001.41	0.28
2001.75	0.48
2002.08	0.68
2002.41	2.12
2002.74	1.76
2003.07	1.8
2003.4	1.92
2003.73	2.52
2004.06	2.36
2004.4	2.6
2004.73	2.12
2005.06	1.92
2005.39	2
2005.72	2.04
2006.05	2.8
2006.38	4.04
2006.71	5.6
2007.04	5.08
2007.37	5.2
2007.71	4.28
2008.04	3.48
2008.37	2.12
2008.7	2.16
2009.03	2.8
2009.36	3.36
2009.69	3.2
2010.02	4
2010.35	4.36
2010.68	4.44
2011.01	4.12
2011.34	4.52
2011.67	4.56
2012.01	3.84
2012.34	4.48
2012.67	4.84
2013	4.72
2013.33	4.6
2013.66	5.08
2013.99	4.8
2014.32	4.84
2014.65	5.08
2014.98	5.56
2015.31	6.8
2015.64	6.88
2015.97	7.24
2016.3	7.72
2016.63	7.12
2016.96	6.6
2017.29	6.52
2017.62	7.08
2017.95	7.12
2018.28	7.84
2018.61	8.68
2018.94	9.04
2019.27	8.96
2019.6	9.44
2019.93	10.76
2020.26	10.04
2020.59	10.2
2020.92	10.24
2021.25	9.92
2021.58	9.28
2021.91	9.08
2022.24	10.2
2022.57	11.88
2022.9	12.28
2023.23	12.32
2023.56	14.72
2023.89	13.24
2024.22	12.88
2024.55	13.72
2024.88	13.92
2025.21	12.44
2025.54	13.12
2025.87	12.08
2026.2	12.2
2026.53	11.44
2026.86	12.4
2027.19	13.4
2027.52	14.36
2027.85	14.2
2028.18	15.28
2028.51	14.76
2028.84	14.4
2029.16	14.36
2029.49	14
2029.82	14.2
2030.15	14.28
2030.48	13.2
2030.81	12.2
2031.14	12.56
2031.47	11.24
2031.8	10.72
2032.13	11.68
2032.46	12.56
2032.79	12.32
2033.12	12.92
2033.44	14.32
2033.77	14.12
2034.1	13.04
2034.43	12.32
2034.76	11.8
2035.09	9.96
2035.42	9.8
2035.75	10.32
2036.08	10.28
2036.41	10
2036.73	10.12
2037.06	9.76
2037.39	9.32
2037.72	9.76
2038.05	10.24
2038.38	10.32
2038.71	10.6
2039.04	8.32
2039.36	8.4
2039.69	8.44
2040.02	7.2
2040.35	6.28
2040.68	8.24
2041.01	7
2041.34	5.44
2041.66	5.76
2041.99	4.72
2042.32	4.2
2042.65	4.8
2042.98	5.04
2043.31	5.24
2043.63	5.2
2043.96	4.32
2044.29	3.88
2044.62	3.44
2044.95	3.48
2045.28	3.72
2045.6	4.2
2045.93	4.16
2046.26	4.32
2046.59	3.28
2046.92	2.96
2047.24	3
2047.57	3.52
2047.9	3.64
2048.23	4.52
2048.56	4.84
2048.88	5.16
2049.21	4.36
2049.54	4.4
2049.87	3.44
2050.2	3.16
2050.52	2.96
2050.85	2.2
2051.18	1.8
2051.51	2.32
2051.83	2.6
2052.16	2.28
2052.49	2.2
2052.82	1.8
2053.15	1.52
2053.47	1.6
2053.8	1.2
2054.13	1.88
2054.46	2.28
2054.78	2.04
2055.11	1.72
2055.44	1.44
2055.77	0.84
2056.09	0.68
2056.42	0.76
2056.75	0.48
2057.08	0.72
2057.4	0.6
2057.73	0.32
2058.06	0.12
2058.38	0.24
2058.71	0.36
2059.04	0.52
2059.37	1.56
2059.69	1.72
2060.02	1.72
2060.35	1.6
2060.67	1.6
2061	0.92
2061.33	0.88
2061.66	1.84
2061.98	2.12
2062.31	2.24
2062.64	1.92
2062.96	2.04
2063.29	1.56
2063.62	1.28
2063.94	1
2064.27	1.16
2064.6	0.08
2064.92	-0.36
2065.25	-0.36
2065.58	-0.16
2065.91	-0.36
2066.23	0.44
2066.56	0.36
2066.89	0.52
2067.21	0.32
2067.54	0.56
2067.87	0.56
2068.19	0.88
2068.52	1
2068.84	1.2
2069.17	1.16
2069.5	1.76
2069.82	1.36
2070.15	1.32
2070.48	1.12
2070.8	1.12
2071.13	0.8
2071.46	0.8
2071.78	0.68
2072.11	0.72
2072.43	0.72
2072.76	0.44
2073.09	0.96
2073.41	1
2073.74	0.96
2074.07	0.76
2074.39	0.76
2074.72	0.64
2075.04	0.48
2075.37	0.48
2075.7	0.52
2076.02	0.64
2076.35	0.28
2076.67	0.32
2077	0.88
2077.33	0.88
2077.65	1.24
2077.98	1.44
2078.3	1.72
2078.63	1.36
2078.95	1.32
2079.28	0.92
2079.61	0.24
2079.93	-0.08
2080.26	-0.28
2080.58	-0.2
2080.91	-0.04
2081.23	0.44
2081.56	0.44
2081.89	0.96
2082.21	1.32
2082.54	1.2
2082.86	1.24
2083.19	1.92
2083.51	1.4
2083.84	1.08
2084.16	1.12
2084.49	1.04
2084.81	0.52
2085.14	0.76
2085.46	1
2085.79	0.84
2086.12	0.88
2086.44	0.64
2086.77	0.4
2087.09	0.08
2087.42	0.08
2087.74	0.04
2088.07	0.32
2088.39	0.32
2088.72	0.4
2089.04	0.48
2089.37	0.64
2089.69	0.64
2090.02	0.72
2090.34	0.52
2090.67	0.52
2090.99	-1.84
2091.32	-2
2091.64	-2
2091.97	-1.6
2092.29	-1.4
2092.62	0.92
2092.94	0.96
2093.26	1.08
2093.59	0.84
2093.91	-0.64
2094.24	-0.72
2094.56	-0.88
2094.89	-1.08
2095.21	-0.76
2095.54	0.56
2095.86	0.52
2096.19	0.84
2096.51	0.96
2096.84	0.68
2097.16	0.72
2097.48	0.92
2097.81	0.68
2098.13	0.56
2098.46	0.48
2098.78	0.32
2099.11	0.36
2099.43	0.44
2099.75	0.44
2100.08	0.96
2100.4	0.96
2100.73	0.96
2101.05	0.8
2101.38	0.8
2101.7	0.32
2102.02	0.32
2102.35	0.12
2102.67	0.36
2103	0.52
2103.32	0.6
2103.64	0.68
2103.97	0.64
2104.29	0.4
2104.62	0.36
2104.94	0.4
2105.26	-0.12
2105.59	0.04
2105.91	0.04
2106.23	0.12
2106.56	0.08
2106.88	0.68
2107.21	0.52
2107.53	0.52
2107.85	0.44
2108.18	0.28
2108.5	0.12
2108.82	0.16
2109.15	0.28
2109.47	0.16
2109.79	0.2
2110.12	0.36
2110.44	0.32
2110.76	0.52
2111.09	0.68
2111.41	0.64
2111.73	0.48
2112.06	0.52
2112.38	0.48
2112.7	-0.24
2113.03	0.04
2113.35	0.04
2113.67	-2.88669e-17
2114	-0.04
2114.32	0.6
2114.64	0.44
2114.97	1.16
2115.29	1.28
2115.61	1.44
2115.94	1.56
2116.26	1.48
2116.58	0.76
2116.91	-0.12
2117.23	-0.4
2117.55	-0.6
2117.87	-0.56
2118.2	-0.28
2118.52	0.52
2118.84	0.4
2119.17	0.8
2119.49	0.8
2119.81	0.64
2120.13	0.8
2120.46	0.8
2120.78	-0.48
2121.1	-0.56
2121.42	-0.56
2121.75	-0.52
2122.07	-0.48
2122.39	0.4
2122.72	0.4
2123.04	0.32
2123.36	0.28
2123.68	0.48
2124.01	0.6
2124.33	0.68
2124.65	0.64
2124.97	0.6
2125.29	0.36
2125.62	0.24
2125.94	0.2
2126.26	0.24
2126.58	0.08
2126.91	-0.76
2127.23	-0.56
2127.55	-0.6
2127.87	-0.4
2128.2	-1.11022e-16
2128.52	0.88
2128.84	0.68
2129.16	0.76
2129.48	0.52
2129.81	0.28
2130.13	0.24
2130.45	0.24
2130.77	0.28
2131.09	0.4
2131.42	0.32
2131.74	0.56
2132.06	0.56
2132.38	0.56
2132.7	0.68
2133.02	0.6
2133.35	0.36
2133.67	0.36
2133.99	0.32
2134.31	-0.48
2134.63	-0.4
2134.96	-0.4
2135.28	-0.4
2135.6	-0.32
2135.92	0.24
2136.24	0.16
2136.56	0.16
2136.88	0.32
2137.21	0.52
2137.53	0.52
2137.85	0.64
2138.17	0.04
2138.49	-0.12
2138.81	-0.2
2139.13	-0.16
2139.46	-0.28
2139.78	0.32
2140.1	0.32
2140.42	0.04
2140.74	0
2141.06	0.08
2141.38	0.08
2141.7	0.08
2142.03	0.08
2142.35	0.08
2142.67	0.04
2142.99	0.12
2143.31	0.2
2143.63	0.2
2143.95	0.2
2144.27	0.16
2144.59	0.28
2144.91	0
2145.24	0
2145.56	0.08
2145.88	0.08
2146.2	-0.08
2146.52	0.28
2146.84	0.28
2147.16	0.2
2147.48	0.4
2147.8	0.36
2148.12	0.36
2148.44	0.36
2148.76	0.36
2149.08	0.32
2149.41	0.4
2149.73	0.32
2150.05	0.4
2150.37	0.48
2150.69	0.32
2151.01	0.24
2151.33	0.24
2151.65	0.16
2151.97	0.08
2152.29	0.08
2152.61	-0.32
2152.93	-0.4
2153.25	-0.4
2153.57	-0.12
2153.89	-0.12
2154.21	0.08
2154.53	0.16
2154.85	0.24
2155.17	-0.04
2155.49	6.38324e-18
2155.81	0.36
2156.13	0.52
2156.45	0.6
2156.77	0.6
2157.09	0.56
2157.41	0.4
2157.73	0.32
2158.05	0.16
2158.37	0.16
2158.69	0.16
2159.01	0.36
2159.33	0.32
2159.65	0.32
2159.97	0.44
2160.29	0.44
2160.61	0.4
2160.93	0.28
2161.25	0.28
2161.57	0.16
2161.89	0.16
2162.21	0.04
2162.53	0.04
2162.85	-0.48
2163.17	-0.48
2163.49	-0.48
2163.81	-0.32
2164.13	-0.28
2164.45	-0.2
2164.77	-0.2
2165.08	-0.2
2165.4	-0.24
2165.72	-0.24
2166.04	0.2
2166.36	0.2
2166.68	0.68
2167	0.64
2167.32	0.68
2167.64	0.68
2167.96	0.76
2168.28	0.28
2168.6	0.24
2168.92	0.16
2169.24	0.16
2169.55	0.08
2169.87	0.12
2170.19	0.04
2170.51	0.04
2170.83	0.04
2171.15	0.08
2171.47	0.04
2171.79	0.04
2172.11	0.04
2172.43	0.04
2172.74	0.08
2173.06	0.08
2173.38	0.2
2173.7	0.2
2174.02	0.2
2174.34	0.12
2174.66	0.12
2174.98	0
2175.29	0
2175.61	0
2175.93	0
2176.25	0.36
2176.57	0.36
2176.89	0.36
2177.21	0.48
2177.52	0.48
2177.84	0.24
2178.16	0.24
2178.48	0.24
2178.8	0.12
2179.12	0.12
2179.43	0
2179.75	-1
2180.07	-1
2180.39	-0.96
2180.71	-0.96
2181.03	-0.96
2181.34	0.08
2181.66	0.08
2181.98	0.04
2182.3	0.04
2182.62	0.12
2182.93	-0.32
2183.25	-0.32
2183.57	-0.32
2183.89	-0.24
2184.21	-0.08
2184.52	0.36
2184.84	0.52
2185.16	0.72
2185.48	0.64
2185.8	0.68
2186.11	0.64
2186.43	0.48
2186.75	0.28
2187.07	0.2
2187.39	-0.56
2187.7	-0.56
2188.02	-1.16
2188.34	-1.16
2188.66	-0.92
2188.97	-0.44
2189.29	-0.28
2189.61	0.32
2189.93	0.32
2190.24	0.16
2190.56	0.16
2190.88	0.04
2191.2	0.04
2191.51	0.08
2191.83	0.08
2192.15	0.08
2192.47	0.36
2192.78	0.36
2193.1	0.32
2193.42	0.44
2193.74	0.52
2194.05	0.36
2194.37	0.64
2194.69	0.64
2195	0.12
2195.32	0.2
2195.64	0.08
2195.96	-0.12
2196.27	-0.12
2196.59	-0.08
2196.91	-0.08
2197.22	-0.08
2197.54	0.04
2197.86	0.04
2198.18	0.68
2198.49	0.52
2198.81	0.48
2199.13	0.28
2199.44	0.28
2199.76	0.04
2200.08	0.04
2200.39	0.04
2200.71	0.08
2201.03	0.08
2201.34	0.04
2201.66	0.04
2201.98	0.04
2202.29	0.16
2202.61	0.16
2202.93	0.24
2203.24	0.44
2203.56	0.8
2203.88	0.64
2204.19	0.64
2204.51	0.56
2204.83	0.36
2205.14	0
2205.46	0
2205.78	0
2206.09	0.16
2206.41	-0.04
2206.72	-0.24
2207.04	-0.24
2207.36	-0.64
2207.67	-0.8
2207.99	-0.6
2208.31	-0.4
2208.62	-0.4
2208.94	0
2209.25	0
2209.57	0
2209.89	0
2210.2	0
2210.52	0
2210.83	0.36
2211.15	0.4
2211.47	0.4
2211.78	0.4
2212.1	0
2212.41	-0.24
2212.73	-0.28
2213.05	-0.28
2213.36	-0.28
2213.68	0.12
2213.99	0
2214.31	0
2214.62	0
2214.94	0
2215.26	0.12
2215.57	0.12
2215.89	0.12
2216.2	0.12
2216.52	0.6
2216.83	0.48
2217.15	0.48
2217.46	0.72
2217.78	0.72
2218.1	0.04
2218.41	0.2
2218.73	0.2
2219.04	-0.04
2219.36	-0.04
2219.67	0.16
2219.99	0.04
2220.3	0.04
2220.62	0.04
2220.93	0.12
2221.25	0.36
2221.56	0.32
2221.88	0.32
2222.19	0.44
2222.51	0.4
2222.82	-1.2
2223.14	-1.2
2223.45	-1.04
2223.77	-1.12
2224.08	-1.08
2224.4	0.36
2224.71	0.36
2225.03	0.28
2225.34	0.24
2225.66	-1.24
2225.97	-1.32
2226.29	-1.32
2226.6	-1.4
2226.92	-1.4
2227.23	0
2227.55	0
2227.86	0
2228.18	0
2228.49	0.04
2228.81	0.28
2229.12	0.32
2229.44	0.4
2229.75	0.4
2230.07	0.64
2230.38	0.4
2230.69	0.36
2231.01	0.28
2231.32	0.28
2231.64	0.04
2231.95	0.08
2232.27	0.36
2232.58	0.36
2232.9	0.36
2233.21	0.32
2233.52	0.28
2233.84	0
2234.15	0
2234.47	0
2234.78	0
2235.1	0
2235.41	0
2235.72	0
2236.04	0.04
2236.35	0.04
2236.67	-0.56
2236.98	-0.48
2237.29	-0.44
2237.61	-0.28
2237.92	-0.24
2238.24	0.52
2238.55	0.44
2238.86	0.4
2239.18	0.28
2239.49	-0.48
2239.8	-0.64
2240.12	-0.56
2240.43	-0.56
2240.75	-0.64
2241.06	0.08
2241.37	0.16
2241.69	0.16
2242	0.16
2242.31	0.4
2242.63	0.4
2242.94	0.4
2243.26	-0.28
2243.57	-0.2
2243.88	-0.44
2244.2	-0.44
2244.51	-0.52
2244.82	0.08
2245.14	0
2245.45	0
2245.76	0.04
2246.08	0.04
2246.39	0.04
2246.7	0.04
2247.02	0.08
2247.33	0.04
2247.64	0.04
2247.96	0.04
2248.27	0.24
2248.58	-0.8
2248.9	-0.76
2249.21	-0.76
2249.52	-0.76
2249.83	-0.96
2250.15	0.04
2250.46	0
2250.77	0
2251.09	0.24
2251.4	0.24
2251.71	0.24
2252.03	0.28
2252.34	0.32
2252.65	0.08
2252.96	0.12
2253.28	0.12
2253.59	0.08
2253.9	0.04
2254.21	0.04
2254.53	0
2254.84	-0.4
2255.15	-0.4
2255.47	-0.4
2255.78	-0.36
2256.09	-0.36
2256.4	0.04
2256.72	0.24
2257.03	0.24
2257.34	0.24
2257.65	0.36
2257.97	0.36
2258.28	0.16
2258.59	0.24
2258.9	0.2
2259.22	0.12
2259.53	0.12
2259.84	0.12
2260.15	0.04
2260.46	0.04
2260.78	0
2261.09	0.08
2261.4	0.16
2261.71	0.16
2262.03	0.16
2262.34	0.16
2262.65	0.08
2262.96	0
2263.27	0
2263.59	0.2
2263.9	0.2
2264.21	0.56
2264.52	0.68
2264.83	0.72
2265.15	0.6
2265.46	0.6
2265.77	0.48
2266.08	0.36
2266.39	0.48
2266.7	0.4
2267.02	0.4
2267.33	-0.24
2267.64	-0.24
2267.95	-0.4
2268.26	-0.4
2268.57	-0.4
2268.89	0.08
2269.2	0.36
2269.51	0.44
2269.82	0.48
2270.13	0.48
2270.44	0.44
2270.76	-0.24
2271.07	-0.32
2271.38	-0.96
2271.69	-0.96
2272	-1
2272.31	-0.8
2272.62	-1.6
2272.93	-1
2273.25	-0.88
2273.56	-0.88
2273.87	-0.68
2274.18	0.12
2274.49	0.12
2274.8	0
2275.11	0
2275.42	0
2275.74	0
2276.05	0.2
2276.36	0.2
2276.67	0.2
2276.98	0.2
2277.29	0.4
2277.6	0.4
2277.91	0.44
2278.22	0.04
2278.53	0.04
2278.85	-0.16
2279.16	-1.32
2279.47	-1.36
2279.78	-0.96
2280.09	-0.96
2280.4	-0.92
2280.71	0.08
2281.02	0.08
2281.33	0.08
2281.64	0.08
2281.95	0.36
2282.26	0.32
2282.57	0.32
2282.88	0.32
2283.19	0.32
2283.5	0
2283.82	0
2284.13	0
2284.44	0.04
2284.75	-0.56
2285.06	-0.56
2285.37	-0.36
2285.68	-0.36
2285.99	-0.4
2286.3	0.56
2286.61	0.56
2286.92	0.36
2287.23	0.36
2287.54	0.36
2287.85	0.04
2288.16	0.04
2288.47	0.04
2288.78	0.16
2289.09	0.16
2289.4	0.12
2289.71	0.12
2290.02	0.2
2290.33	0.08
2290.64	0.08
2290.95	-0.08
2291.26	-0.08
2291.57	0.24
2291.88	-0.16
2292.19	-0.04
2292.5	0.12
2292.81	0.12
2293.12	-0.28
2293.43	0.12
2293.74	0
2294.05	0
2294.36	0
2294.67	0
2294.98	0
2295.29	0
2295.6	0
2295.91	0
2296.21	0
2296.52	0
2296.83	0
2297.14	0
2297.45	0
2297.76	0
2298.07	0
2298.38	0
2298.69	0
2299	0
2299.31	0
2299.62	0
2299.93	0
2300.24	0
2300.55	0
2300.85	0
2301.16	0
2301.47	0
2301.78	0
2302.09	0
2302.4	0
2302.71	0
2303.02	0
2303.33	0
2303.64	0
2303.94	0
2304.25	0
2304.56	0
2304.87	0
2305.18	0
2305.49	0
2305.8	0
2306.11	0
2306.42	0
2306.72	0
2307.03	0
2307.34	0
2307.65	0
2307.96	0
2308.27	0
2308.58	0
2308.88	0
2309.19	0
2309.5	0
2309.81	0
2310.12	0
2310.43	0
2310.74	0
2311.04	0
2311.35	0
2311.66	0
2311.97	0
2312.28	0
2312.59	0
2312.89	0
2313.2	0
2313.51	0
2313.82	0
2314.13	0
2314.43	0
2314.74	0
2315.05	0
2315.36	0
2315.67	0
2315.97	0
2316.28	0
2316.59	0
2316.9	0
2317.21	0
2317.51	0
2317.82	0
2318.13	0
2318.44	0
2318.75	0
2319.05	0
2319.36	0
2319.67	0
2319.98	0
2320.28	0
2320.59	0
2320.9	0
2321.21	0
2321.51	0
2321.82	0
2322.13	0
2322.44	0
2322.74	0
2323.05	0
2323.36	0
2323.67	0
2323.97	0
2324.28	0
2324.59	0
2324.9	0
2325.2	0
2325.51	0
2325.82	0
2326.13	0
2326.43	0
2326.74	0
2327.05	0
2327.35	0
2327.66	0
2327.97	0
2328.27	0
2328.58	0
2328.89	0
2329.2	0
2329.5	0
2329.81	0
2330.12	0
2330.42	0
2330.73	0
2331.04	0
2331.34	0
2331.65	0
2331.96	0
2332.26	0
2332.57	0
2332.88	0
2333.18	0
2333.49	0
2333.8	0
2334.1	0
2334.41	0
2334.72	0
2335.02	0
2335.33	0
2335.64	0
2335.94	0
2336.25	0
2336.56	0
2336.86	0
2337.17	0
2337.48	0
2337.78	0
2338.09	0
2338.39	0
2338.7	0
2339.01	0
2339.31	0
2339.62	0
2339.93	0
2340.23	0
2340.54	0
2340.84	0
2341.15	0
2341.46	0
2341.76	0
2342.07	0
2342.37	0
2342.68	0
2342.99	0
2343.29	0
2343.6	0
2343.9	0
2344.21	0
2344.51	0
2344.82	0
2345.13	0
2345.43	0
2345.74	0
2346.04	0
2346.35	0
2346.65	0
2346.96	0
2347.27	0
2347.57	0
2347.88	0
2348.18	0
2348.49	0
2348.79	0
2349.1	0
2349.4	0
2349.71	0
2350.01	0
2350.32	0
2350.63	0
2350.93	0
2351.24	0
2351.54	0
2351.85	0
2352.15	0
2352.46	0
2352.76	0
2353.07	0
2353.37	0
2353.68	0
2353.98	0
2354.29	0
2354.59	0
2354.9	0
2355.2	0
2355.51	0
2355.81	0
2356.12	0
2356.42	0
2356.73	0
2357.03	0
2357.34	0
2357.64	0
2357.95	0
2358.25	0
2358.55	0
2358.86	0
2359.16	0
2359.47	0
2359.77	0
2360.08	0
2360.38	0
2360.69	0
2360.99	0
2361.3	0
2361.6	0
2361.9	0
2362.21	0
2362.51	0
2362.82	0
2363.12	0
2363.43	0
2363.73	0
2364.04	0
2364.34	0
2364.64	0
2364.95	0
2365.25	0
2365.56	0
2365.86	0
2366.16	0
2366.47	0
2366.77	0
2367.08	0
2367.38	0
2367.68	0
2367.99	0
2368.29	0
2368.6	0
2368.9	0
2369.2	0
2369.51	0
2369.81	0
2370.12	0
2370.42	0
2370.72	0
2371.03	0
2371.33	0
2371.63	0
2371.94	0
2372.24	0
2372.55	0
2372.85	0
2373.15	0
2373.46	0
2373.76	0
2374.06	0
2374.37	0
2374.67	0
2374.97	0
2375.28	0
2375.58	0
2375.88	0
2376.19	0
2376.49	0
2376.79	0
2377.1	0
2377.4	0
2377.7	0
2378.01	0
2378.31	0
2378.61	0
2378.92	0
2379.22	0
2379.52	0
2379.82	0
2380.13	0
2380.43	0
2380.73	0
2381.04	0
2381.34	0
2381.64	0
2381.95	0
2382.25	0
2382.55	0
2382.85	0
2383.16	0
2383.46	0
2383.76	0
2384.06	0
2384.37	0
2384.67	0
2384.97	0
2385.28	0
2385.58	0
2385.88	0
2386.18	0
2386.49	0
2386.79	0
2387.09	0
2387.39	0
2387.69	0
2388	0
2388.3	0
2388.6	0
2388.9	0
2389.21	0
2389.51	0
2389.81	0
2390.11	0
2390.42	0
2390.72	0
2391.02	0
2391.32	0
2391.62	0
2391.93	0
2392.23	0
2392.53	0
2392.83	0
2393.13	0
2393.44	0
2393.74	0
2394.04	0
2394.34	0
2394.64	0
2394.95	0
2395.25	0
2395.55	0
2395.85	0
2396.15	0
2396.45	0
2396.76	0
2397.06	0
2397.36	0
2397.66	0
2397.96	0
2398.26	0
2398.57	0
2398.87	0
2399.17	0
2399.47	0
2399.77	0
2400.07	0
2400.37	0
2400.68	0
2400.98	0
2401.28	0
2401.58	0
2401.88	0
2402.18	0
2402.48	0
2402.79	0
2403.09	0
2403.39	0
2403.69	0
2403.99	0
2404.29	0
2404.59	0
2404.89	0
2405.19	0
2405.5	0
2405.8	0
2406.1	0
2406.4	0
2406.7	0
2407	0
2407.3	0
2407.6	0
2407.9	0
2408.2	0
2408.5	0
2408.8	0
2409.11	0
2409.41	0
2409.71	0
2410.01	0
2410.31	0
2410.61	0
2410.91	0
2411.21	0
2411.51	0
2411.81	0
2412.11	0
2412.41	0
2412.71	0
2413.01	0
2413.31	0
2413.61	0
2413.91	0
2414.21	0
2414.51	0
2414.81	0
2415.12	0
2415.42	0
2415.72	0
2416.02	0
2416.32	0
2416.62	0
2416.92	0
2417.22	0
2417.52	0
2417.82	0
2418.12	0
2418.42	0
2418.72	0
2419.02	0
2419.32	0
2419.62	0
2419.92	0
2420.22	0
2420.52	0
2420.82	0
2421.12	0
2421.42	0
2421.71	0
2422.01	0
2422.31	0
2422.61	0
2422.91	0
2423.21	0
2423.51	0
2423.81	0
2424.11	0
2424.41	0
2424.71	0
2425.01	0
2425.31	0
2425.61	0
2425.91	0
2426.21	0
2426.51	0
2426.81	0
2427.11	0
2427.41	0
2427.7	0
2428	0
2428.3	0
2428.6	0
2428.9	0
2429.2	0
2429.5	0
2429.8	0
2430.1	0
2430.4	0
2430.7	0
2430.99	0
2431.29	0
2431.59	0
2431.89	0
2432.19	0
2432.49	0
2432.79	0
2433.09	0
2433.39	0
2433.68	0
2433.98	0
2434.28	0
2434.58	0
2434.88	0
2435.18	0
2435.48	0
2435.78	0
2436.07	0
2436.37	0
2436.67	0
2436.97	0
2437.27	0
2437.57	0
2437.86	0
2438.16	0
2438.46	0
2438.76	0
2439.06	0
2439.36	0
2439.66	0
2439.95	0
2440.25	0
2440.55	0
2440.85	0
2441.15	0
2441.44	0
2441.74	0
2442.04	0
2442.34	0
2442.64	0
2442.93	0
2443.23	0
2443.53	0
2443.83	0
2444.13	0
2444.42	0
2444.72	0
2445.02	0
2445.32	0
2445.62	0
2445.91	0
2446.21	0
2446.51	0
2446.81	0
2447.1	0
2447.4	0
2447.7	0
2448	0
2448.3	0
2448.59	0
2448.89	0
2449.19	0
2449.49	0
2449.78	0
2450.08	0
2450.38	0
2450.68	0
2450.97	0
2451.27	0
2451.57	0
2451.87	0
2452.16	0
2452.46	0
2452.76	0
2453.05	0
2453.35	0
2453.65	0
2453.95	0
2454.24	0
2454.54	0
2454.84	0
2455.13	0
2455.43	0
2455.73	0
2456.03	0
2456.32	0
2456.62	0
2456.92	0
2457.21	0
2457.51	0
2457.81	0
2458.1	0
2458.4	0
2458.7	0
2458.99	0
2459.29	0
2459.59	0
2459.88	0
2460.18	0
2460.48	0
2460.77	0
2461.07	0
2461.37	0
2461.66	0
2461.96	0
2462.26	0
2462.55	0
2462.85	0
2463.15	0
2463.44	0
2463.74	0
2464.04	0
2464.33	0
2464.63	0
2464.92	0
2465.22	0
2465.52	0
2465.81	0
2466.11	0
2466.41	0
2466.7	0
2467	0
2467.29	0
2467.59	0
2467.89	0
2468.18	0
2468.48	0
2468.77	0
2469.07	0
2469.37	0
2469.66	0
2469.96	0
2470.25	0
2470.55	0
2470.84	0
2471.14	0
2471.44	0
2471.73	0
2472.03	0
2472.32	0
2472.62	0
2472.91	0
2473.21	0
2473.51	0
2473.8	0
2474.1	0
2474.39	0
2474.69	0
2474.98	0
2475.28	0
2475.57	0
2475.87	0
2476.17	0
2476.46	0
2476.76	0
2477.05	0
2477.35	0
2477.64	0
2477.94	0
2478.23	0
2478.53	0
2478.82	0
2479.12	0
2479.41	0
2479.71	0
2480	0
2480.3	0
2480.59	0
2480.89	0
2481.18	0
2481.48	0
2481.77	0
2482.07	0
2482.36	0
2482.66	0
2482.95	0
2483.25	0
2483.54	0
2483.84	0
2484.13	0
2484.43	0
2484.72	0
2485.02	0
2485.31	0
2485.6	0
2485.9	0
2486.19	0
2486.49	0
2486.78	0
2487.08	0
2487.37	0
2487.67	0
2487.96	0
2488.26	0
2488.55	0
2488.84	0
2489.14	0
2489.43	0
2489.73	0
2490.02	0
2490.32	0
2490.61	0
2490.9	0
2491.2	0
2491.49	0
2491.79	0
2492.08	0
2492.37	0
2492.67	0
2492.96	0
2493.26	0
2493.55	0
2493.84	0
2494.14	0
2494.43	0
2494.73	0
2495.02	0
2495.31	0
2495.61	0
2495.9	0
2496.2	0
2496.49	0
2496.78	0
2497.08	0
2497.37	0
2497.66	0
2497.96	0
2498.25	0
2498.54	0
2498.84	0
2499.13	0
2499.43	0
2499.72	0
2500.01	0
2500.31	0
2500.6	0
2500.89	0
2501.19	0
2501.48	0
2501.77	0
2502.07	0
2502.36	0
2502.65	0
2502.95	0
2503.24	0
2503.53	0
2503.82	0
2504.12	0
2504.41	0
2504.7	0
2505	0
2505.29	0
2505.58	0
2505.88	0
2506.17	0
2506.46	0
2506.76	0
2507.05	0
2507.34	0
2507.63	0
2507.93	0
2508.22	0
2508.51	0
2508.8	0
2509.1	0
2509.39	0
2509.68	0
2509.98	0
2510.27	0
2510.56	0
2510.85	0
2511.15	0
2511.44	0
2511.73	0
2512.02	0
2512.32	0
2512.61	0
2512.9	0
2513.19	0
2513.49	0
2513.78	0
2514.07	0
2514.36	0
2514.65	0
2514.95	0
2515.24	0
2515.53	0
2515.82	0
2516.12	0
2516.41	0
2516.7	0
2516.99	0
2517.28	0
2517.58	0
2517.87	0
2518.16	0
2518.45	0
2518.74	0
2519.04	0
2519.33	0
2519.62	0
2519.91	0
2520.2	0
2520.5	0
2520.79	0
2521.08	0
2521.37	0
2521.66	0
2521.95	0
2522.25	0
2522.54	0
2522.83	0
2523.12	0
2523.41	0
2523.7	0
2523.99	0
2524.29	0
2524.58	0
2524.87	0
2525.16	0
2525.45	0
2525.74	0
2526.03	0
2526.33	0
2526.62	0
2526.91	0
2527.2	0
2527.49	0
2527.78	0
2528.07	0
2528.36	0
2528.66	0
2528.95	0
2529.24	0
2529.53	0
2529.82	0
2530.11	0
2530.4	0
2530.69	0
2530.98	0
2531.27	0
2531.57	0
2531.86	0
2532.15	0
2532.44	0
2532.73	0
2533.02	0
2533.31	0
2533.6	0
2533.89	0
2534.18	0
2534.47	0
2534.76	0
2535.05	0
2535.35	0
2535.64	0
2535.93	0
2536.22	0
2536.51	0
2536.8	0
2537.09	0
2537.38	0
2537.67	0
2537.96	0
2538.25	0
2538.54	0
2538.83	0
2539.12	0
2539.41	0
2539.7	0
2539.99	0
2540.28	0
2540.57	0
2540.86	0
2541.15	0
2541.44	0
2541.73	0
2542.02	0
2542.31	0
2542.6	0
2542.89	0
2543.18	0
2543.47	0
2543.76	0
2544.05	0
2544.34	0
2544.63	0
2544.92	0
2545.21	0
2545.5	0
2545.79	0
2546.08	0
2546.37	0
2546.66	0
2546.95	0
2547.24	0
2547.53	0
2547.82	0
2548.11	0
2548.4	0
2548.69	0
2548.98	0
2549.27	0
2549.55	0
2549.84	0
2550.13	0
2550.42	0
2550.71	0
2551	0
2551.29	0
2551.58	0
2551.87	0
2552.16	0
2552.45	0
2552.74	0
2553.03	0
2553.31	0
2553.6	0
2553.89	0
2554.18	0
2554.47	0
2554.76	0
2555.05	0
2555.34	0
2555.63	0
2555.92	0
2556.2	0
2556.49	0
2556.78	0
2557.07	0
2557.36	0
2557.65	0
2557.94	0
2558.23	0
2558.51	0
2558.8	0
2559.09	0
2559.38	0
2559.67	0
2559.96	0
2560.25	0
2560.53	0
2560.82	0
2561.11	0
2561.4	0
2561.69	0
2561.98	0
2562.27	0
2562.55	0
2562.84	0
2563.13	0
2563.42	0
2563.71	0
2564	0
2564.28	0
2564.57	0
2564.86	0
2565.15	0
2565.44	0
2565.72	0
2566.01	0
2566.3	0
2566.59	0
2566.88	0
2567.16	0
2567.45	0
2567.74	0
2568.03	0
2568.32	0
2568.6	0
2568.89	0
2569.18	0
2569.47	0
2569.75	0

