Source: Spectrum Viewer

Chart: Pulse Spectrum

Series: 
Wavelength (nm)	S (a.u.)
1179.9	0
1180.29	0
1180.68	0
1181.06	0
1181.45	0
1181.83	0
1182.22	0
1182.6	0
1182.99	0
1183.38	0
1183.76	0
1184.15	0
1184.53	0
1184.92	0
1185.3	0
1185.69	0
1186.07	0
1186.46	0
1186.85	0
1187.23	0
1187.62	0
1188	0
1188.39	0
1188.77	0
1189.16	0
1189.54	0
1189.93	0
1190.31	0
1190.7	0
1191.08	0
1191.47	0
1191.85	0
1192.24	0
1192.62	0
1193.01	0
1193.39	0
1193.78	0
1194.16	0
1194.55	0
1194.93	0
1195.32	0
1195.7	0
1196.09	0
1196.47	0
1196.86	0
1197.24	0
1197.63	0
1198.01	0
1198.4	0
1198.78	0
1199.16	0
1199.55	0
1199.93	0
1200.32	0
1200.7	0
1201.09	0
1201.47	0
1201.86	0
1202.24	0
1202.63	0
1203.01	0
1203.39	0
1203.78	0
1204.16	0
1204.55	0
1204.93	0
1205.32	0
1205.7	0
1206.08	0
1206.47	0
1206.85	0
1207.24	0
1207.62	0
1208	0
1208.39	0
1208.77	0
1209.16	0
1209.54	0
1209.92	0
1210.31	0
1210.69	0
1211.08	0
1211.46	0
1211.84	0
1212.23	0
1212.61	0
1213	0
1213.38	0
1213.76	0
1214.15	0
1214.53	0
1214.91	0
1215.3	0
1215.68	0
1216.06	0
1216.45	0
1216.83	0
1217.22	0
1217.6	0
1217.98	0
1218.37	0
1218.75	0
1219.13	0
1219.52	0
1219.9	0
1220.28	0
1220.67	0
1221.05	0
1221.43	0
1221.82	0
1222.2	0
1222.58	0
1222.97	0
1223.35	0
1223.73	0
1224.11	0
1224.5	0
1224.88	0
1225.26	0
1225.65	0
1226.03	0
1226.41	0
1226.8	0
1227.18	0
1227.56	0
1227.94	0
1228.33	0
1228.71	0
1229.09	0
1229.47	0
1229.86	0
1230.24	0
1230.62	0
1231.01	0
1231.39	0
1231.77	0
1232.15	0
1232.54	0
1232.92	0
1233.3	0
1233.68	0
1234.07	0
1234.45	0
1234.83	0
1235.21	0
1235.6	0
1235.98	0
1236.36	0
1236.74	0
1237.12	0
1237.51	0
1237.89	0
1238.27	0
1238.65	0
1239.04	0
1239.42	0
1239.8	0
1240.18	0
1240.56	0
1240.95	0
1241.33	0
1241.71	0
1242.09	0
1242.47	0
1242.86	0
1243.24	0
1243.62	0
1244	0
1244.38	0
1244.77	0
1245.15	0
1245.53	0
1245.91	0
1246.29	0
1246.67	0
1247.06	0
1247.44	0
1247.82	0
1248.2	0
1248.58	0
1248.96	0
1249.34	0
1249.73	0
1250.11	0
1250.49	0
1250.87	0
1251.25	0
1251.63	0
1252.01	0
1252.4	0
1252.78	0
1253.16	0
1253.54	0
1253.92	0
1254.3	0
1254.68	0
1255.06	0
1255.45	0
1255.83	0
1256.21	0
1256.59	0
1256.97	0
1257.35	0
1257.73	0
1258.11	0
1258.49	0
1258.87	0
1259.26	0
1259.64	0
1260.02	0
1260.4	0
1260.78	0
1261.16	0
1261.54	0
1261.92	0
1262.3	0
1262.68	0
1263.06	0
1263.44	0
1263.82	0
1264.21	0
1264.59	0
1264.97	0
1265.35	0
1265.73	0
1266.11	0
1266.49	0
1266.87	0
1267.25	0
1267.63	0
1268.01	0
1268.39	0
1268.77	0
1269.15	0
1269.53	0
1269.91	0
1270.29	0
1270.67	0
1271.05	0
1271.43	0
1271.81	0
1272.19	0
1272.57	0
1272.95	0
1273.33	0
1273.71	0
1274.09	0
1274.47	0
1274.85	0
1275.23	0
1275.61	0
1275.99	0
1276.37	0
1276.75	0
1277.13	0
1277.51	0
1277.89	0
1278.27	0
1278.65	0
1279.03	0
1279.41	0
1279.79	0
1280.17	0
1280.55	0
1280.93	0
1281.31	0
1281.69	0
1282.07	0
1282.45	0
1282.82	0
1283.2	0
1283.58	0
1283.96	0
1284.34	0
1284.72	0
1285.1	0
1285.48	0
1285.86	0
1286.24	0
1286.62	0
1287	0
1287.38	0
1287.75	0
1288.13	0
1288.51	0
1288.89	0
1289.27	0
1289.65	0
1290.03	0
1290.41	0
1290.79	0
1291.17	0
1291.54	0
1291.92	0
1292.3	0
1292.68	0
1293.06	0
1293.44	0
1293.82	0
1294.2	0
1294.57	0
1294.95	0
1295.33	0
1295.71	0
1296.09	0
1296.47	0
1296.85	0
1297.22	0
1297.6	0
1297.98	0
1298.36	0
1298.74	0
1299.12	0
1299.5	0
1299.87	0
1300.25	0
1300.63	0
1301.01	0
1301.39	0
1301.77	0
1302.14	0
1302.52	0
1302.9	0
1303.28	0
1303.66	0
1304.03	0
1304.41	0
1304.79	0
1305.17	0
1305.55	0
1305.92	0
1306.3	0
1306.68	0
1307.06	0
1307.44	0
1307.81	0
1308.19	0
1308.57	0
1308.95	0
1309.32	0
1309.7	0
1310.08	0
1310.46	0
1310.84	0
1311.21	0
1311.59	0
1311.97	0
1312.35	0
1312.72	0
1313.1	0
1313.48	0
1313.86	0
1314.23	0
1314.61	0
1314.99	0
1315.37	0
1315.74	0
1316.12	0
1316.5	0
1316.87	0
1317.25	0
1317.63	0
1318.01	0
1318.38	0
1318.76	0
1319.14	0
1319.52	0
1319.89	0
1320.27	0
1320.65	0
1321.02	0
1321.4	0
1321.78	0
1322.15	0
1322.53	0
1322.91	0
1323.29	0
1323.66	0
1324.04	0
1324.42	0
1324.79	0
1325.17	0
1325.55	0
1325.92	0
1326.3	0
1326.68	0
1327.05	0
1327.43	0
1327.81	0
1328.18	0
1328.56	0
1328.94	0
1329.31	0
1329.69	0
1330.06	0
1330.44	0
1330.82	0
1331.19	0
1331.57	0
1331.95	0
1332.32	0
1332.7	0
1333.08	0
1333.45	0
1333.83	0
1334.2	0
1334.58	0
1334.96	0
1335.33	0
1335.71	0
1336.08	0
1336.46	0
1336.84	0
1337.21	0
1337.59	0
1337.96	0
1338.34	0
1338.72	0
1339.09	0
1339.47	0
1339.84	0
1340.22	0
1340.6	0
1340.97	0
1341.35	0
1341.72	0
1342.1	0
1342.47	0
1342.85	0
1343.23	0
1343.6	0
1343.98	0
1344.35	0
1344.73	0
1345.1	0
1345.48	0
1345.85	0
1346.23	0
1346.61	0
1346.98	0
1347.36	0
1347.73	0
1348.11	0
1348.48	0
1348.86	0
1349.23	0
1349.61	0
1349.98	0
1350.36	0
1350.73	0
1351.11	0
1351.48	0
1351.86	0
1352.23	0
1352.61	0
1352.98	0
1353.36	0
1353.73	0
1354.11	0
1354.48	0
1354.86	0
1355.23	0
1355.61	0
1355.98	0
1356.36	0
1356.73	0
1357.11	0
1357.48	0
1357.86	0
1358.23	0
1358.61	0
1358.98	0
1359.35	0
1359.73	0
1360.1	0
1360.48	0
1360.85	0
1361.23	0
1361.6	0
1361.98	0
1362.35	0
1362.72	0
1363.1	0
1363.47	0
1363.85	0
1364.22	0
1364.6	0
1364.97	0
1365.34	0
1365.72	0
1366.09	0
1366.47	0
1366.84	0
1367.22	0
1367.59	0
1367.96	0
1368.34	0
1368.71	0
1369.09	0.2
1369.46	-0.72
1369.83	-0.6
1370.21	-0.56
1370.58	-0.2
1370.96	-0.2
1371.33	0.8
1371.7	0.84
1372.08	0.8
1372.45	0.64
1372.82	0.56
1373.2	0.48
1373.57	0.32
1373.95	0.44
1374.32	1
1374.69	1.08
1375.07	1.08
1375.44	1.08
1375.81	1.2
1376.19	0.64
1376.56	0.56
1376.93	0.84
1377.31	0.92
1377.68	0.68
1378.05	0.48
1378.43	0.4
1378.8	0.28
1379.17	0.36
1379.55	0.36
1379.92	0.36
1380.29	0.48
1380.67	0.48
1381.04	0.48
1381.41	0.56
1381.79	0.56
1382.16	0.68
1382.53	0.56
1382.91	-0.6
1383.28	-0.64
1383.65	-0.36
1384.03	-0.64
1384.4	-0.68
1384.77	0.32
1385.14	0.68
1385.52	1.04
1385.89	1.04
1386.26	1.28
1386.64	1.52
1387.01	1.16
1387.38	0.56
1387.75	0.84
1388.13	1
1388.5	0.84
1388.87	0.84
1389.25	0.8
1389.62	0.48
1389.99	-0.08
1390.36	1.44334e-17
1390.74	0.12
1391.11	0.4
1391.48	0.44
1391.85	0.72
1392.23	0.76
1392.6	0.76
1392.97	0.48
1393.34	0.76
1393.72	0.84
1394.09	0.76
1394.46	0.68
1394.83	1.16
1395.21	0.96
1395.58	0.76
1395.95	1.2
1396.32	1.2
1396.69	0.72
1397.07	1
1397.44	1
1397.81	0.48
1398.18	0.44
1398.55	0.44
1398.93	0.28
1399.3	0.28
1399.67	0.44
1400.04	0.8
1400.41	0.8
1400.79	0.64
1401.16	0.88
1401.53	0.76
1401.9	0.48
1402.27	0.52
1402.65	0.48
1403.02	0.48
1403.39	0.4
1403.76	-0.08
1404.13	-0.12
1404.51	-0.04
1404.88	-0.2
1405.25	-0.2
1405.62	0.36
1405.99	0.52
1406.36	0.52
1406.74	0.56
1407.11	0.56
1407.48	0.36
1407.85	-1
1408.22	-1.08
1408.59	-0.72
1408.96	-0.6
1409.34	-0.6
1409.71	1.04
1410.08	1.04
1410.45	1.24
1410.82	1.28
1411.19	1.36
1411.56	1.08
1411.93	1.32
1412.31	0.76
1412.68	0.84
1413.05	0.8
1413.42	0.88
1413.79	0.64
1414.16	0.44
1414.53	0.2
1414.9	0.08
1415.27	-0.16
1415.65	-0.12
1416.02	0.24
1416.39	0.68
1416.76	1.12
1417.13	1.12
1417.5	1.32
1417.87	1.12
1418.24	0.96
1418.61	0.6
1418.98	1.52
1419.35	1.28
1419.73	1.44
1420.1	1.16
1420.47	1.24
1420.84	0.32
1421.21	0.32
1421.58	0.16
1421.95	0.44
1422.32	0.56
1422.69	0.8
1423.06	1.48
1423.43	1.4
1423.8	1.24
1424.17	1.16
1424.54	0.92
1424.91	0.4
1425.28	0.52
1425.65	0.48
1426.02	0.84
1426.39	1.36
1426.76	0.64
1427.14	0.52
1427.51	0.52
1427.88	0.08
1428.25	-0.16
1428.62	0.44
1428.99	0.92
1429.36	1.68
1429.73	1.96
1430.1	1.96
1430.47	2.12
1430.84	1.64
1431.21	0.96
1431.58	0.64
1431.95	0.36
1432.32	-0.04
1432.69	0.4
1433.06	0.28
1433.43	0.28
1433.8	0.32
1434.17	0.52
1434.54	0.24
1434.91	0.2
1435.28	0.2
1435.64	0.24
1436.01	-0.36
1436.38	-0.44
1436.75	-0.36
1437.12	-0.36
1437.49	-0.44
1437.86	0.4
1438.23	0.72
1438.6	0.72
1438.97	0.72
1439.34	0.8
1439.71	0.56
1440.08	0.16
1440.45	0.08
1440.82	-0.52
1441.19	-0.44
1441.56	-0.08
1441.93	-0.08
1442.3	-0.08
1442.67	-1.04
1443.03	-0.92
1443.4	-1.16
1443.77	-1.12
1444.14	-1.12
1444.51	0.64
1444.88	0.68
1445.25	0.56
1445.62	0.92
1445.99	1.04
1446.36	1.24
1446.73	0.96
1447.09	1.08
1447.46	0.76
1447.83	0.72
1448.2	0.6
1448.57	0.36
1448.94	0.48
1449.31	0.48
1449.68	1.08
1450.05	0.92
1450.41	1.28
1450.78	0.64
1451.15	0.68
1451.52	6.66107e-18
1451.89	6.66107e-18
1452.26	0.08
1452.63	0.48
1453	0.36
1453.36	0.4
1453.73	0.28
1454.1	0.04
1454.47	0.2
1454.84	0.44
1455.21	0.48
1455.57	0.56
1455.94	0.72
1456.31	0.56
1456.68	0.6
1457.05	0.68
1457.42	0.72
1457.78	0.56
1458.15	0.92
1458.52	1.28
1458.89	1.12
1459.26	1
1459.63	1
1459.99	0.76
1460.36	0.32
1460.73	0.48
1461.1	0.52
1461.47	0.52
1461.83	0.4
1462.2	0.2
1462.57	0.04
1462.94	0
1463.31	0
1463.67	0.28
1464.04	0.08
1464.41	0.08
1464.78	-0.2
1465.15	0.04
1465.51	-0.12
1465.88	0.36
1466.25	0.96
1466.62	1.48
1466.98	1.48
1467.35	1.52
1467.72	1.24
1468.09	0.64
1468.46	0.4
1468.82	0.2
1469.19	0.12
1469.56	0.12
1469.93	0.4
1470.29	0.44
1470.66	0.6
1471.03	0.6
1471.4	0.8
1471.76	0.52
1472.13	0.48
1472.5	0.44
1472.86	0.84
1473.23	0.8
1473.6	1
1473.97	1.04
1474.33	0.88
1474.7	0.84
1475.07	0.88
1475.44	0.84
1475.8	0.6
1476.17	0.6
1476.54	0.16
1476.9	2.4425e-17
1477.27	0.04
1477.64	0.4
1478	0.92
1478.37	1.2
1478.74	1.16
1479.11	0.96
1479.47	0.8
1479.84	0.28
1480.21	0
1480.57	0
1480.94	0
1481.31	0
1481.67	0.08
1482.04	0.32
1482.41	0.4
1482.77	0.64
1483.14	0.88
1483.51	0.88
1483.87	0.64
1484.24	0.56
1484.61	0.4
1484.97	0.16
1485.34	0.32
1485.71	-0.68
1486.07	-0.52
1486.44	-0.6
1486.81	-0.6
1487.17	-0.76
1487.54	0.28
1487.9	0.44
1488.27	0.52
1488.64	0.48
1489	0.72
1489.37	0.72
1489.74	0.76
1490.1	0.88
1490.47	1.2
1490.83	0.96
1491.2	1.32
1491.57	1.36
1491.93	1.16
1492.3	0.88
1492.66	0.88
1493.03	0.48
1493.4	0.08
1493.76	0.16
1494.13	0.4
1494.49	0.52
1494.86	0.76
1495.23	0.76
1495.59	0.68
1495.96	-0.32
1496.32	-0.52
1496.69	-0.76
1497.06	-0.4
1497.42	-1.12
1497.79	-0.36
1498.15	-0.32
1498.52	-0.24
1498.88	-0.48
1499.25	0.32
1499.62	0.12
1499.98	0.16
1500.35	0.12
1500.71	0.08
1501.08	2.10945e-17
1501.44	0.28
1501.81	0.4
1502.17	0.56
1502.54	0.56
1502.9	1.16
1503.27	1.08
1503.64	0.88
1504	0.68
1504.37	0.72
1504.73	0.28
1505.1	0.52
1505.46	0.72
1505.83	0.76
1506.19	1.24
1506.56	1.16
1506.92	0.92
1507.29	0.72
1507.65	0.72
1508.02	0.12
1508.38	0.16
1508.75	0.64
1509.11	0.88
1509.48	0.84
1509.84	0.84
1510.21	1
1510.57	0.52
1510.94	0.48
1511.3	0.48
1511.67	0.48
1512.03	0.2
1512.4	0.72
1512.76	0.76
1513.13	-0.04
1513.49	-0.16
1513.85	0.08
1514.22	-0.36
1514.58	-0.48
1514.95	0.44
1515.31	0.84
1515.68	0.6
1516.04	0.52
1516.41	0.48
1516.77	0.56
1517.14	0.36
1517.5	0.36
1517.86	0.4
1518.23	0.76
1518.59	0.56
1518.96	0.72
1519.32	0.72
1519.69	0.84
1520.05	0.4
1520.41	0.64
1520.78	0.6
1521.14	0.6
1521.51	0.44
1521.87	0.88
1522.24	0.8
1522.6	0.8
1522.96	1
1523.33	1
1523.69	0.88
1524.06	0.72
1524.42	0.56
1524.78	0.72
1525.15	1.12
1525.51	0.92
1525.88	0.92
1526.24	1.08
1526.6	0.96
1526.97	0.92
1527.33	0.84
1527.69	0.88
1528.06	0.68
1528.42	0.52
1528.79	0.16
1529.15	-0.6
1529.51	-0.64
1529.88	-0.24
1530.24	0.36
1530.6	0.44
1530.97	1.16
1531.33	1.24
1531.69	0.92
1532.06	0.68
1532.42	0.8
1532.78	0.8
1533.15	1.32
1533.51	1.6
1533.87	1.48
1534.24	1.4
1534.6	1.4
1534.96	0.88
1535.33	0.52
1535.69	0.76
1536.05	0.64
1536.42	0.84
1536.78	1.04
1537.14	1.24
1537.51	0.88
1537.87	1.8
1538.23	1.6
1538.6	1.44
1538.96	1.24
1539.32	1.24
1539.68	0.32
1540.05	0.44
1540.41	0.72
1540.77	1.04
1541.14	1.04
1541.5	1.04
1541.86	1.28
1542.23	0.96
1542.59	1
1542.95	0.88
1543.31	0.88
1543.68	0.72
1544.04	0.64
1544.4	0.4
1544.76	0.56
1545.13	0.56
1545.49	1.16
1545.85	1.36
1546.21	1.24
1546.58	1
1546.94	1
1547.3	0.2
1547.66	0.08
1548.03	0.32
1548.39	0.52
1548.75	0.56
1549.11	0.6
1549.48	0.76
1549.84	0.52
1550.2	0.36
1550.56	0.4
1550.93	0.36
1551.29	0.12
1551.65	0.56
1552.01	0.72
1552.37	0.76
1552.74	0.96
1553.1	1.08
1553.46	0.88
1553.82	1.04
1554.18	1
1554.55	0.96
1554.91	0.92
1555.27	0.68
1555.63	0.32
1555.99	0.24
1556.36	0.08
1556.72	-1.2
1557.08	-0.8
1557.44	-0.8
1557.8	-0.68
1558.17	-0.64
1558.53	0.56
1558.89	0.2
1559.25	0.2
1559.61	0.12
1559.97	0.2
1560.34	0.28
1560.7	0.28
1561.06	0.32
1561.42	0.28
1561.78	0.16
1562.14	0.44
1562.5	0.4
1562.87	0.68
1563.23	0.68
1563.59	0.6
1563.95	0.24
1564.31	0.48
1564.67	0.16
1565.03	0.48
1565.4	0.56
1565.76	0.56
1566.12	0.8
1566.48	0.84
1566.84	0.8
1567.2	0.96
1567.56	0.92
1567.92	0.52
1568.29	0.48
1568.65	0.48
1569.01	0.44
1569.37	0.28
1569.73	0.36
1570.09	0.48
1570.45	0.24
1570.81	0.24
1571.17	0.6
1571.53	0.6
1571.89	0.84
1572.26	1.28
1572.62	1.4
1572.98	1.24
1573.34	1.16
1573.7	0.88
1574.06	1
1574.42	1
1574.78	1.04
1575.14	1.04
1575.5	1.24
1575.86	-0.12
1576.22	-0.08
1576.58	-0.08
1576.94	0.16
1577.3	-0.08
1577.67	0.96
1578.03	0.88
1578.39	1.12
1578.75	0.8
1579.11	1
1579.47	0.72
1579.83	0.64
1580.19	0.52
1580.55	0.52
1580.91	0.64
1581.27	0.64
1581.63	0.52
1581.99	0.36
1582.35	1
1582.71	1
1583.07	1
1583.43	1.4
1583.79	1.48
1584.15	0.84
1584.51	0.68
1584.87	1.04
1585.23	0.64
1585.59	0.56
1585.95	0.56
1586.31	0.4
1586.67	0.48
1587.03	0.48
1587.39	0.48
1587.75	0.68
1588.11	0.72
1588.47	0.4
1588.83	0.68
1589.19	0.8
1589.55	0.6
1589.91	0.72
1590.27	0.76
1590.63	0.84
1590.99	0.8
1591.35	1.44
1591.71	1.32
1592.07	1.16
1592.42	1.08
1592.78	1.08
1593.14	0.72
1593.5	0.76
1593.86	1
1594.22	1.04
1594.58	1.2
1594.94	1.08
1595.3	1.16
1595.66	0.92
1596.02	0.64
1596.38	0.48
1596.74	0.32
1597.1	0.16
1597.46	0.2
1597.81	0.2
1598.17	0.32
1598.53	0.4
1598.89	0.4
1599.25	0.36
1599.61	0.32
1599.97	0.16
1600.33	0.48
1600.69	0.72
1601.05	0.76
1601.4	1.08
1601.76	0.76
1602.12	0.36
1602.48	0.4
1602.84	0.76
1603.2	0.52
1603.56	0.84
1603.92	0.92
1604.28	0.68
1604.63	0.52
1604.99	0.76
1605.35	1.08
1605.71	1.08
1606.07	1.2
1606.43	1.08
1606.79	0.92
1607.14	0.72
1607.5	0.68
1607.86	0.68
1608.22	0.56
1608.58	0.52
1608.94	0.48
1609.29	0.72
1609.65	0.44
1610.01	0.44
1610.37	0.44
1610.73	0.32
1611.09	0.2
1611.44	0.32
1611.8	0.56
1612.16	0.56
1612.52	0.64
1612.88	1
1613.24	0.96
1613.59	1.52
1613.95	1.6
1614.31	1.52
1614.67	1.08
1615.03	1.16
1615.38	0.4
1615.74	1
1616.1	1.2
1616.46	1.32
1616.82	1.48
1617.17	1.44
1617.53	0.68
1617.89	0.6
1618.25	0.64
1618.6	0.68
1618.96	0.76
1619.32	1.04
1619.68	1
1620.04	1.04
1620.39	0.56
1620.75	0.48
1621.11	0.56
1621.47	0.56
1621.82	0.48
1622.18	1.04
1622.54	1.24
1622.9	1.2
1623.25	0.12
1623.61	0.04
1623.97	-0.16
1624.33	-0.36
1624.68	-0.68
1625.04	0.72
1625.4	0.64
1625.75	-0.04
1626.11	0.24
1626.47	0.6
1626.83	0.4
1627.18	0.48
1627.54	1.28
1627.9	1.04
1628.26	0.64
1628.61	0.44
1628.97	0.84
1629.33	0.6
1629.68	0.68
1630.04	0.68
1630.4	0.44
1630.75	-0.08
1631.11	-7.21672e-18
1631.47	-0.04
1631.83	0.2
1632.18	0.8
1632.54	1.32
1632.9	1.48
1633.25	2.04
1633.61	1.8
1633.97	1.68
1634.32	1.36
1634.68	1.4
1635.04	0.92
1635.39	1.28
1635.75	1.04
1636.11	1.12
1636.46	1.08
1636.82	0.96
1637.18	0.96
1637.53	1.24
1637.89	1.44
1638.25	1.4
1638.6	1.52
1638.96	1.16
1639.31	1.04
1639.67	0.56
1640.03	0.84
1640.38	0.76
1640.74	1.04
1641.1	0.96
1641.45	1.36
1641.81	0.84
1642.16	0.76
1642.52	0.52
1642.88	0.64
1643.23	-0.32
1643.59	-0.32
1643.95	0.04
1644.3	0.12
1644.66	0.04
1645.01	0.84
1645.37	0.84
1645.73	0.64
1646.08	0.64
1646.44	0.8
1646.79	-0.04
1647.15	0.16
1647.51	0.08
1647.86	0.08
1648.22	-0.16
1648.57	0.04
1648.93	-0.12
1649.28	-0.04
1649.64	0.12
1650	0.08
1650.35	0.64
1650.71	0.6
1651.06	0.52
1651.42	0.28
1651.77	0.48
1652.13	0.4
1652.48	0.6
1652.84	0.88
1653.2	0.88
1653.55	0.88
1653.91	0.84
1654.26	0.92
1654.62	0.72
1654.97	0.84
1655.33	0.64
1655.68	1.16
1656.04	1.36
1656.39	1.36
1656.75	1.2
1657.1	1.36
1657.46	1.08
1657.81	1.12
1658.17	1.2
1658.52	1.2
1658.88	1.36
1659.23	1.08
1659.59	1.36
1659.94	1.72
1660.3	2.16
1660.65	2.24
1661.01	2.72
1661.36	2.4
1661.72	2.56
1662.07	2.36
1662.43	2.28
1662.78	2.36
1663.14	2.52
1663.49	1.96
1663.85	2.04
1664.2	1.92
1664.56	1.8
1664.91	-0.36
1665.27	0.04
1665.62	0.72
1665.98	1.44
1666.33	1.2
1666.69	3.04
1667.04	3.24
1667.39	2.88
1667.75	2.36
1668.1	3.08
1668.46	3
1668.81	2.44
1669.17	1.92
1669.52	2.72
1669.88	2.52
1670.23	2.28
1670.58	3.08
1670.94	3.84
1671.29	3.44
1671.65	3.24
1672	4.04
1672.36	3.84
1672.71	3.68
1673.06	4.68
1673.42	4.84
1673.77	4.56
1674.13	4.8
1674.48	5.88
1674.83	4.56
1675.19	4.64
1675.54	5.12
1675.9	4.64
1676.25	3.2
1676.6	3
1676.96	3.2
1677.31	2.6
1677.67	2.96
1678.02	3.24
1678.37	3.84
1678.73	4.08
1679.08	4.28
1679.43	3.64
1679.79	3.84
1680.14	3.4
1680.5	1.96
1680.85	2.08
1681.2	1.88
1681.56	2
1681.91	2.16
1682.26	3.28
1682.62	3.24
1682.97	3.72
1683.32	3.24
1683.68	3.72
1684.03	3.64
1684.38	3.8
1684.74	3.76
1685.09	3.68
1685.44	2.68
1685.8	2.68
1686.15	2.24
1686.5	2.16
1686.86	1.92
1687.21	1.76
1687.56	1.08
1687.92	0.68
1688.27	0.64
1688.62	1
1688.98	1.64
1689.33	1.52
1689.68	1.52
1690.03	1.32
1690.39	1.2
1690.74	0.72
1691.09	0.88
1691.45	0.96
1691.8	0.8
1692.15	0.64
1692.5	0.72
1692.86	0.72
1693.21	0.8
1693.56	0.92
1693.92	0.8
1694.27	0.2
1694.62	0.12
1694.97	0.24
1695.33	0.16
1695.68	0.48
1696.03	1.08
1696.38	1
1696.74	1.12
1697.09	0.96
1697.44	0.52
1697.79	0.48
1698.15	0.8
1698.5	0.6
1698.85	0.64
1699.2	5.32885e-17
1699.56	0.44
1699.91	0.12
1700.26	-0.08
1700.61	0.04
1700.97	0.84
1701.32	0.4
1701.67	0.44
1702.02	0.44
1702.37	0.4
1702.73	0.92
1703.08	0.92
1703.43	1.36
1703.78	1.68
1704.13	1.68
1704.49	1.44
1704.84	1.56
1705.19	1.08
1705.54	0.8
1705.89	0.72
1706.25	0.28
1706.6	0.08
1706.95	0.28
1707.3	0.44
1707.65	0.72
1708.01	0.72
1708.36	0.96
1708.71	0.76
1709.06	0.64
1709.41	0.4
1709.76	0.6
1710.12	0.64
1710.47	0.96
1710.82	1.16
1711.17	1.12
1711.52	0.92
1711.87	0.88
1712.23	0.68
1712.58	0.4
1712.93	0.4
1713.28	0.6
1713.63	0.36
1713.98	0.4
1714.33	0.56
1714.69	0.72
1715.04	1.16
1715.39	1.48
1715.74	1.72
1716.09	1.56
1716.44	1.4
1716.79	1.72
1717.14	1.52
1717.5	2.44
1717.85	2.52
1718.2	2.92
1718.55	2.48
1718.9	3.16
1719.25	2.28
1719.6	2.52
1719.95	2.44
1720.3	3.24
1720.65	3.08
1721.01	3.16
1721.36	3.4
1721.71	3.56
1722.06	2.4
1722.41	2.96
1722.76	2.64
1723.11	3.04
1723.46	3.36
1723.81	3.64
1724.16	3.24
1724.51	4.08
1724.86	4.16
1725.21	5.6
1725.56	6.2
1725.92	7.36
1726.27	8.32
1726.62	9.12
1726.97	9
1727.32	9.72
1727.67	9.44
1728.02	8.2
1728.37	8.32
1728.72	8.56
1729.07	9.52
1729.42	10.32
1729.77	11.8
1730.12	12.96
1730.47	14.24
1730.82	15.48
1731.17	16.56
1731.52	18
1731.87	19.24
1732.22	18.28
1732.57	19.12
1732.92	21.32
1733.27	22.76
1733.62	23.2
1733.97	26.16
1734.32	26.32
1734.67	25.96
1735.02	25.44
1735.37	26.16
1735.72	26.36
1736.07	28.72
1736.42	29.6
1736.77	31.6
1737.12	33.56
1737.47	32.92
1737.82	33.56
1738.17	34.96
1738.52	36.84
1738.87	37.24
1739.22	40.28
1739.57	41.2
1739.92	41.96
1740.27	43.24
1740.62	45.72
1740.97	47.96
1741.32	48.76
1741.67	50.6
1742.02	51.2
1742.37	51.6
1742.72	52.52
1743.06	53.24
1743.41	54.2
1743.76	55.92
1744.11	55.92
1744.46	57.72
1744.81	60.4
1745.16	61.44
1745.51	61.16
1745.86	63.04
1746.21	63.36
1746.56	63.92
1746.91	64.28
1747.26	66.16
1747.6	65.88
1747.95	65.72
1748.3	66.6
1748.65	66.32
1749	68.36
1749.35	69.92
1749.7	71
1750.05	71.88
1750.4	75.08
1750.75	73.72
1751.09	74.56
1751.44	77.52
1751.79	77
1752.14	76.92
1752.49	78.52
1752.84	78.44
1753.19	77.48
1753.54	79.08
1753.88	78.4
1754.23	79.72
1754.58	82
1754.93	80.56
1755.28	79.6
1755.63	80.4
1755.98	77.84
1756.32	77.96
1756.67	77.56
1757.02	77.04
1757.37	78.64
1757.72	77.48
1758.07	77.72
1758.42	80.04
1758.76	79.76
1759.11	77.52
1759.46	81.12
1759.81	78.68
1760.16	79.2
1760.5	78.16
1760.85	76.36
1761.2	74.72
1761.55	73.24
1761.9	71.56
1762.25	72.24
1762.59	71.28
1762.94	71.36
1763.29	72.48
1763.64	69.44
1763.99	71.4
1764.33	72.24
1764.68	70.2
1765.03	71
1765.38	71.8
1765.73	69.44
1766.07	70.88
1766.42	70.16
1766.77	71
1767.12	68.64
1767.46	68.92
1767.81	68.36
1768.16	66.68
1768.51	63.2
1768.85	65.2
1769.2	63.4
1769.55	61.4
1769.9	61.96
1770.25	60.92
1770.59	60.72
1770.94	58.56
1771.29	57.28
1771.64	55.64
1771.98	55.76
1772.33	51.44
1772.68	51.36
1773.02	51.92
1773.37	51.56
1773.72	50.72
1774.07	52.44
1774.41	52.44
1774.76	53.12
1775.11	52.6
1775.46	50.36
1775.8	49
1776.15	47.96
1776.5	42.4
1776.84	42.4
1777.19	40.88
1777.54	41.4
1777.89	41.56
1778.23	44.16
1778.58	44.28
1778.93	44.08
1779.27	41.6
1779.62	40.16
1779.97	38.32
1780.31	36.36
1780.66	35.36
1781.01	33.84
1781.35	33.16
1781.7	32.04
1782.05	31.2
1782.39	32.68
1782.74	33.16
1783.09	31.88
1783.43	32.68
1783.78	32.16
1784.13	31.44
1784.47	31.84
1784.82	31.64
1785.17	31.28
1785.51	31.56
1785.86	30.4
1786.21	29.64
1786.55	30.6
1786.9	32.16
1787.25	32.6
1787.59	33.64
1787.94	35.68
1788.29	34.96
1788.63	31.24
1788.98	30.28
1789.32	30.68
1789.67	30.6
1790.02	32.92
1790.36	38.56
1790.71	42.64
1791.06	42.2
1791.4	42.56
1791.75	45.12
1792.09	46.12
1792.44	45.72
1792.79	46.2
1793.13	47
1793.48	48.24
1793.82	44.48
1794.17	39.28
1794.52	45.44
1794.86	44.08
1795.21	39.44
1795.55	40.04
1795.9	48.32
1796.24	53.64
1796.59	60.52
1796.94	66
1797.28	71.64
1797.63	68.52
1797.97	60.36
1798.32	60.88
1798.66	63.96
1799.01	63.36
1799.36	63.24
1799.7	68.56
1800.05	67.56
1800.39	62.4
1800.74	77.6
1801.08	95.16
1801.43	95.04
1801.77	93.64
1802.12	94.28
1802.46	81.72
1802.81	67.52
1803.15	63.08
1803.5	62.64
1803.85	61.2
1804.19	61.24
1804.54	68.88
1804.88	72.68
1805.23	77.16
1805.57	93.6
1805.92	102
1806.26	98
1806.61	97.6
1806.95	108.24
1807.3	115.44
1807.64	115.36
1807.99	115.2
1808.33	112.04
1808.68	101.08
1809.02	105.76
1809.37	116.52
1809.71	121.76
1810.06	126.92
1810.4	125.28
1810.75	106.36
1811.09	115
1811.43	136.84
1811.78	154.8
1812.12	168.68
1812.47	174.04
1812.81	152.16
1813.16	134.92
1813.5	121.2
1813.85	110.52
1814.19	105.92
1814.54	100.8
1814.88	89.52
1815.23	79.4
1815.57	70.2
1815.91	62.28
1816.26	82.8
1816.6	112.96
1816.95	130.92
1817.29	154.16
1817.64	178.12
1817.98	186.28
1818.32	186.2
1818.67	193.48
1819.01	191.8
1819.36	184.8
1819.7	163.76
1820.05	144.6
1820.39	144.12
1820.73	141.4
1821.08	136.08
1821.42	136.12
1821.77	134.72
1822.11	113.96
1822.45	109.08
1822.8	113.8
1823.14	107.76
1823.49	119.04
1823.83	162.16
1824.17	186.36
1824.52	194.28
1824.86	211.4
1825.2	200.68
1825.55	167.52
1825.89	141.52
1826.24	137.48
1826.58	158.76
1826.92	178.24
1827.27	183.76
1827.61	195.56
1827.95	191.52
1828.3	156.64
1828.64	133.48
1828.98	123.04
1829.33	114.6
1829.67	142.68
1830.02	173.56
1830.36	190.96
1830.7	221.36
1831.05	239.44
1831.39	216.8
1831.73	197.92
1832.08	192.16
1832.42	167
1832.76	148.48
1833.1	143.28
1833.45	132.56
1833.79	120.56
1834.13	121.36
1834.48	125.32
1834.82	123.28
1835.16	127.44
1835.51	125.84
1835.85	119
1836.19	110.4
1836.54	96.72
1836.88	82.6
1837.22	75.6
1837.56	76.44
1837.91	89.52
1838.25	113.72
1838.59	137.72
1838.94	149.64
1839.28	149.68
1839.62	139.84
1839.96	128.16
1840.31	108.4
1840.65	99.12
1840.99	110.96
1841.34	144.56
1841.68	162.36
1842.02	178.2
1842.36	190.36
1842.71	176.52
1843.05	139.4
1843.39	134.96
1843.73	155.2
1844.08	167.44
1844.42	191.72
1844.76	206.72
1845.1	192.88
1845.45	158.88
1845.79	145.96
1846.13	131.96
1846.47	121.48
1846.81	115.32
1847.16	116.92
1847.5	122.4
1847.84	133.12
1848.18	138.72
1848.53	140.6
1848.87	141.04
1849.21	127.12
1849.55	105.68
1849.89	94.76
1850.24	87.56
1850.58	80.04
1850.92	77.48
1851.26	74.28
1851.6	72.48
1851.95	70.96
1852.29	71.52
1852.63	69.2
1852.97	65.88
1853.31	59.4
1853.66	55.48
1854	52.04
1854.34	56.84
1854.68	69
1855.02	74.12
1855.36	76.8
1855.71	77.6
1856.05	69.56
1856.39	54.44
1856.73	50.48
1857.07	49.16
1857.41	48.36
1857.76	47.56
1858.1	47.4
1858.44	43.04
1858.78	40.68
1859.12	36.72
1859.46	34.32
1859.8	33.64
1860.15	35.8
1860.49	48.32
1860.83	56.72
1861.17	59.12
1861.51	57.6
1861.85	54.32
1862.19	42.16
1862.53	36.16
1862.88	35.32
1863.22	34
1863.56	34.24
1863.9	36.52
1864.24	36.4
1864.58	34.08
1864.92	35.44
1865.26	34.08
1865.6	30.04
1865.94	26.84
1866.29	27.04
1866.63	27.96
1866.97	30.96
1867.31	32.96
1867.65	38.28
1867.99	41.16
1868.33	42.32
1868.67	44.6
1869.01	50.08
1869.35	57.84
1869.69	63.12
1870.03	66.32
1870.37	67.2
1870.72	59.68
1871.06	47.16
1871.4	39.4
1871.74	36.32
1872.08	37.8
1872.42	49.84
1872.76	56.44
1873.1	56.36
1873.44	56.12
1873.78	51.2
1874.12	42.72
1874.46	47.56
1874.8	56.32
1875.14	58.44
1875.48	58.28
1875.82	59.28
1876.16	50.68
1876.5	42.68
1876.84	38.36
1877.18	37.56
1877.52	33.6
1877.86	30.68
1878.2	30.48
1878.54	31.64
1878.88	34.24
1879.22	37.04
1879.56	41.04
1879.9	43.4
1880.24	48
1880.58	51.16
1880.92	53.52
1881.26	50.88
1881.6	52.16
1881.94	53.76
1882.28	58.64
1882.62	63.8
1882.96	69.64
1883.3	68.2
1883.64	63.48
1883.98	56.72
1884.32	49.64
1884.66	45.92
1885	50.04
1885.34	53.92
1885.68	57.12
1886.02	59.28
1886.36	61.8
1886.7	61.04
1887.04	64.32
1887.38	64.88
1887.72	69.52
1888.06	71.08
1888.39	76.72
1888.73	79.68
1889.07	89.32
1889.41	87.44
1889.75	89.12
1890.09	89.44
1890.43	82.44
1890.77	67.32
1891.11	63.08
1891.45	59.6
1891.79	55.16
1892.13	56.88
1892.47	64
1892.8	69.24
1893.14	74.92
1893.48	80.16
1893.82	82.88
1894.16	81.32
1894.5	80.72
1894.84	79.68
1895.18	77.48
1895.52	79.84
1895.86	84.24
1896.19	86.84
1896.53	88.92
1896.87	90.4
1897.21	89.4
1897.55	90.4
1897.89	94.32
1898.23	96.84
1898.57	94
1898.9	95.04
1899.24	94.6
1899.58	91.84
1899.92	89
1900.26	91.76
1900.6	92.8
1900.94	94.16
1901.27	97.16
1901.61	99.44
1901.95	99.84
1902.29	101.24
1902.63	103.36
1902.97	102.16
1903.3	102.92
1903.64	106.96
1903.98	107.88
1904.32	107.96
1904.66	107.48
1905	107.4
1905.33	105.84
1905.67	107.24
1906.01	108.08
1906.35	110.44
1906.69	108.76
1907.02	108.36
1907.36	107.28
1907.7	106.08
1908.04	105.44
1908.38	108.6
1908.71	109.4
1909.05	108.44
1909.39	108.76
1909.73	105.56
1910.07	102.48
1910.4	100.76
1910.74	100.6
1911.08	100.56
1911.42	102.8
1911.76	104.56
1912.09	104.6
1912.43	106.68
1912.77	106.8
1913.11	107.04
1913.44	106.12
1913.78	108.08
1914.12	105.28
1914.46	104.4
1914.79	104.24
1915.13	103
1915.47	100.76
1915.81	100.44
1916.14	99.88
1916.48	99
1916.82	98.88
1917.16	97.44
1917.49	97.28
1917.83	93.6
1918.17	93.44
1918.5	92.6
1918.84	92.92
1919.18	92.52
1919.52	94.32
1919.85	92.28
1920.19	93.44
1920.53	94.2
1920.87	92.64
1921.2	92
1921.54	92.64
1921.88	90
1922.21	88.12
1922.55	89.08
1922.89	87.76
1923.22	85.76
1923.56	86.32
1923.9	85.36
1924.23	83.96
1924.57	81.96
1924.91	83.84
1925.25	80.6
1925.58	81
1925.92	78.72
1926.26	78.72
1926.59	75.04
1926.93	77.04
1927.27	75.08
1927.6	74.76
1927.94	73.84
1928.28	75.24
1928.61	71.56
1928.95	69.92
1929.29	68.12
1929.62	66.76
1929.96	63.48
1930.29	63.6
1930.63	63
1930.97	62.88
1931.3	62.96
1931.64	62
1931.98	61.12
1932.31	59.44
1932.65	58.68
1932.99	58.16
1933.32	58.2
1933.66	57.68
1933.99	57.48
1934.33	55.76
1934.67	53.44
1935	52.6
1935.34	50.88
1935.67	50.04
1936.01	49.68
1936.35	47.84
1936.68	48
1937.02	48.32
1937.35	48.84
1937.69	48.32
1938.03	48.28
1938.36	43.76
1938.7	42.16
1939.03	40.48
1939.37	39.52
1939.7	39.12
1940.04	39.44
1940.38	37.12
1940.71	36.12
1941.05	36.08
1941.38	35.32
1941.72	34.08
1942.05	34.24
1942.39	33.12
1942.73	33.04
1943.06	32.92
1943.4	33.32
1943.73	33.52
1944.07	33.28
1944.4	30.92
1944.74	29.64
1945.07	29.16
1945.41	26.92
1945.74	24.8
1946.08	24.28
1946.42	23.28
1946.75	22.48
1947.09	22.08
1947.42	22.28
1947.76	22.28
1948.09	22.16
1948.43	22.52
1948.76	23.4
1949.1	23.96
1949.43	24.76
1949.77	25.16
1950.1	23.48
1950.44	23.72
1950.77	24.04
1951.11	22.76
1951.44	22.08
1951.78	22.8
1952.11	21.72
1952.45	20.68
1952.78	21.36
1953.12	22.04
1953.45	21.56
1953.79	21.92
1954.12	22.72
1954.46	20.4
1954.79	19.16
1955.12	19.92
1955.46	20.52
1955.79	18.84
1956.13	18.84
1956.46	19.52
1956.8	18.08
1957.13	16.2
1957.47	16.16
1957.8	17.92
1958.14	17.72
1958.47	18.52
1958.8	19.68
1959.14	21.44
1959.47	21.92
1959.81	21.96
1960.14	22.4
1960.48	22.6
1960.81	22.52
1961.14	21.32
1961.48	21.48
1961.81	21.8
1962.15	20.84
1962.48	21.32
1962.82	22.12
1963.15	22.4
1963.48	21.44
1963.82	22.44
1964.15	20.64
1964.49	18.64
1964.82	18.32
1965.15	19.12
1965.49	17.36
1965.82	16.96
1966.16	19.04
1966.49	19.28
1966.82	18.56
1967.16	20.2
1967.49	21.52
1967.83	21.2
1968.16	19.96
1968.49	19.84
1968.83	18.32
1969.16	17.96
1969.49	16.32
1969.83	15.96
1970.16	16.28
1970.49	17.8
1970.83	17.12
1971.16	18.16
1971.5	18.6
1971.83	18.92
1972.16	18.2
1972.5	18.24
1972.83	18.12
1973.16	18.76
1973.5	18
1973.83	18
1974.16	17.96
1974.5	17.52
1974.83	15.36
1975.16	14.52
1975.5	13.8
1975.83	13.76
1976.16	12.84
1976.49	14.64
1976.83	14.44
1977.16	14.48
1977.49	13.6
1977.83	13.44
1978.16	12.72
1978.49	12.96
1978.83	12.56
1979.16	12.08
1979.49	11.56
1979.83	10.88
1980.16	11.24
1980.49	10.52
1980.82	11.6
1981.16	11.64
1981.49	12.2
1981.82	11.64
1982.15	11.68
1982.49	9.84
1982.82	10.04
1983.15	9.84
1983.49	8.88
1983.82	9.04
1984.15	9.6
1984.48	10.2
1984.82	8.4
1985.15	8.36
1985.48	7.44
1985.81	6.68
1986.15	4.56
1986.48	5.72
1986.81	6.08
1987.14	6.48
1987.48	7.48
1987.81	8.56
1988.14	7.4
1988.47	6.12
1988.81	5.52
1989.14	4.84
1989.47	3.96
1989.8	4.44
1990.13	4.96
1990.47	5.72
1990.8	5.08
1991.13	5.04
1991.46	5.44
1991.79	4.52
1992.13	3.24
1992.46	2.6
1992.79	2.6
1993.12	1.48
1993.45	1.08
1993.79	1.52
1994.12	2.04
1994.45	2.32
1994.78	2.44
1995.11	3.04
1995.45	3.36
1995.78	2.84
1996.11	2.12
1996.44	1.84
1996.77	1.8
1997.1	1.48
1997.44	1.52
1997.77	2.32
1998.1	2.24
1998.43	2.44
1998.76	2.48
1999.09	2.16
1999.43	0.48
1999.76	0.36
2000.09	0.6
2000.42	0.44
2000.75	0.08
2001.08	0.92
2001.41	1.24
2001.75	0.72
2002.08	0.44
2002.41	0.92
2002.74	0.92
2003.07	1.04
2003.4	1.16
2003.73	1.4
2004.06	1.8
2004.4	2.28
2004.73	2.4
2005.06	1.92
2005.39	2.16
2005.72	1.4
2006.05	0.8
2006.38	0.56
2006.71	1.16
2007.04	1.4
2007.37	2.04
2007.71	2.36
2008.04	2.24
2008.37	2.6
2008.7	2.8
2009.03	2.88
2009.36	3.2
2009.69	3.28
2010.02	2.64
2010.35	2.2
2010.68	1.84
2011.01	1.68
2011.34	1.76
2011.67	2.24
2012.01	1.88
2012.34	1.8
2012.67	2.4
2013	2.52
2013.33	2.24
2013.66	2.04
2013.99	2.12
2014.32	1.64
2014.65	1.76
2014.98	2.32
2015.31	3.16
2015.64	3.92
2015.97	4.28
2016.3	5.2
2016.63	5
2016.96	4.72
2017.29	3.96
2017.62	3.28
2017.95	3.04
2018.28	3.24
2018.61	3.4
2018.94	4.52
2019.27	5.36
2019.6	4.4
2019.93	5.36
2020.26	7.16
2020.59	6.44
2020.92	6.56
2021.25	6.68
2021.58	5.48
2021.91	4
2022.24	5.48
2022.57	5
2022.9	5.56
2023.23	7.04
2023.56	7.04
2023.89	6.16
2024.22	6.08
2024.55	5.72
2024.88	4.48
2025.21	5
2025.54	5.04
2025.87	6.52
2026.2	6.12
2026.53	5.56
2026.86	4.56
2027.19	4.64
2027.52	3.76
2027.85	4.72
2028.18	4.96
2028.51	5.2
2028.84	5.24
2029.16	4.6
2029.49	4.76
2029.82	5.08
2030.15	5.84
2030.48	5.32
2030.81	6.2
2031.14	5.96
2031.47	6.84
2031.8	5.88
2032.13	6.2
2032.46	6.08
2032.79	5.64
2033.12	4.92
2033.44	4.76
2033.77	4.32
2034.1	2.96
2034.43	3.28
2034.76	3.08
2035.09	3.72
2035.42	3.8
2035.75	5.24
2036.08	5.68
2036.41	6.04
2036.73	5.88
2037.06	5.52
2037.39	4.84
2037.72	3.88
2038.05	3.84
2038.38	3.96
2038.71	5.04
2039.04	3.4
2039.36	3
2039.69	3.12
2040.02	2.4
2040.35	1.56
2040.68	3.64
2041.01	4
2041.34	3.6
2041.66	3.88
2041.99	3.92
2042.32	3.76
2042.65	4.68
2042.98	4.36
2043.31	4.44
2043.63	4.16
2043.96	3.72
2044.29	3.44
2044.62	4.32
2044.95	4.12
2045.28	4.48
2045.6	4.72
2045.93	4.72
2046.26	3.4
2046.59	3.36
2046.92	3.08
2047.24	3.2
2047.57	3.04
2047.9	3.84
2048.23	4.08
2048.56	4.08
2048.88	3.92
2049.21	3.2
2049.54	3.08
2049.87	2.4
2050.2	2.24
2050.52	1.72
2050.85	1.88
2051.18	1.08
2051.51	1.28
2051.83	1.2
2052.16	1.2
2052.49	1.44
2052.82	2.36
2053.15	2.4
2053.47	2.56
2053.8	2.4
2054.13	1.88
2054.46	1.76
2054.78	1.64
2055.11	1.8
2055.44	1.44
2055.77	1.36
2056.09	1.16
2056.42	1.92
2056.75	1.64
2057.08	2.68
2057.4	3.12
2057.73	3.4
2058.06	2.88
2058.38	2.64
2058.71	2.24
2059.04	2.08
2059.37	1.2
2059.69	1.52
2060.02	1.56
2060.35	1.36
2060.67	1.12
2061	2.04
2061.33	1.8
2061.66	2.04
2061.98	2.12
2062.31	2.4
2062.64	1.76
2062.96	1.6
2063.29	1.64
2063.62	2.04
2063.94	2.12
2064.27	2.32
2064.6	1.84
2064.92	1.8
2065.25	1.08
2065.58	1.12
2065.91	0.92
2066.23	1.24
2066.56	1.28
2066.89	1.48
2067.21	1.32
2067.54	1.6
2067.87	1.44
2068.19	1.92
2068.52	2.8
2068.84	2.64
2069.17	2.56
2069.5	2.72
2069.82	1.88
2070.15	1.04
2070.48	1.04
2070.8	0.72
2071.13	0.56
2071.46	0.96
2071.78	1.12
2072.11	1.4
2072.43	1.64
2072.76	2.08
2073.09	1.72
2073.41	2.04
2073.74	2.32
2074.07	2.12
2074.39	1.88
2074.72	2.36
2075.04	2.08
2075.37	1.48
2075.7	1.4
2076.02	1.6
2076.35	1.32
2076.67	1.08
2077	1
2077.33	1.04
2077.65	0.72
2077.98	0.88
2078.3	1.28
2078.63	1.44
2078.95	1.4
2079.28	1.88
2079.61	1.04
2079.93	0.84
2080.26	1.28
2080.58	1.36
2080.91	1.12
2081.23	1.92
2081.56	2.08
2081.89	1.52
2082.21	1.32
2082.54	1.44
2082.86	1.28
2083.19	1.12
2083.51	1.2
2083.84	1.52
2084.16	1.04
2084.49	1.2
2084.81	1.16
2085.14	1.28
2085.46	1.2
2085.79	1.28
2086.12	1.2
2086.44	1.12
2086.77	1.4
2087.09	1.2
2087.42	1.16
2087.74	1.4
2088.07	1.88
2088.39	1.48
2088.72	2
2089.04	2.36
2089.37	2.12
2089.69	1.44
2090.02	1.64
2090.34	0.88
2090.67	0.52
2090.99	-1.48
2091.32	-1.44
2091.64	-1.64
2091.97	-1.08
2092.29	-1.12
2092.62	0.72
2092.94	1
2093.26	1.56
2093.59	1.28
2093.91	0.36
2094.24	0.28
2094.56	-0.12
2094.89	-0.36
2095.21	-0.12
2095.54	0.8
2095.86	1.28
2096.19	1.72
2096.51	1.88
2096.84	1.56
2097.16	1.56
2097.48	1.32
2097.81	0.88
2098.13	0.56
2098.46	0.24
2098.78	0.72
2099.11	0.52
2099.43	0.88
2099.75	0.84
2100.08	1.48
2100.4	1.64
2100.73	1.64
2101.05	1.4
2101.38	1.36
2101.7	1.16
2102.02	0.8
2102.35	0.88
2102.67	0.76
2103	0.56
2103.32	0.76
2103.64	1
2103.97	1.2
2104.29	1.4
2104.62	1.92
2104.94	1.88
2105.26	1.8
2105.59	1.6
2105.91	1.44
2106.23	1.2
2106.56	1.36
2106.88	1.32
2107.21	1.28
2107.53	1.72
2107.85	1.96
2108.18	1.68
2108.5	1.64
2108.82	1.84
2109.15	1.4
2109.47	0.92
2109.79	1
2110.12	0.64
2110.44	0.64
2110.76	1.12
2111.09	1.12
2111.41	1.48
2111.73	1.6
2112.06	1.72
2112.38	1.6
2112.7	1.08
2113.03	1.12
2113.35	1.16
2113.67	1.12
2114	1.12
2114.32	1.76
2114.64	1.36
2114.97	1.32
2115.29	1.04
2115.61	0.92
2115.94	1.24
2116.26	1.16
2116.58	1.16
2116.91	0.08
2117.23	0.08
2117.55	-0.08
2117.87	0.08
2118.2	0.2
2118.52	1.2
2118.84	0.92
2119.17	1.16
2119.49	1
2119.81	0.84
2120.13	0.92
2120.46	0.92
2120.78	-0.48
2121.1	-0.64
2121.42	-0.68
2121.75	-0.8
2122.07	-0.8
2122.39	0.28
2122.72	0.28
2123.04	1
2123.36	1
2123.68	1.48
2124.01	1.44
2124.33	1.76
2124.65	1.36
2124.97	1.48
2125.29	1.16
2125.62	1
2125.94	0.68
2126.26	0.68
2126.58	0.68
2126.91	-0.48
2127.23	-0.48
2127.55	-0.08
2127.87	-0.44
2128.2	-0.32
2128.52	0.68
2128.84	1
2129.16	1.12
2129.48	1.44
2129.81	1.56
2130.13	1.92
2130.45	1.72
2130.77	1.64
2131.09	1.56
2131.42	1.44
2131.74	1.36
2132.06	1.2
2132.38	0.76
2132.7	0.6
2133.02	0.36
2133.35	0.08
2133.67	0.6
2133.99	0.8
2134.31	0.24
2134.63	0.24
2134.96	0.64
2135.28	0.12
2135.6	0.2
2135.92	1
2136.24	1.96
2136.56	1.56
2136.88	1.76
2137.21	1.72
2137.53	1.4
2137.85	1
2138.17	0.56
2138.49	0.52
2138.81	0.68
2139.13	0.92
2139.46	0.56
2139.78	1.32
2140.1	1.76
2140.42	1.36
2140.74	1.44
2141.06	1.8
2141.38	1.72
2141.7	1.24
2142.03	1.24
2142.35	1.24
2142.67	0.84
2142.99	0.6
2143.31	1.08
2143.63	1.24
2143.95	1.28
2144.27	1.32
2144.59	1.64
2144.91	1.04
2145.24	0.88
2145.56	0.64
2145.88	0.72
2146.2	0.4
2146.52	0.4
2146.84	0.52
2147.16	1.16
2147.48	0.88
2147.8	0.96
2148.12	0.96
2148.44	1.04
2148.76	0.52
2149.08	0.52
2149.41	0.48
2149.73	0.72
2150.05	0.6
2150.37	0.36
2150.69	0.44
2151.01	0.4
2151.33	0.32
2151.65	0.64
2151.97	0.84
2152.29	0.96
2152.61	0.56
2152.93	0.76
2153.25	0.44
2153.57	0.32
2153.89	0.12
2154.21	0.12
2154.53	-0.24
2154.85	-0.2
2155.17	-0.24
2155.49	-0.12
2155.81	0.4
2156.13	0.44
2156.45	0.36
2156.77	0.44
2157.09	0.44
2157.41	0.32
2157.73	0.32
2158.05	0.28
2158.37	0.32
2158.69	0.32
2159.01	0.52
2159.33	0.64
2159.65	0.84
2159.97	0.68
2160.29	0.92
2160.61	0.72
2160.93	0.88
2161.25	0.72
2161.57	0.88
2161.89	0.72
2162.21	0.72
2162.53	0.64
2162.85	5.55112e-17
2163.17	0.12
2163.49	0.08
2163.81	0.2
2164.13	-0.04
2164.45	0.16
2164.77	-0.12
2165.08	0.16
2165.4	0.04
2165.72	0.08
2166.04	0.96
2166.36	1.24
2166.68	1.2
2167	1.2
2167.32	1.24
2167.64	0.76
2167.96	0.56
2168.28	0.32
2168.6	0.32
2168.92	0.6
2169.24	0.84
2169.55	1.16
2169.87	1.72
2170.19	1.92
2170.51	1.84
2170.83	2.04
2171.15	1.76
2171.47	1.36
2171.79	1.28
2172.11	1.32
2172.43	1.04
2172.74	0.92
2173.06	0.96
2173.38	0.88
2173.7	1.08
2174.02	0.92
2174.34	1.08
2174.66	0.76
2174.98	1.44
2175.29	1.16
2175.61	1.16
2175.93	1.32
2176.25	1.28
2176.57	0.56
2176.89	0.44
2177.21	0.8
2177.52	0.68
2177.84	0.92
2178.16	1.48
2178.48	1.36
2178.8	1
2179.12	0.84
2179.43	0.6
2179.75	-0.24
2180.07	0.04
2180.39	0.44
2180.71	0.4
2181.03	0.84
2181.34	1.44
2181.66	1.16
2181.98	0.76
2182.3	0.76
2182.62	0.88
2182.93	0.24
2183.25	0.44
2183.57	0.44
2183.89	0.68
2184.21	0.32
2184.52	0.88
2184.84	0.72
2185.16	0.72
2185.48	0.72
2185.8	0.52
2186.11	0.48
2186.43	0.72
2186.75	0.72
2187.07	0.08
2187.39	-0.48
2187.7	-0.48
2188.02	-1.24
2188.34	-0.84
2188.66	-0.12
2188.97	0.52
2189.29	0.32
2189.61	1.16
2189.93	1.16
2190.24	1.12
2190.56	1.12
2190.88	1.4
2191.2	1.04
2191.51	0.76
2191.83	0.48
2192.15	0.68
2192.47	0.68
2192.78	1.24
2193.1	1.12
2193.42	1.68
2193.74	1.4
2194.05	1.16
2194.37	0.88
2194.69	1.12
2195	0.32
2195.32	0.52
2195.64	0.48
2195.96	0.56
2196.27	0.32
2196.59	-0.04
2196.91	-0.08
2197.22	0.44
2197.54	0.08
2197.86	0.48
2198.18	1.08
2198.49	1.36
2198.81	1.28
2199.13	1.28
2199.44	0.88
2199.76	0.96
2200.08	0.52
2200.39	0.08
2200.71	0.64
2201.03	0.88
2201.34	0.8
2201.66	0.88
2201.98	1.16
2202.29	0.64
2202.61	0.64
2202.93	1.04
2203.24	1.16
2203.56	1.64
2203.88	1.8
2204.19	1.64
2204.51	1.24
2204.83	1.08
2205.14	0.6
2205.46	0.4
2205.78	0.68
2206.09	0.96
2206.41	0.72
2206.72	0.36
2207.04	0.4
2207.36	-0.16
2207.67	-0.28
2207.99	7.21672e-18
2208.31	0.24
2208.62	0.2
2208.94	0.4
2209.25	0.24
2209.57	0.36
2209.89	0.6
2210.2	0.6
2210.52	0.84
2210.83	0.84
2211.15	1
2211.47	0.8
2211.78	0.8
2212.1	0.16
2212.41	0.16
2212.73	0.08
2213.05	0.08
2213.36	0.28
2213.68	1.24
2213.99	1.44
2214.31	1.16
2214.62	1.16
2214.94	1.16
2215.26	0.84
2215.57	0.84
2215.89	0.84
2216.2	1
2216.52	0.88
2216.83	0.76
2217.15	1.2
2217.46	1.36
2217.78	1.08
2218.1	0.84
2218.41	0.84
2218.73	0.28
2219.04	0.32
2219.36	0.36
2219.67	0.52
2219.99	0.44
2220.3	0.48
2220.62	0.28
2220.93	0.16
2221.25	0.48
2221.56	0.52
2221.88	0.44
2222.19	0.44
2222.51	0.44
2222.82	-0.92
2223.14	-1
2223.45	-0.72
2223.77	-0.72
2224.08	-0.44
2224.4	0.88
2224.71	0.96
2225.03	0.68
2225.34	0.72
2225.66	-0.84
2225.97	-0.76
2226.29	-0.6
2226.6	-0.48
2226.92	-0.12
2227.23	1.24
2227.55	0.92
2227.86	0.68
2228.18	0.56
2228.49	0.24
2228.81	0.16
2229.12	0.2
2229.44	0.4
2229.75	0.36
2230.07	0.48
2230.38	0.68
2230.69	0.96
2231.01	0.92
2231.32	1
2231.64	0.8
2231.95	0.6
2232.27	0.24
2232.58	0.24
2232.9	0.32
2233.21	0.36
2233.52	0.36
2233.84	0.76
2234.15	0.8
2234.47	0.68
2234.78	0.88
2235.1	1
2235.41	0.6
2235.72	0.56
2236.04	0.6
2236.35	0.72
2236.67	0.04
2236.98	0.12
2237.29	7.29973e-17
2237.61	0.04
2237.92	-0.32
2238.24	0.24
2238.55	0.24
2238.86	0.36
2239.18	0.36
2239.49	0.08
2239.8	0.16
2240.12	0.12
2240.43	2.4425e-17
2240.75	-0.12
2241.06	0.68
2241.37	1.12
2241.69	1.12
2242	1.08
2242.31	1.4
2242.63	0.88
2242.94	0.56
2243.26	0.32
2243.57	0.32
2243.88	0
2244.2	0.4
2244.51	0.2
2244.82	0.4
2245.14	1.16
2245.45	1.28
2245.76	0.88
2246.08	0.96
2246.39	0.96
2246.7	0.28
2247.02	1.04
2247.33	1.36
2247.64	1.28
2247.96	1.56
2248.27	1.68
2248.58	-0.12
2248.9	-0.24
2249.21	-0.24
2249.52	-0.4
2249.83	-0.52
2250.15	0.48
2250.46	0.28
2250.77	0.28
2251.09	0.24
2251.4	0.2
2251.71	0.56
2252.03	0.8
2252.34	1.04
2252.65	1
2252.96	0.96
2253.28	0.56
2253.59	0.48
2253.9	0.68
2254.21	0.88
2254.53	0.88
2254.84	0.44
2255.15	0.28
2255.47	-0.08
2255.78	-0.12
2256.09	-0.08
2256.4	0.52
2256.72	0.52
2257.03	0.64
2257.34	0.48
2257.65	0.52
2257.97	0.32
2258.28	0.68
2258.59	0.6
2258.9	0.56
2259.22	0.88
2259.53	0.88
2259.84	0.68
2260.15	0.8
2260.46	0.84
2260.78	0.68
2261.09	0.76
2261.4	0.68
2261.71	0.44
2262.03	1.08
2262.34	0.84
2262.65	0.8
2262.96	0.96
2263.27	1.16
2263.59	0.64
2263.9	0.64
2264.21	0.72
2264.52	0.88
2264.83	0.68
2265.15	1
2265.46	1
2265.77	0.88
2266.08	0.8
2266.39	0.88
2266.7	0.4
2267.02	0.52
2267.33	0.32
2267.64	0.16
2267.95	0.36
2268.26	0.6
2268.57	0.52
2268.89	1.2
2269.2	1.28
2269.51	1.12
2269.82	1.08
2270.13	1.12
2270.44	0.92
2270.76	0.4
2271.07	0.36
2271.38	-0.44
2271.69	-0.2
2272	-0.48
2272.31	-0.2
2272.62	-1.08
2272.93	-0.48
2273.25	-0.68
2273.56	-0.64
2273.87	-0.4
2274.18	0.4
2274.49	0.4
2274.8	0.68
2275.11	0.8
2275.42	0.56
2275.74	0.56
2276.05	0.72
2276.36	0.76
2276.67	0.72
2276.98	1.28
2277.29	1.4
2277.6	1.48
2277.91	1.44
2278.22	0.92
2278.53	0.8
2278.85	0.68
2279.16	-0.52
2279.47	-0.68
2279.78	-0.12
2280.09	-0.56
2280.4	-0.16
2280.71	1.28
2281.02	1.12
2281.33	1.4
2281.64	1.44
2281.95	1.04
2282.26	0.68
2282.57	0.64
2282.88	0.2
2283.19	0.24
2283.5	0.36
2283.82	0.24
2284.13	0.2
2284.44	0.56
2284.75	0.04
2285.06	0.04
2285.37	0.04
2285.68	0.2
2285.99	-1.33221e-17
2286.3	0.44
2286.61	0.32
2286.92	0.56
2287.23	0.4
2287.54	0.36
2287.85	0.36
2288.16	0.68
2288.47	0.56
2288.78	0.56
2289.09	0.84
2289.4	0.84
2289.71	0.68
2290.02	0.56
2290.33	0.56
2290.64	0.24
2290.95	0.4
2291.26	0.4
2291.57	0.52
2291.88	0.28
2292.19	0.2
2292.5	0.04
2292.81	-0.12
2293.12	-0.24
2293.43	0
2293.74	0
2294.05	0
2294.36	0
2294.67	0
2294.98	0
2295.29	0
2295.6	0
2295.91	0
2296.21	0
2296.52	0
2296.83	0
2297.14	0
2297.45	0
2297.76	0
2298.07	0
2298.38	0
2298.69	0
2299	0
2299.31	0
2299.62	0
2299.93	0
2300.24	0
2300.55	0
2300.85	0
2301.16	0
2301.47	0
2301.78	0
2302.09	0
2302.4	0
2302.71	0
2303.02	0
2303.33	0
2303.64	0
2303.94	0
2304.25	0
2304.56	0
2304.87	0
2305.18	0
2305.49	0
2305.8	0
2306.11	0
2306.42	0
2306.72	0
2307.03	0
2307.34	0
2307.65	0
2307.96	0
2308.27	0
2308.58	0
2308.88	0
2309.19	0
2309.5	0
2309.81	0
2310.12	0
2310.43	0
2310.74	0
2311.04	0
2311.35	0
2311.66	0
2311.97	0
2312.28	0
2312.59	0
2312.89	0
2313.2	0
2313.51	0
2313.82	0
2314.13	0
2314.43	0
2314.74	0
2315.05	0
2315.36	0
2315.67	0
2315.97	0
2316.28	0
2316.59	0
2316.9	0
2317.21	0
2317.51	0
2317.82	0
2318.13	0
2318.44	0
2318.75	0
2319.05	0
2319.36	0
2319.67	0
2319.98	0
2320.28	0
2320.59	0
2320.9	0
2321.21	0
2321.51	0
2321.82	0
2322.13	0
2322.44	0
2322.74	0
2323.05	0
2323.36	0
2323.67	0
2323.97	0
2324.28	0
2324.59	0
2324.9	0
2325.2	0
2325.51	0
2325.82	0
2326.13	0
2326.43	0
2326.74	0
2327.05	0
2327.35	0
2327.66	0
2327.97	0
2328.27	0
2328.58	0
2328.89	0
2329.2	0
2329.5	0
2329.81	0
2330.12	0
2330.42	0
2330.73	0
2331.04	0
2331.34	0
2331.65	0
2331.96	0
2332.26	0
2332.57	0
2332.88	0
2333.18	0
2333.49	0
2333.8	0
2334.1	0
2334.41	0
2334.72	0
2335.02	0
2335.33	0
2335.64	0
2335.94	0
2336.25	0
2336.56	0
2336.86	0
2337.17	0
2337.48	0
2337.78	0
2338.09	0
2338.39	0
2338.7	0
2339.01	0
2339.31	0
2339.62	0
2339.93	0
2340.23	0
2340.54	0
2340.84	0
2341.15	0
2341.46	0
2341.76	0
2342.07	0
2342.37	0
2342.68	0
2342.99	0
2343.29	0
2343.6	0
2343.9	0
2344.21	0
2344.51	0
2344.82	0
2345.13	0
2345.43	0
2345.74	0
2346.04	0
2346.35	0
2346.65	0
2346.96	0
2347.27	0
2347.57	0
2347.88	0
2348.18	0
2348.49	0
2348.79	0
2349.1	0
2349.4	0
2349.71	0
2350.01	0
2350.32	0
2350.63	0
2350.93	0
2351.24	0
2351.54	0
2351.85	0
2352.15	0
2352.46	0
2352.76	0
2353.07	0
2353.37	0
2353.68	0
2353.98	0
2354.29	0
2354.59	0
2354.9	0
2355.2	0
2355.51	0
2355.81	0
2356.12	0
2356.42	0
2356.73	0
2357.03	0
2357.34	0
2357.64	0
2357.95	0
2358.25	0
2358.55	0
2358.86	0
2359.16	0
2359.47	0
2359.77	0
2360.08	0
2360.38	0
2360.69	0
2360.99	0
2361.3	0
2361.6	0
2361.9	0
2362.21	0
2362.51	0
2362.82	0
2363.12	0
2363.43	0
2363.73	0
2364.04	0
2364.34	0
2364.64	0
2364.95	0
2365.25	0
2365.56	0
2365.86	0
2366.16	0
2366.47	0
2366.77	0
2367.08	0
2367.38	0
2367.68	0
2367.99	0
2368.29	0
2368.6	0
2368.9	0
2369.2	0
2369.51	0
2369.81	0
2370.12	0
2370.42	0
2370.72	0
2371.03	0
2371.33	0
2371.63	0
2371.94	0
2372.24	0
2372.55	0
2372.85	0
2373.15	0
2373.46	0
2373.76	0
2374.06	0
2374.37	0
2374.67	0
2374.97	0
2375.28	0
2375.58	0
2375.88	0
2376.19	0
2376.49	0
2376.79	0
2377.1	0
2377.4	0
2377.7	0
2378.01	0
2378.31	0
2378.61	0
2378.92	0
2379.22	0
2379.52	0
2379.82	0
2380.13	0
2380.43	0
2380.73	0
2381.04	0
2381.34	0
2381.64	0
2381.95	0
2382.25	0
2382.55	0
2382.85	0
2383.16	0
2383.46	0
2383.76	0
2384.06	0
2384.37	0
2384.67	0
2384.97	0
2385.28	0
2385.58	0
2385.88	0
2386.18	0
2386.49	0
2386.79	0
2387.09	0
2387.39	0
2387.69	0
2388	0
2388.3	0
2388.6	0
2388.9	0
2389.21	0
2389.51	0
2389.81	0
2390.11	0
2390.42	0
2390.72	0
2391.02	0
2391.32	0
2391.62	0
2391.93	0
2392.23	0
2392.53	0
2392.83	0
2393.13	0
2393.44	0
2393.74	0
2394.04	0
2394.34	0
2394.64	0
2394.95	0
2395.25	0
2395.55	0
2395.85	0
2396.15	0
2396.45	0
2396.76	0
2397.06	0
2397.36	0
2397.66	0
2397.96	0
2398.26	0
2398.57	0
2398.87	0
2399.17	0
2399.47	0
2399.77	0
2400.07	0
2400.37	0
2400.68	0
2400.98	0
2401.28	0
2401.58	0
2401.88	0
2402.18	0
2402.48	0
2402.79	0
2403.09	0
2403.39	0
2403.69	0
2403.99	0
2404.29	0
2404.59	0
2404.89	0
2405.19	0
2405.5	0
2405.8	0
2406.1	0
2406.4	0
2406.7	0
2407	0
2407.3	0
2407.6	0
2407.9	0
2408.2	0
2408.5	0
2408.8	0
2409.11	0
2409.41	0
2409.71	0
2410.01	0
2410.31	0
2410.61	0
2410.91	0
2411.21	0
2411.51	0
2411.81	0
2412.11	0
2412.41	0
2412.71	0
2413.01	0
2413.31	0
2413.61	0
2413.91	0
2414.21	0
2414.51	0
2414.81	0
2415.12	0
2415.42	0
2415.72	0
2416.02	0
2416.32	0
2416.62	0
2416.92	0
2417.22	0
2417.52	0
2417.82	0
2418.12	0
2418.42	0
2418.72	0
2419.02	0
2419.32	0
2419.62	0
2419.92	0
2420.22	0
2420.52	0
2420.82	0
2421.12	0
2421.42	0
2421.71	0
2422.01	0
2422.31	0
2422.61	0
2422.91	0
2423.21	0
2423.51	0
2423.81	0
2424.11	0
2424.41	0
2424.71	0
2425.01	0
2425.31	0
2425.61	0
2425.91	0
2426.21	0
2426.51	0
2426.81	0
2427.11	0
2427.41	0
2427.7	0
2428	0
2428.3	0
2428.6	0
2428.9	0
2429.2	0
2429.5	0
2429.8	0
2430.1	0
2430.4	0
2430.7	0
2430.99	0
2431.29	0
2431.59	0
2431.89	0
2432.19	0
2432.49	0
2432.79	0
2433.09	0
2433.39	0
2433.68	0
2433.98	0
2434.28	0
2434.58	0
2434.88	0
2435.18	0
2435.48	0
2435.78	0
2436.07	0
2436.37	0
2436.67	0
2436.97	0
2437.27	0
2437.57	0
2437.86	0
2438.16	0
2438.46	0
2438.76	0
2439.06	0
2439.36	0
2439.66	0
2439.95	0
2440.25	0
2440.55	0
2440.85	0
2441.15	0
2441.44	0
2441.74	0
2442.04	0
2442.34	0
2442.64	0
2442.93	0
2443.23	0
2443.53	0
2443.83	0
2444.13	0
2444.42	0
2444.72	0
2445.02	0
2445.32	0
2445.62	0
2445.91	0
2446.21	0
2446.51	0
2446.81	0
2447.1	0
2447.4	0
2447.7	0
2448	0
2448.3	0
2448.59	0
2448.89	0
2449.19	0
2449.49	0
2449.78	0
2450.08	0
2450.38	0
2450.68	0
2450.97	0
2451.27	0
2451.57	0
2451.87	0
2452.16	0
2452.46	0
2452.76	0
2453.05	0
2453.35	0
2453.65	0
2453.95	0
2454.24	0
2454.54	0
2454.84	0
2455.13	0
2455.43	0
2455.73	0
2456.03	0
2456.32	0
2456.62	0
2456.92	0
2457.21	0
2457.51	0
2457.81	0
2458.1	0
2458.4	0
2458.7	0
2458.99	0
2459.29	0
2459.59	0
2459.88	0
2460.18	0
2460.48	0
2460.77	0
2461.07	0
2461.37	0
2461.66	0
2461.96	0
2462.26	0
2462.55	0
2462.85	0
2463.15	0
2463.44	0
2463.74	0
2464.04	0
2464.33	0
2464.63	0
2464.92	0
2465.22	0
2465.52	0
2465.81	0
2466.11	0
2466.41	0
2466.7	0
2467	0
2467.29	0
2467.59	0
2467.89	0
2468.18	0
2468.48	0
2468.77	0
2469.07	0
2469.37	0
2469.66	0
2469.96	0
2470.25	0
2470.55	0
2470.84	0
2471.14	0
2471.44	0
2471.73	0
2472.03	0
2472.32	0
2472.62	0
2472.91	0
2473.21	0
2473.51	0
2473.8	0
2474.1	0
2474.39	0
2474.69	0
2474.98	0
2475.28	0
2475.57	0
2475.87	0
2476.17	0
2476.46	0
2476.76	0
2477.05	0
2477.35	0
2477.64	0
2477.94	0
2478.23	0
2478.53	0
2478.82	0
2479.12	0
2479.41	0
2479.71	0
2480	0
2480.3	0
2480.59	0
2480.89	0
2481.18	0
2481.48	0
2481.77	0
2482.07	0
2482.36	0
2482.66	0
2482.95	0
2483.25	0
2483.54	0
2483.84	0
2484.13	0
2484.43	0
2484.72	0
2485.02	0
2485.31	0
2485.6	0
2485.9	0
2486.19	0
2486.49	0
2486.78	0
2487.08	0
2487.37	0
2487.67	0
2487.96	0
2488.26	0
2488.55	0
2488.84	0
2489.14	0
2489.43	0
2489.73	0
2490.02	0
2490.32	0
2490.61	0
2490.9	0
2491.2	0
2491.49	0
2491.79	0
2492.08	0
2492.37	0
2492.67	0
2492.96	0
2493.26	0
2493.55	0
2493.84	0
2494.14	0
2494.43	0
2494.73	0
2495.02	0
2495.31	0
2495.61	0
2495.9	0
2496.2	0
2496.49	0
2496.78	0
2497.08	0
2497.37	0
2497.66	0
2497.96	0
2498.25	0
2498.54	0
2498.84	0
2499.13	0
2499.43	0
2499.72	0
2500.01	0
2500.31	0
2500.6	0
2500.89	0
2501.19	0
2501.48	0
2501.77	0
2502.07	0
2502.36	0
2502.65	0
2502.95	0
2503.24	0
2503.53	0
2503.82	0
2504.12	0
2504.41	0
2504.7	0
2505	0
2505.29	0
2505.58	0
2505.88	0
2506.17	0
2506.46	0
2506.76	0
2507.05	0
2507.34	0
2507.63	0
2507.93	0
2508.22	0
2508.51	0
2508.8	0
2509.1	0
2509.39	0
2509.68	0
2509.98	0
2510.27	0
2510.56	0
2510.85	0
2511.15	0
2511.44	0
2511.73	0
2512.02	0
2512.32	0
2512.61	0
2512.9	0
2513.19	0
2513.49	0
2513.78	0
2514.07	0
2514.36	0
2514.65	0
2514.95	0
2515.24	0
2515.53	0
2515.82	0
2516.12	0
2516.41	0
2516.7	0
2516.99	0
2517.28	0
2517.58	0
2517.87	0
2518.16	0
2518.45	0
2518.74	0
2519.04	0
2519.33	0
2519.62	0
2519.91	0
2520.2	0
2520.5	0
2520.79	0
2521.08	0
2521.37	0
2521.66	0
2521.95	0
2522.25	0
2522.54	0
2522.83	0
2523.12	0
2523.41	0
2523.7	0
2523.99	0
2524.29	0
2524.58	0
2524.87	0
2525.16	0
2525.45	0
2525.74	0
2526.03	0
2526.33	0
2526.62	0
2526.91	0
2527.2	0
2527.49	0
2527.78	0
2528.07	0
2528.36	0
2528.66	0
2528.95	0
2529.24	0
2529.53	0
2529.82	0
2530.11	0
2530.4	0
2530.69	0
2530.98	0
2531.27	0
2531.57	0
2531.86	0
2532.15	0
2532.44	0
2532.73	0
2533.02	0
2533.31	0
2533.6	0
2533.89	0
2534.18	0
2534.47	0
2534.76	0
2535.05	0
2535.35	0
2535.64	0
2535.93	0
2536.22	0
2536.51	0
2536.8	0
2537.09	0
2537.38	0
2537.67	0
2537.96	0
2538.25	0
2538.54	0
2538.83	0
2539.12	0
2539.41	0
2539.7	0
2539.99	0
2540.28	0
2540.57	0
2540.86	0
2541.15	0
2541.44	0
2541.73	0
2542.02	0
2542.31	0
2542.6	0
2542.89	0
2543.18	0
2543.47	0
2543.76	0
2544.05	0
2544.34	0
2544.63	0
2544.92	0
2545.21	0
2545.5	0
2545.79	0
2546.08	0
2546.37	0
2546.66	0
2546.95	0
2547.24	0
2547.53	0
2547.82	0
2548.11	0
2548.4	0
2548.69	0
2548.98	0
2549.27	0
2549.55	0
2549.84	0
2550.13	0
2550.42	0
2550.71	0
2551	0
2551.29	0
2551.58	0
2551.87	0
2552.16	0
2552.45	0
2552.74	0
2553.03	0
2553.31	0
2553.6	0
2553.89	0
2554.18	0
2554.47	0
2554.76	0
2555.05	0
2555.34	0
2555.63	0
2555.92	0
2556.2	0
2556.49	0
2556.78	0
2557.07	0
2557.36	0
2557.65	0
2557.94	0
2558.23	0
2558.51	0
2558.8	0
2559.09	0
2559.38	0
2559.67	0
2559.96	0
2560.25	0
2560.53	0
2560.82	0
2561.11	0
2561.4	0
2561.69	0
2561.98	0
2562.27	0
2562.55	0
2562.84	0
2563.13	0
2563.42	0
2563.71	0
2564	0
2564.28	0
2564.57	0
2564.86	0
2565.15	0
2565.44	0
2565.72	0
2566.01	0
2566.3	0
2566.59	0
2566.88	0
2567.16	0
2567.45	0
2567.74	0
2568.03	0
2568.32	0
2568.6	0
2568.89	0
2569.18	0
2569.47	0
2569.75	0

