Source: Spectrum Viewer

Chart: Pulse Spectrum

Series: 
Wavelength (nm)	S (a.u.)
1179.9	0
1180.29	0
1180.68	0
1181.06	0
1181.45	0
1181.83	0
1182.22	0
1182.6	0
1182.99	0
1183.38	0
1183.76	0
1184.15	0
1184.53	0
1184.92	0
1185.3	0
1185.69	0
1186.07	0
1186.46	0
1186.85	0
1187.23	0
1187.62	0
1188	0
1188.39	0
1188.77	0
1189.16	0
1189.54	0
1189.93	0
1190.31	0
1190.7	0
1191.08	0
1191.47	0
1191.85	0
1192.24	0
1192.62	0
1193.01	0
1193.39	0
1193.78	0
1194.16	0
1194.55	0
1194.93	0
1195.32	0
1195.7	0
1196.09	0
1196.47	0
1196.86	0
1197.24	0
1197.63	0
1198.01	0
1198.4	0
1198.78	0
1199.16	0
1199.55	0
1199.93	0
1200.32	0
1200.7	0
1201.09	0
1201.47	0
1201.86	0
1202.24	0
1202.63	0
1203.01	0
1203.39	0
1203.78	0
1204.16	0
1204.55	0
1204.93	0
1205.32	0
1205.7	0
1206.08	0
1206.47	0
1206.85	0
1207.24	0
1207.62	0
1208	0
1208.39	0
1208.77	0
1209.16	0
1209.54	0
1209.92	0
1210.31	0
1210.69	0
1211.08	0
1211.46	0
1211.84	0
1212.23	0
1212.61	0
1213	0
1213.38	0
1213.76	0
1214.15	0
1214.53	0
1214.91	0
1215.3	0
1215.68	0
1216.06	0
1216.45	0
1216.83	0
1217.22	0
1217.6	0
1217.98	0
1218.37	0
1218.75	0
1219.13	0
1219.52	0
1219.9	0
1220.28	0
1220.67	0
1221.05	0
1221.43	0
1221.82	0
1222.2	0
1222.58	0
1222.97	0
1223.35	0
1223.73	0
1224.11	0
1224.5	0
1224.88	0
1225.26	0
1225.65	0
1226.03	0
1226.41	0
1226.8	0
1227.18	0
1227.56	0
1227.94	0
1228.33	0
1228.71	0
1229.09	0
1229.47	0
1229.86	0
1230.24	0
1230.62	0
1231.01	0
1231.39	0
1231.77	0
1232.15	0
1232.54	0
1232.92	0
1233.3	0
1233.68	0
1234.07	0
1234.45	0
1234.83	0
1235.21	0
1235.6	0
1235.98	0
1236.36	0
1236.74	0
1237.12	0
1237.51	0
1237.89	0
1238.27	0
1238.65	0
1239.04	0
1239.42	0
1239.8	0
1240.18	0
1240.56	0
1240.95	0
1241.33	0
1241.71	0
1242.09	0
1242.47	0
1242.86	0
1243.24	0
1243.62	0
1244	0
1244.38	0
1244.77	0
1245.15	0
1245.53	0
1245.91	0
1246.29	0
1246.67	0
1247.06	0
1247.44	0
1247.82	0
1248.2	0
1248.58	0
1248.96	0
1249.34	0
1249.73	0
1250.11	0
1250.49	0
1250.87	0
1251.25	0
1251.63	0
1252.01	0
1252.4	0
1252.78	0
1253.16	0
1253.54	0
1253.92	0
1254.3	0
1254.68	0
1255.06	0
1255.45	0
1255.83	0
1256.21	0
1256.59	0
1256.97	0
1257.35	0
1257.73	0
1258.11	0
1258.49	0
1258.87	0
1259.26	0
1259.64	0
1260.02	0
1260.4	0
1260.78	0
1261.16	0
1261.54	0
1261.92	0
1262.3	0
1262.68	0
1263.06	0
1263.44	0
1263.82	0
1264.21	0
1264.59	0
1264.97	0
1265.35	0
1265.73	0
1266.11	0
1266.49	0
1266.87	0
1267.25	0
1267.63	0
1268.01	0
1268.39	0
1268.77	0
1269.15	0
1269.53	0
1269.91	0
1270.29	0
1270.67	0
1271.05	0
1271.43	0
1271.81	0
1272.19	0
1272.57	0
1272.95	0
1273.33	0
1273.71	0
1274.09	0
1274.47	0
1274.85	0
1275.23	0
1275.61	0
1275.99	0
1276.37	0
1276.75	0
1277.13	0
1277.51	0
1277.89	0
1278.27	0
1278.65	0
1279.03	0
1279.41	0
1279.79	0
1280.17	0
1280.55	0
1280.93	0
1281.31	0
1281.69	0
1282.07	0
1282.45	0
1282.82	0
1283.2	0
1283.58	0
1283.96	0
1284.34	0
1284.72	0
1285.1	0
1285.48	0
1285.86	0
1286.24	0
1286.62	0
1287	0
1287.38	0
1287.75	0
1288.13	0
1288.51	0
1288.89	0
1289.27	0
1289.65	0
1290.03	0
1290.41	0
1290.79	0
1291.17	0
1291.54	0
1291.92	0
1292.3	0
1292.68	0
1293.06	0
1293.44	0
1293.82	0
1294.2	0
1294.57	0
1294.95	0
1295.33	0
1295.71	0
1296.09	0
1296.47	0
1296.85	0
1297.22	0
1297.6	0
1297.98	0
1298.36	0
1298.74	0
1299.12	0
1299.5	0
1299.87	0
1300.25	0
1300.63	0
1301.01	0
1301.39	0
1301.77	0
1302.14	0
1302.52	0
1302.9	0
1303.28	0
1303.66	0
1304.03	0
1304.41	0
1304.79	0
1305.17	0
1305.55	0
1305.92	0
1306.3	0
1306.68	0
1307.06	0
1307.44	0
1307.81	0
1308.19	0
1308.57	0
1308.95	0
1309.32	0
1309.7	0
1310.08	0
1310.46	0
1310.84	0
1311.21	0
1311.59	0
1311.97	0
1312.35	0
1312.72	0
1313.1	0
1313.48	0
1313.86	0
1314.23	0
1314.61	0
1314.99	0
1315.37	0
1315.74	0
1316.12	0
1316.5	0
1316.87	0
1317.25	0
1317.63	0
1318.01	0
1318.38	0
1318.76	0
1319.14	0
1319.52	0
1319.89	0
1320.27	0
1320.65	0
1321.02	0
1321.4	0
1321.78	0
1322.15	0
1322.53	0
1322.91	0
1323.29	0
1323.66	0
1324.04	0
1324.42	0
1324.79	0
1325.17	0
1325.55	0
1325.92	0
1326.3	0
1326.68	0
1327.05	0
1327.43	0
1327.81	0
1328.18	0
1328.56	0
1328.94	0
1329.31	0
1329.69	0
1330.06	0
1330.44	0
1330.82	0
1331.19	0
1331.57	0
1331.95	0
1332.32	0
1332.7	0
1333.08	0
1333.45	0
1333.83	0
1334.2	0
1334.58	0
1334.96	0
1335.33	0
1335.71	0
1336.08	0
1336.46	0
1336.84	0
1337.21	0
1337.59	0
1337.96	0
1338.34	0
1338.72	0
1339.09	0
1339.47	0
1339.84	0
1340.22	0
1340.6	0
1340.97	0
1341.35	0
1341.72	0
1342.1	0
1342.47	0
1342.85	0
1343.23	0
1343.6	0
1343.98	0
1344.35	0
1344.73	0
1345.1	0
1345.48	0
1345.85	0
1346.23	0
1346.61	0
1346.98	0
1347.36	0
1347.73	0
1348.11	0
1348.48	0
1348.86	0
1349.23	0
1349.61	0
1349.98	0
1350.36	0
1350.73	0
1351.11	0
1351.48	0
1351.86	0
1352.23	0
1352.61	0
1352.98	0
1353.36	0
1353.73	0
1354.11	0
1354.48	0
1354.86	0
1355.23	0
1355.61	0
1355.98	0
1356.36	0
1356.73	0
1357.11	0
1357.48	0
1357.86	0
1358.23	0
1358.61	0
1358.98	0
1359.35	0
1359.73	0
1360.1	0
1360.48	0
1360.85	0
1361.23	0
1361.6	0
1361.98	0
1362.35	0
1362.72	0
1363.1	0
1363.47	0
1363.85	0
1364.22	0
1364.6	0
1364.97	0
1365.34	0
1365.72	0
1366.09	0
1366.47	0
1366.84	0
1367.22	0
1367.59	0
1367.96	0
1368.34	0
1368.71	0
1369.09	0.48
1369.46	-0.24
1369.83	-0.2
1370.21	-5.55112e-17
1370.58	0.04
1370.96	0.24
1371.33	1
1371.7	1.2
1372.08	1.08
1372.45	1.24
1372.82	0.68
1373.2	0.64
1373.57	0.48
1373.95	0.56
1374.32	0.8
1374.69	1
1375.07	1.2
1375.44	1.16
1375.81	1.2
1376.19	0.76
1376.56	0.52
1376.93	0.36
1377.31	0.32
1377.68	0.12
1378.05	0.12
1378.43	0.12
1378.8	0.4
1379.17	0.68
1379.55	0.68
1379.92	0.72
1380.29	0.88
1380.67	1
1381.04	0.96
1381.41	1
1381.79	1
1382.16	0.76
1382.53	0.32
1382.91	-0.92
1383.28	-0.64
1383.65	-0.6
1384.03	-0.48
1384.4	-0.48
1384.77	0.96
1385.14	0.72
1385.52	0.76
1385.89	0.64
1386.26	1.44
1386.64	1.08
1387.01	1
1387.38	0.88
1387.75	0.88
1388.13	0.2
1388.5	0.36
1388.87	0.4
1389.25	0.4
1389.62	0.2
1389.99	0.04
1390.36	-0.08
1390.74	0.36
1391.11	0.4
1391.48	0.6
1391.85	0.64
1392.23	0.6
1392.6	0.36
1392.97	0.36
1393.34	0.72
1393.72	0.84
1394.09	0.8
1394.46	0.56
1394.83	0.52
1395.21	0.16
1395.58	0.16
1395.95	0.16
1396.32	0.16
1396.69	0.16
1397.07	0.16
1397.44	0.2
1397.81	0.28
1398.18	0.68
1398.55	0.88
1398.93	0.88
1399.3	0.72
1399.67	0.8
1400.04	0.6
1400.41	0.72
1400.79	0.72
1401.16	0.84
1401.53	0.72
1401.9	0.76
1402.27	0.56
1402.65	0.56
1403.02	0.68
1403.39	1.28
1403.76	0.8
1404.13	0.88
1404.51	1
1404.88	0.76
1405.25	0.48
1405.62	0.76
1405.99	0.88
1406.36	0.8
1406.74	1.12
1407.11	0.84
1407.48	1
1407.85	-0.52
1408.22	-0.32
1408.59	-0.64
1408.96	-0.76
1409.34	-0.96
1409.71	0.24
1410.08	0
1410.45	0.2
1410.82	0.68
1411.19	0.76
1411.56	0.76
1411.93	0.76
1412.31	0.56
1412.68	0.08
1413.05	0
1413.42	0
1413.79	0.92
1414.16	1.04
1414.53	1.04
1414.9	0.96
1415.27	1.4
1415.65	0.56
1416.02	0.6
1416.39	0.64
1416.76	0.72
1417.13	0.36
1417.5	0.32
1417.87	0.28
1418.24	0.28
1418.61	0.32
1418.98	0.24
1419.35	0.2
1419.73	0.36
1420.1	0.44
1420.47	0.6
1420.84	0.6
1421.21	0.88
1421.58	0.6
1421.95	0.68
1422.32	0.48
1422.69	0.48
1423.06	0.24
1423.43	0.24
1423.8	0.12
1424.17	0.16
1424.54	0.56
1424.91	0.52
1425.28	0.76
1425.65	0.84
1426.02	0.84
1426.39	0.44
1426.76	-0.12
1427.14	-0.2
1427.51	-0.28
1427.88	-0.32
1428.25	-0.32
1428.62	0.44
1428.99	0.6
1429.36	0.64
1429.73	0.84
1430.1	1.24
1430.47	1.2
1430.84	0.88
1431.21	0.76
1431.58	0.96
1431.95	0.72
1432.32	0.6
1432.69	0.68
1433.06	0.68
1433.43	0.56
1433.8	0.4
1434.17	0.52
1434.54	0.6
1434.91	0.72
1435.28	0.56
1435.64	0.68
1436.01	0.04
1436.38	0.16
1436.75	0.24
1437.12	0.16
1437.49	0.12
1437.86	0.88
1438.23	0.6
1438.6	0.4
1438.97	0.6
1439.34	0.52
1439.71	0.24
1440.08	0.6
1440.45	0.88
1440.82	0.04
1441.19	0.16
1441.56	0.28
1441.93	0.36
1442.3	0.28
1442.67	-0.72
1443.03	-0.84
1443.4	-0.84
1443.77	-1.28
1444.14	-1.12
1444.51	0.48
1444.88	0.68
1445.25	0.56
1445.62	1
1445.99	0.68
1446.36	0.92
1446.73	0.84
1447.09	0.84
1447.46	0.48
1447.83	0.84
1448.2	1
1448.57	0.8
1448.94	1.04
1449.31	1.12
1449.68	0.8
1450.05	0.4
1450.41	0.52
1450.78	0.08
1451.15	2.10945e-17
1451.52	-0.08
1451.89	2.10945e-17
1452.26	-0.04
1452.63	0.16
1453	0.28
1453.36	0.44
1453.73	0.36
1454.1	0.48
1454.47	0.48
1454.84	0.28
1455.21	0.12
1455.57	-0.16
1455.94	-0.28
1456.31	0.04
1456.68	0.04
1457.05	0.04
1457.42	0.44
1457.78	0.88
1458.15	0.56
1458.52	0.64
1458.89	0.64
1459.26	0.84
1459.63	0.4
1459.99	0.64
1460.36	0.88
1460.73	1.16
1461.1	0.88
1461.47	1.4
1461.83	1.32
1462.2	1.12
1462.57	1.36
1462.94	1.84
1463.31	1.32
1463.67	1.84
1464.04	1.64
1464.41	1.36
1464.78	0.36
1465.15	0.44
1465.51	-0.24
1465.88	0.24
1466.25	0.2
1466.62	0.96
1466.98	0.88
1467.35	1
1467.72	0.6
1468.09	0.56
1468.46	0.56
1468.82	0.64
1469.19	0.52
1469.56	0.64
1469.93	0.6
1470.29	0.64
1470.66	0.56
1471.03	0.76
1471.4	0.8
1471.76	0.8
1472.13	0.68
1472.5	1.04
1472.86	1
1473.23	1
1473.6	0.92
1473.97	0.76
1474.33	0.84
1474.7	0.68
1475.07	1.12
1475.44	1.24
1475.8	1
1476.17	0.92
1476.54	1
1476.9	0.4
1477.27	0.4
1477.64	0.6
1478	0.44
1478.37	0.68
1478.74	1.04
1479.11	0.88
1479.47	1.24
1479.84	1.2
1480.21	0.88
1480.57	0.52
1480.94	0.76
1481.31	0.48
1481.67	0.4
1482.04	0.4
1482.41	0.6
1482.77	0.36
1483.14	0.28
1483.51	0.24
1483.87	0.68
1484.24	0.48
1484.61	0.6
1484.97	0.84
1485.34	0.92
1485.71	-0.52
1486.07	-0.28
1486.44	-0.4
1486.81	-0.52
1487.17	-0.6
1487.54	0.52
1487.9	0.28
1488.27	0.6
1488.64	0.36
1489	0.36
1489.37	0.24
1489.74	0.72
1490.1	0.56
1490.47	0.72
1490.83	0.72
1491.2	0.72
1491.57	0.32
1491.93	0.32
1492.3	0.36
1492.66	0.32
1493.03	0.36
1493.4	0.56
1493.76	0.44
1494.13	0.36
1494.49	0.48
1494.86	0.44
1495.23	0.28
1495.59	0.24
1495.96	-1.16
1496.32	-1.28
1496.69	-1.2
1497.06	-0.84
1497.42	-1.64
1497.79	1.33221e-17
1498.15	0.6
1498.52	0.52
1498.88	0.04
1499.25	1
1499.62	0.36
1499.98	-0.24
1500.35	-0.24
1500.71	-0.24
1501.08	-0.16
1501.44	0.24
1501.81	0.36
1502.17	0.44
1502.54	0.44
1502.9	1.08
1503.27	1.52
1503.64	1.44
1504	1.72
1504.37	1.84
1504.73	0.96
1505.1	0.68
1505.46	0.68
1505.83	0.32
1506.19	0.2
1506.56	0.2
1506.92	0.04
1507.29	0.04
1507.65	0.32
1508.02	0.48
1508.38	0.48
1508.75	0.64
1509.11	0.68
1509.48	0.4
1509.84	0.24
1510.21	0.24
1510.57	0.08
1510.94	0.32
1511.3	0.36
1511.67	0.44
1512.03	0.44
1512.4	0.68
1512.76	0.48
1513.13	-0.56
1513.49	-0.44
1513.85	-0.44
1514.22	-0.52
1514.58	-0.64
1514.95	0.4
1515.31	0.6
1515.68	0.76
1516.04	0.64
1516.41	0.96
1516.77	1.28
1517.14	1
1517.5	1
1517.86	1.56
1518.23	1.24
1518.59	1.08
1518.96	1.16
1519.32	1.24
1519.69	0.88
1520.05	1.08
1520.41	1.04
1520.78	0.92
1521.14	0.68
1521.51	0.44
1521.87	0.24
1522.24	0.24
1522.6	0.16
1522.96	0.32
1523.33	0.76
1523.69	0.84
1524.06	0.84
1524.42	0.92
1524.78	0.76
1525.15	0.36
1525.51	0.28
1525.88	0.68
1526.24	0.6
1526.6	0.64
1526.97	0.8
1527.33	1.16
1527.69	0.8
1528.06	0.8
1528.42	0.8
1528.79	0.6
1529.15	-0.52
1529.51	-0.68
1529.88	-0.64
1530.24	-0.64
1530.6	-0.64
1530.97	0.12
1531.33	0.08
1531.69	0.12
1532.06	0.16
1532.42	0.28
1532.78	0.64
1533.15	0.8
1533.51	0.72
1533.87	0.92
1534.24	0.8
1534.6	0.68
1534.96	0.68
1535.33	0.76
1535.69	0.52
1536.05	0.6
1536.42	0.36
1536.78	0.52
1537.14	0.52
1537.51	0.64
1537.87	0.56
1538.23	0.68
1538.6	0.4
1538.96	0.56
1539.32	0.76
1539.68	0.8
1540.05	0.92
1540.41	0.92
1540.77	0.68
1541.14	0.32
1541.5	0.28
1541.86	0.08
1542.23	0.08
1542.59	0.12
1542.95	0.48
1543.31	0.48
1543.68	0.44
1544.04	0.4
1544.4	1.04
1544.76	0.84
1545.13	0.84
1545.49	1.04
1545.85	1.12
1546.21	0.52
1546.58	0.4
1546.94	0.6
1547.3	0.4
1547.66	0.88
1548.03	1.12
1548.39	1.2
1548.75	1.48
1549.11	1.64
1549.48	1.12
1549.84	0.8
1550.2	0.72
1550.56	0.24
1550.93	0.6
1551.29	0.8
1551.65	1.44
1552.01	1.48
1552.37	1.76
1552.74	1.32
1553.1	1.08
1553.46	0.6
1553.82	0.52
1554.18	0.24
1554.55	0.24
1554.91	0.44
1555.27	0.64
1555.63	0.92
1555.99	1.32
1556.36	1.24
1556.72	-0.56
1557.08	-0.4
1557.44	-0.68
1557.8	-0.88
1558.17	-0.44
1558.53	1.16
1558.89	0.64
1559.25	0.68
1559.61	0.48
1559.97	0.24
1560.34	0.32
1560.7	0.52
1561.06	0.48
1561.42	0.6
1561.78	0.72
1562.14	0.36
1562.5	0.2
1562.87	0.44
1563.23	0.32
1563.59	-0.4
1563.95	-0.12
1564.31	-1.33221e-17
1564.67	-0.16
1565.03	-0.04
1565.4	0.52
1565.76	0.72
1566.12	0.8
1566.48	0.72
1566.84	0.64
1567.2	0.48
1567.56	0.08
1567.92	-0.16
1568.29	-0.04
1568.65	0.56
1569.01	0.56
1569.37	0.48
1569.73	0.68
1570.09	0.56
1570.45	0.2
1570.81	0.28
1571.17	0.56
1571.53	0.36
1571.89	0.84
1572.26	0.76
1572.62	0.96
1572.98	0.96
1573.34	1.08
1573.7	0.88
1574.06	0.72
1574.42	0.96
1574.78	1.28
1575.14	1.2
1575.5	0.92
1575.86	0.36
1576.22	-0.04
1576.58	-0.32
1576.94	-0.2
1577.3	0.12
1577.67	1.04
1578.03	1
1578.39	1.04
1578.75	0.88
1579.11	0.64
1579.47	0.24
1579.83	0.24
1580.19	0.48
1580.55	0.48
1580.91	0.8
1581.27	1.32
1581.63	1.4
1581.99	1.08
1582.35	1.36
1582.71	0.96
1583.07	0.56
1583.43	0.48
1583.79	0.56
1584.15	0.32
1584.51	0.44
1584.87	0.52
1585.23	0.52
1585.59	0.52
1585.95	0.48
1586.31	0.44
1586.67	0.24
1587.03	0.28
1587.39	0.28
1587.75	0.4
1588.11	0.32
1588.47	0.4
1588.83	0.44
1589.19	0.36
1589.55	0.24
1589.91	0.24
1590.27	0.16
1590.63	0
1590.99	0.08
1591.35	0.36
1591.71	0.52
1592.07	0.8
1592.42	0.88
1592.78	1.28
1593.14	1.24
1593.5	1.08
1593.86	0.8
1594.22	0.72
1594.58	0.28
1594.94	0.2
1595.3	0.2
1595.66	0.2
1596.02	0.4
1596.38	0.56
1596.74	0.6
1597.1	0.68
1597.46	1
1597.81	0.84
1598.17	1.08
1598.53	0.92
1598.89	0.84
1599.25	1.12
1599.61	1.12
1599.97	0.76
1600.33	0.96
1600.69	0.96
1601.05	0.48
1601.4	0.8
1601.76	0.32
1602.12	0.16
1602.48	0.64
1602.84	0.72
1603.2	0.36
1603.56	1.2
1603.92	1.36
1604.28	0.92
1604.63	0.76
1604.99	0.88
1605.35	0.8
1605.71	0.56
1606.07	0.8
1606.43	0.96
1606.79	0.88
1607.14	0.52
1607.5	0.52
1607.86	0.24
1608.22	0.12
1608.58	0.32
1608.94	0.76
1609.29	0.96
1609.65	1.16
1610.01	1.24
1610.37	1.36
1610.73	1.2
1611.09	1.28
1611.44	1.24
1611.8	1.16
1612.16	0.8
1612.52	0.6
1612.88	0.8
1613.24	0.8
1613.59	0.76
1613.95	0.92
1614.31	0.88
1614.67	0.68
1615.03	0.52
1615.38	0.48
1615.74	0.32
1616.1	0.28
1616.46	0
1616.82	0.08
1617.17	0.08
1617.53	0.08
1617.89	0.24
1618.25	0.28
1618.6	0.24
1618.96	0.32
1619.32	0.36
1619.68	0.2
1620.04	0.64
1620.39	0.68
1620.75	0.72
1621.11	0.68
1621.47	1.28
1621.82	1
1622.18	1.04
1622.54	1.16
1622.9	1.16
1623.25	-0.08
1623.61	0.16
1623.97	0.56
1624.33	0.48
1624.68	0.64
1625.04	1.28
1625.4	0.88
1625.75	0.2
1626.11	0.08
1626.47	0.28
1626.83	0.6
1627.18	0.68
1627.54	0.92
1627.9	1.12
1628.26	0.76
1628.61	0.8
1628.97	0.8
1629.33	1.04
1629.68	0.84
1630.04	0.88
1630.4	-0.08
1630.75	-0.2
1631.11	-0.52
1631.47	-0.44
1631.83	-0.48
1632.18	0.68
1632.54	0.76
1632.9	0.92
1633.25	0.8
1633.61	1.12
1633.97	0.8
1634.32	0.72
1634.68	0.88
1635.04	0.88
1635.39	0.64
1635.75	0.52
1636.11	0.52
1636.46	0.2
1636.82	0.32
1637.18	0.44
1637.53	0.36
1637.89	0.56
1638.25	1.04
1638.6	0.92
1638.96	0.8
1639.31	0.76
1639.67	0.72
1640.03	0.52
1640.38	0.68
1640.74	0.8
1641.1	0.8
1641.45	1.12
1641.81	0.84
1642.16	1.12
1642.52	1.12
1642.88	1.16
1643.23	0.12
1643.59	0.12
1643.95	-0.32
1644.3	-0.44
1644.66	-0.12
1645.01	0.56
1645.37	0.56
1645.73	0.68
1646.08	0.6
1646.44	0.52
1646.79	-0.16
1647.15	0.04
1647.51	-0.04
1647.86	-0.04
1648.22	-0.32
1648.57	-0.56
1648.93	-0.76
1649.28	-0.8
1649.64	-0.72
1650	-0.68
1650.35	0.12
1650.71	0.12
1651.06	0.12
1651.42	0.16
1651.77	-0.04
1652.13	0.24
1652.48	0.24
1652.84	0.32
1653.2	0.2
1653.55	0.36
1653.91	0.08
1654.26	0.08
1654.62	0.44
1654.97	0.44
1655.33	0.44
1655.68	0.6
1656.04	0.92
1656.39	0.64
1656.75	0.64
1657.1	0.64
1657.46	0.56
1657.81	0.24
1658.17	0.72
1658.52	0.76
1658.88	1.12
1659.23	1.28
1659.59	1.32
1659.94	0.88
1660.3	0.88
1660.65	0.88
1661.01	0.64
1661.36	0.64
1661.72	0.44
1662.07	0.72
1662.43	0.44
1662.78	0.6
1663.14	0.84
1663.49	0.84
1663.85	0.8
1664.2	1.04
1664.56	0.88
1664.91	-1.16
1665.27	-0.44
1665.62	-0.68
1665.98	-0.92
1666.33	-0.6
1666.69	1.4
1667.04	1
1667.39	1
1667.75	0.92
1668.1	0.8
1668.46	0.96
1668.81	0.64
1669.17	0.84
1669.52	1.24
1669.88	1.04
1670.23	0.76
1670.58	1.2
1670.94	1.04
1671.29	1.28
1671.65	1.6
1672	2.08
1672.36	1.92
1672.71	2.04
1673.06	1.96
1673.42	1.56
1673.77	1.24
1674.13	1.76
1674.48	1.56
1674.83	1.84
1675.19	2.16
1675.54	2.12
1675.9	1.76
1676.25	1.76
1676.6	1.96
1676.96	2.2
1677.31	2.28
1677.67	2.2
1678.02	2.96
1678.37	2.36
1678.73	2.16
1679.08	3.08
1679.43	4.2
1679.79	4.28
1680.14	4.64
1680.5	4.88
1680.85	4.28
1681.2	4.24
1681.56	4.8
1681.91	5.56
1682.26	5.68
1682.62	6.2
1682.97	6.48
1683.32	7.16
1683.68	5.92
1684.03	6.68
1684.38	7.56
1684.74	6.88
1685.09	5.84
1685.44	6.8
1685.8	7.36
1686.15	6.96
1686.5	7.72
1686.86	8.24
1687.21	8.48
1687.56	7.68
1687.92	8.52
1688.27	8.96
1688.62	9.2
1688.98	9.2
1689.33	10.44
1689.68	9.64
1690.03	9.44
1690.39	10.16
1690.74	10.36
1691.09	10.2
1691.45	10.6
1691.8	11.72
1692.15	11.96
1692.5	13
1692.86	13.76
1693.21	14.08
1693.56	15.92
1693.92	15.76
1694.27	16.32
1694.62	17.52
1694.97	17.68
1695.33	18.2
1695.68	20.28
1696.03	20.24
1696.38	18.2
1696.74	18.08
1697.09	15
1697.44	13.64
1697.79	13.92
1698.15	15.08
1698.5	15.84
1698.85	17.6
1699.2	16.64
1699.56	15.36
1699.91	15.76
1700.26	18.4
1700.61	18.88
1700.97	19.36
1701.32	21.48
1701.67	23.36
1702.02	21.24
1702.37	20.36
1702.73	21.56
1703.08	20
1703.43	16.36
1703.78	17.12
1704.13	16.6
1704.49	16.72
1704.84	17.28
1705.19	18.52
1705.54	18.08
1705.89	17.92
1706.25	17.72
1706.6	18.76
1706.95	19.92
1707.3	19.32
1707.65	19.76
1708.01	20.28
1708.36	18.68
1708.71	16.52
1709.06	16.4
1709.41	16.8
1709.76	14.64
1710.12	14.8
1710.47	16.36
1710.82	15.96
1711.17	14.48
1711.52	14.88
1711.87	14.4
1712.23	13.36
1712.58	14.12
1712.93	14.2
1713.28	15.6
1713.63	15.32
1713.98	15.68
1714.33	16.16
1714.69	15.64
1715.04	15.96
1715.39	17.96
1715.74	17.76
1716.09	18.44
1716.44	20.16
1716.79	20
1717.14	18.8
1717.5	18.96
1717.85	16.2
1718.2	15.96
1718.55	14.16
1718.9	15.56
1719.25	16.16
1719.6	18.24
1719.95	18.04
1720.3	19.92
1720.65	19.4
1721.01	19.92
1721.36	19.2
1721.71	20.72
1722.06	20.96
1722.41	20.52
1722.76	21.72
1723.11	23.92
1723.46	24.48
1723.81	25.4
1724.16	27.48
1724.51	28.28
1724.86	26.84
1725.21	26.36
1725.56	27.28
1725.92	27.96
1726.27	26.04
1726.62	27.08
1726.97	28
1727.32	27.16
1727.67	27.24
1728.02	28.2
1728.37	29
1728.72	31.24
1729.07	33.48
1729.42	33.48
1729.77	33.8
1730.12	35.8
1730.47	35.56
1730.82	36
1731.17	36.88
1731.52	38.92
1731.87	37.68
1732.22	37.8
1732.57	37.2
1732.92	39.32
1733.27	40.16
1733.62	42.2
1733.97	43.4
1734.32	43.44
1734.67	44.92
1735.02	44.92
1735.37	45.52
1735.72	44.92
1736.07	47.24
1736.42	45.92
1736.77	47.32
1737.12	47.6
1737.47	48
1737.82	46.92
1738.17	47.24
1738.52	45.28
1738.87	45.68
1739.22	46
1739.57	45.32
1739.92	45.52
1740.27	46.36
1740.62	45.16
1740.97	44.76
1741.32	46.28
1741.67	44.88
1742.02	43.08
1742.37	45.28
1742.72	46.8
1743.06	45.92
1743.41	45.52
1743.76	46.96
1744.11	42.04
1744.46	39.48
1744.81	39.6
1745.16	40.8
1745.51	40.84
1745.86	42.32
1746.21	42.36
1746.56	42.84
1746.91	41.88
1747.26	40.56
1747.6	39.84
1747.95	37.92
1748.3	33.48
1748.65	30.8
1749	30.24
1749.35	30.16
1749.7	31.64
1750.05	32.28
1750.4	31.8
1750.75	29.84
1751.09	26.04
1751.44	22.68
1751.79	22.2
1752.14	20.12
1752.49	20.44
1752.84	22.76
1753.19	22.16
1753.54	20.28
1753.88	21.04
1754.23	19.16
1754.58	18.84
1754.93	18
1755.28	16.6
1755.63	16.76
1755.98	15.48
1756.32	12.36
1756.67	11.68
1757.02	11.04
1757.37	8.76
1757.72	7.92
1758.07	7.8
1758.42	8.92
1758.76	10.28
1759.11	9.12
1759.46	9.04
1759.81	10.24
1760.16	7.56
1760.5	6.84
1760.85	7.44
1761.2	7.56
1761.55	6.12
1761.9	7.6
1762.25	8.56
1762.59	10.48
1762.94	9.96
1763.29	9.32
1763.64	9.68
1763.99	10.52
1764.33	8.48
1764.68	9.56
1765.03	11.36
1765.38	11.36
1765.73	9.56
1766.07	10.56
1766.42	16.44
1766.77	18.52
1767.12	20.6
1767.46	23.52
1767.81	25.6
1768.16	24.96
1768.51	24.84
1768.85	28.92
1769.2	33.04
1769.55	35.48
1769.9	36.48
1770.25	41.92
1770.59	44.6
1770.94	45.44
1771.29	51.76
1771.64	58.88
1771.98	60.12
1772.33	63
1772.68	70.4
1773.02	72.84
1773.37	78.16
1773.72	85.12
1774.07	89.16
1774.41	93.92
1774.76	99.68
1775.11	100.16
1775.46	104.24
1775.8	108.92
1776.15	110.36
1776.5	117.12
1776.84	123.68
1777.19	131
1777.54	142.92
1777.89	153.08
1778.23	160.96
1778.58	173.72
1778.93	179.2
1779.27	183.8
1779.62	188.92
1779.97	194.76
1780.31	194.52
1780.66	199.56
1781.01	203
1781.35	214.32
1781.7	221.24
1782.05	231.12
1782.39	247.76
1782.74	257.16
1783.09	267.6
1783.43	281.28
1783.78	287.96
1784.13	302.4
1784.47	308.32
1784.82	307.04
1785.17	311.4
1785.51	319.96
1785.86	327.64
1786.21	355.2
1786.55	371.4
1786.9	389.16
1787.25	408.72
1787.59	414.52
1787.94	417.56
1788.29	421.76
1788.63	423.84
1788.98	431.36
1789.32	430.68
1789.67	427.64
1790.02	420.44
1790.36	426.4
1790.71	459.16
1791.06	486.52
1791.4	518.16
1791.75	571.84
1792.09	609.92
1792.44	630.88
1792.79	650.56
1793.13	672.84
1793.48	698.92
1793.82	697.8
1794.17	686.64
1794.52	695.24
1794.86	665.72
1795.21	634.52
1795.55	600
1795.9	542.08
1796.24	587.6
1796.59	666.64
1796.94	730.08
1797.28	813.76
1797.63	880.24
1797.97	855.84
1798.32	820.64
1798.66	810.96
1799.01	822.8
1799.36	820.44
1799.7	835.28
1800.05	868
1800.39	822.76
1800.74	846.84
1801.08	963.68
1801.43	1008.4
1801.77	1017.04
1802.12	1068.28
1802.46	1074.16
1802.81	1033.88
1803.15	1000.28
1803.5	1001.32
1803.85	977.88
1804.19	912.52
1804.54	916.88
1804.88	923
1805.23	882.4
1805.57	946.52
1805.92	1050.32
1806.26	1061.16
1806.61	1051.2
1806.95	1124.16
1807.3	1219.28
1807.64	1256.08
1807.99	1276.28
1808.33	1314.64
1808.68	1258.44
1809.02	1222.96
1809.37	1258.8
1809.71	1298.8
1810.06	1347.64
1810.4	1391.84
1810.75	1295.76
1811.09	1275.88
1811.43	1365.56
1811.78	1470
1812.12	1628.24
1812.47	1781.52
1812.81	1785
1813.16	1745.2
1813.5	1688.68
1813.85	1604.16
1814.19	1577.4
1814.54	1540.76
1814.88	1454.96
1815.23	1380.84
1815.57	1279.16
1815.91	1099.72
1816.26	1056.36
1816.6	1161.88
1816.95	1217.36
1817.29	1325.44
1817.64	1518.68
1817.98	1664.04
1818.32	1741.24
1818.67	1841
1819.01	1903.92
1819.36	1940.8
1819.7	1870.84
1820.05	1746.48
1820.39	1741.56
1820.73	1726.12
1821.08	1682.92
1821.42	1702.68
1821.77	1701.76
1822.11	1533.72
1822.45	1438.16
1822.8	1442.44
1823.14	1335.84
1823.49	1281.52
1823.83	1489.84
1824.17	1685.04
1824.52	1768.56
1824.86	1950.76
1825.2	2037.44
1825.55	1930.68
1825.89	1772.2
1826.24	1626.44
1826.58	1628.44
1826.92	1709.48
1827.27	1742.76
1827.61	1838.64
1827.95	1958.88
1828.3	1872.68
1828.64	1746.48
1828.98	1658.8
1829.33	1475.72
1829.67	1467.16
1830.02	1573.24
1830.36	1620.68
1830.7	1775.8
1831.05	2010.64
1831.39	2015.16
1831.73	1958.6
1832.08	2002.68
1832.42	1906.68
1832.76	1810.88
1833.1	1794.4
1833.45	1730.56
1833.79	1626.68
1834.13	1602.44
1834.48	1593.6
1834.82	1569.16
1835.16	1610.76
1835.51	1626.8
1835.85	1614.68
1836.19	1601.32
1836.54	1514.68
1836.88	1397.44
1837.22	1278.84
1837.56	1157.44
1837.91	1074.84
1838.25	1148.96
1838.59	1277.6
1838.94	1383.88
1839.28	1477.08
1839.62	1477.88
1839.96	1423.08
1840.31	1302.44
1840.65	1191.68
1840.99	1087.64
1841.34	1201.68
1841.68	1303.88
1842.02	1392.08
1842.36	1527.48
1842.71	1613.44
1843.05	1430.72
1843.39	1306.52
1843.73	1341.72
1844.08	1368.6
1844.42	1480.16
1844.76	1692.24
1845.1	1756.32
1845.45	1656.16
1845.79	1601.76
1846.13	1556.08
1846.47	1473.36
1846.81	1408.12
1847.16	1381.24
1847.5	1367
1847.84	1397.96
1848.18	1437.16
1848.53	1479.84
1848.87	1531.12
1849.21	1538.64
1849.55	1444.76
1849.89	1372.4
1850.24	1323.76
1850.58	1262.32
1850.92	1211.52
1851.26	1185.6
1851.6	1149.96
1851.95	1127.76
1852.29	1119.2
1852.63	1080.68
1852.97	1051.12
1853.31	1007.4
1853.66	945.28
1854	916.16
1854.34	883.04
1854.68	891.64
1855.02	917.24
1855.36	956.36
1855.71	934.8
1856.05	938.92
1856.39	895.6
1856.73	835.84
1857.07	788.84
1857.41	778.84
1857.76	764
1858.1	745
1858.44	722.12
1858.78	704.64
1859.12	671.52
1859.46	639.36
1859.8	592.2
1860.15	550.04
1860.49	521.68
1860.83	553.44
1861.17	593
1861.51	607.48
1861.85	629.36
1862.19	610.84
1862.53	551.64
1862.88	511.64
1863.22	503.52
1863.56	494.12
1863.9	494.08
1864.24	507.84
1864.58	480.84
1864.92	466.32
1865.26	458.4
1865.6	448.44
1865.94	408.8
1866.29	383.2
1866.63	358.08
1866.97	327.88
1867.31	301.08
1867.65	277.24
1867.99	272.08
1868.33	254.2
1868.67	232.32
1869.01	216.84
1869.35	229.04
1869.69	251.48
1870.03	275.36
1870.37	308.08
1870.72	344.04
1871.06	341.4
1871.4	303.36
1871.74	263.48
1872.08	224
1872.42	206.96
1872.76	216.36
1873.1	230.48
1873.44	239.32
1873.78	238.72
1874.12	207.2
1874.46	165.24
1874.8	154
1875.14	166.96
1875.48	176.68
1875.82	186.44
1876.16	198.8
1876.5	196.08
1876.84	186.96
1877.18	179.48
1877.52	176.6
1877.86	161.28
1878.2	136.8
1878.54	113.68
1878.88	104.6
1879.22	95.24
1879.56	88.12
1879.9	82.12
1880.24	74.8
1880.58	64.08
1880.92	65.24
1881.26	68.12
1881.6	64.76
1881.94	58.36
1882.28	52.92
1882.62	43.16
1882.96	45.36
1883.3	57.12
1883.64	66.96
1883.98	73.16
1884.32	75.2
1884.66	66.16
1885	48.88
1885.34	40.92
1885.68	36.2
1886.02	32.88
1886.36	27.88
1886.7	30.24
1887.04	27.36
1887.38	25.92
1887.72	23.12
1888.06	20.08
1888.39	15.44
1888.73	14.96
1889.07	21.48
1889.41	28.16
1889.75	28.76
1890.09	35.68
1890.43	44.28
1890.77	42.2
1891.11	34.96
1891.45	37.28
1891.79	29.88
1892.13	20.64
1892.47	14.88
1892.8	14.6
1893.14	13.16
1893.48	14.76
1893.82	14.48
1894.16	14.48
1894.5	12.8
1894.84	14.08
1895.18	13.72
1895.52	14
1895.86	14.12
1896.19	17.8
1896.53	17.44
1896.87	17.2
1897.21	17.32
1897.55	18.32
1897.89	20.56
1898.23	26.2
1898.57	29.36
1898.9	30
1899.24	32.76
1899.58	30.36
1899.92	27.12
1900.26	25.44
1900.6	28.28
1900.94	27.08
1901.27	30.32
1901.61	32.4
1901.95	36.56
1902.29	39.64
1902.63	43.36
1902.97	46.48
1903.3	50.08
1903.64	52.04
1903.98	50.8
1904.32	50.28
1904.66	49.52
1905	49.4
1905.33	50
1905.67	54.44
1906.01	58.28
1906.35	59.64
1906.69	58.88
1907.02	58.68
1907.36	58.44
1907.7	59.8
1908.04	63.4
1908.38	66.44
1908.71	69.24
1909.05	71.92
1909.39	72.36
1909.73	72.12
1910.07	70.72
1910.4	69.8
1910.74	68.12
1911.08	69.36
1911.42	68.84
1911.76	71.08
1912.09	74.6
1912.43	78.32
1912.77	79.68
1913.11	85.36
1913.44	89.24
1913.78	89.44
1914.12	90.8
1914.46	92.44
1914.79	93.04
1915.13	91.64
1915.47	93.4
1915.81	90.8
1916.14	90.68
1916.48	87.24
1916.82	89.04
1917.16	88.96
1917.49	90.08
1917.83	88.12
1918.17	93.92
1918.5	95.84
1918.84	99.64
1919.18	105.8
1919.52	110.6
1919.85	106.8
1920.19	109.68
1920.53	112.52
1920.87	114.12
1921.2	119.6
1921.54	127.12
1921.88	128.4
1922.21	127.2
1922.55	126.6
1922.89	124.16
1923.22	119.6
1923.56	118.12
1923.9	115.28
1924.23	116.04
1924.57	117.6
1924.91	122.96
1925.25	120.88
1925.58	123.8
1925.92	122.68
1926.26	125.24
1926.59	124.4
1926.93	127.84
1927.27	127.8
1927.6	130.36
1927.94	129.96
1928.28	131.12
1928.61	131.08
1928.95	135.08
1929.29	135.08
1929.62	131.36
1929.96	127.96
1930.29	128.32
1930.63	124.8
1930.97	121.84
1931.3	124.68
1931.64	125.8
1931.98	128.08
1932.31	130.32
1932.65	131.36
1932.99	128.92
1933.32	130.84
1933.66	129.6
1933.99	128.4
1934.33	132.32
1934.67	134.8
1935	134.48
1935.34	133.8
1935.67	134.96
1936.01	133.16
1936.35	135.2
1936.68	137.64
1937.02	140.56
1937.35	141.68
1937.69	142.32
1938.03	141.8
1938.36	137
1938.7	136.76
1939.03	134.2
1939.37	132.36
1939.7	133.08
1940.04	135.48
1940.38	135.48
1940.71	141.96
1941.05	141.16
1941.38	135.88
1941.72	135.76
1942.05	135.04
1942.39	129.04
1942.73	129.36
1943.06	131.8
1943.4	130.4
1943.73	128.36
1944.07	127.96
1944.4	127.64
1944.74	124.76
1945.07	122.04
1945.41	118.96
1945.74	114.96
1946.08	116.28
1946.42	116.96
1946.75	117.24
1947.09	118.96
1947.42	121.4
1947.76	116.12
1948.09	116.36
1948.43	113.2
1948.76	110.84
1949.1	108.88
1949.43	110.4
1949.77	105.68
1950.1	108.32
1950.44	107.56
1950.77	108.72
1951.11	107.12
1951.44	110.8
1951.78	107.84
1952.11	107.84
1952.45	103.36
1952.78	102.68
1953.12	98.32
1953.45	96.64
1953.79	95.76
1954.12	96.48
1954.46	97.4
1954.79	95.88
1955.12	93.48
1955.46	90.52
1955.79	92.36
1956.13	87.84
1956.46	89.68
1956.8	86.56
1957.13	82.76
1957.47	77.2
1957.8	75.72
1958.14	70.28
1958.47	69.72
1958.8	72.64
1959.14	69.92
1959.47	67.68
1959.81	68.24
1960.14	74
1960.48	70.32
1960.81	73.64
1961.14	74.12
1961.48	73.48
1961.81	69.6
1962.15	71.96
1962.48	69.16
1962.82	65.28
1963.15	60.2
1963.48	59.32
1963.82	55.8
1964.15	52.48
1964.49	53.36
1964.82	57
1965.15	52.44
1965.49	49
1965.82	46.96
1966.16	44.8
1966.49	41.36
1966.82	43.12
1967.16	43.44
1967.49	41.96
1967.83	38.96
1968.16	37.4
1968.49	35.76
1968.83	33.48
1969.16	31.24
1969.49	32.16
1969.83	32.12
1970.16	30.32
1970.49	30.36
1970.83	33.2
1971.16	34.84
1971.5	32.72
1971.83	32.84
1972.16	30.28
1972.5	30.36
1972.83	27.8
1973.16	30.24
1973.5	31.24
1973.83	32.52
1974.16	30.2
1974.5	28.72
1974.83	26.44
1975.16	23.4
1975.5	23.72
1975.83	22.44
1976.16	24.64
1976.49	23.12
1976.83	25.68
1977.16	25.76
1977.49	27.84
1977.83	24.88
1978.16	25.36
1978.49	22.64
1978.83	20.16
1979.16	18.04
1979.49	18.32
1979.83	17.28
1980.16	17.76
1980.49	17.2
1980.82	16.16
1981.16	15.52
1981.49	14.84
1981.82	13.12
1982.15	12.84
1982.49	13.32
1982.82	14.6
1983.15	16.32
1983.49	15.48
1983.82	16.4
1984.15	15.84
1984.48	16.92
1984.82	15
1985.15	16.92
1985.48	16.8
1985.81	18.04
1986.15	15.6
1986.48	15.84
1986.81	14.48
1987.14	15.24
1987.48	15.08
1987.81	17.56
1988.14	19.68
1988.47	20.12
1988.81	19.96
1989.14	20.6
1989.47	18.44
1989.8	15.92
1990.13	15.2
1990.47	14.68
1990.8	14.44
1991.13	14.24
1991.46	15.4
1991.79	15.64
1992.13	15.24
1992.46	14.52
1992.79	14.76
1993.12	16.2
1993.45	16.24
1993.79	19.04
1994.12	19.8
1994.45	19.68
1994.78	18.6
1995.11	21.28
1995.45	20.72
1995.78	20.44
1996.11	21.64
1996.44	21.8
1996.77	20.28
1997.1	19.32
1997.44	19.96
1997.77	21.08
1998.1	19.96
1998.43	18.76
1998.76	18.64
1999.09	17.72
1999.43	15.84
1999.76	17.12
2000.09	17.24
2000.42	16.48
2000.75	15.32
2001.08	15.6
2001.41	14.04
2001.75	14.2
2002.08	15.24
2002.41	16.64
2002.74	17.56
2003.07	17.76
2003.4	16.6
2003.73	15.72
2004.06	16.12
2004.4	15.24
2004.73	13.64
2005.06	15.36
2005.39	15.52
2005.72	14.68
2006.05	14.12
2006.38	16.92
2006.71	15.4
2007.04	14.24
2007.37	12.56
2007.71	11.36
2008.04	9.32
2008.37	9.28
2008.7	9.28
2009.03	9.2
2009.36	8.24
2009.69	8
2010.02	7.16
2010.35	6.8
2010.68	8.2
2011.01	9.12
2011.34	9.12
2011.67	9.28
2012.01	8.68
2012.34	7.24
2012.67	6.6
2013	5.64
2013.33	4.88
2013.66	4.68
2013.99	5.72
2014.32	6.08
2014.65	6.24
2014.98	8.2
2015.31	7.84
2015.64	6.6
2015.97	6.56
2016.3	6.36
2016.63	4.6
2016.96	5.56
2017.29	4.32
2017.62	4.36
2017.95	4.32
2018.28	3.84
2018.61	3.16
2018.94	5.08
2019.27	4.44
2019.6	4.24
2019.93	4.12
2020.26	3.88
2020.59	3.24
2020.92	3.16
2021.25	3.32
2021.58	3.36
2021.91	4.24
2022.24	4.44
2022.57	4.28
2022.9	4.68
2023.23	4.6
2023.56	4.12
2023.89	4.48
2024.22	5
2024.55	4.56
2024.88	4.96
2025.21	5.16
2025.54	4.12
2025.87	4.36
2026.2	4.28
2026.53	4.96
2026.86	5.16
2027.19	6.32
2027.52	7.24
2027.85	8.32
2028.18	8.64
2028.51	8.12
2028.84	7.52
2029.16	6.64
2029.49	6.64
2029.82	7.4
2030.15	8.12
2030.48	7.44
2030.81	7.56
2031.14	6.2
2031.47	5.12
2031.8	5.04
2032.13	6.88
2032.46	6.84
2032.79	6.72
2033.12	5.92
2033.44	5.08
2033.77	3.08
2034.1	2.08
2034.43	2.32
2034.76	2.4
2035.09	3.76
2035.42	5.16
2035.75	5.52
2036.08	5.08
2036.41	5
2036.73	4.72
2037.06	4.48
2037.39	3.92
2037.72	4.32
2038.05	4.6
2038.38	3.84
2038.71	3.08
2039.04	3.48
2039.36	4.04
2039.69	3.88
2040.02	3.44
2040.35	3.92
2040.68	3.64
2041.01	2.56
2041.34	2.88
2041.66	3.04
2041.99	3.4
2042.32	3.28
2042.65	5
2042.98	4.96
2043.31	5.16
2043.63	4.8
2043.96	5.08
2044.29	3.84
2044.62	3.88
2044.95	3.52
2045.28	2.84
2045.6	2.32
2045.93	2.8
2046.26	2.12
2046.59	1.72
2046.92	2.48
2047.24	3.48
2047.57	2.72
2047.9	3.36
2048.23	4.04
2048.56	3.04
2048.88	2.24
2049.21	2.64
2049.54	2.24
2049.87	1.72
2050.2	2.44
2050.52	2.72
2050.85	2.24
2051.18	2.52
2051.51	3.4
2051.83	3.08
2052.16	3.04
2052.49	3.2
2052.82	3
2053.15	2.2
2053.47	1.8
2053.8	1.44
2054.13	1.2
2054.46	0.96
2054.78	0.64
2055.11	1.08
2055.44	0.92
2055.77	1.12
2056.09	0.92
2056.42	1.04
2056.75	0.88
2057.08	1.16
2057.4	1.32
2057.73	1.48
2058.06	1.48
2058.38	1.12
2058.71	1
2059.04	0.64
2059.37	0.6
2059.69	1.08
2060.02	1.32
2060.35	1.48
2060.67	1.92
2061	2.12
2061.33	1.32
2061.66	1.04
2061.98	0.96
2062.31	1.04
2062.64	0.76
2062.96	1.04
2063.29	1.4
2063.62	1.6
2063.94	1.68
2064.27	2.04
2064.6	1.36
2064.92	1.08
2065.25	1.08
2065.58	0.56
2065.91	0.04
2066.23	0.88
2066.56	1.04
2066.89	0.68
2067.21	0.84
2067.54	1.28
2067.87	1.56
2068.19	1.36
2068.52	1.84
2068.84	1.92
2069.17	1.6
2069.5	1.88
2069.82	1.64
2070.15	1.32
2070.48	1.04
2070.8	1.68
2071.13	1.16
2071.46	2.16
2071.78	2
2072.11	2
2072.43	1.64
2072.76	1.92
2073.09	1.92
2073.41	2
2073.74	1.92
2074.07	1.72
2074.39	1.8
2074.72	1.76
2075.04	1.96
2075.37	2.24
2075.7	2.56
2076.02	1.96
2076.35	1.28
2076.67	1.76
2077	1.84
2077.33	1.84
2077.65	2.4
2077.98	2.84
2078.3	2.16
2078.63	2.08
2078.95	1.76
2079.28	1.48
2079.61	0.36
2079.93	0.36
2080.26	0.32
2080.58	1.04
2080.91	1.2
2081.23	1.92
2081.56	2.4
2081.89	2.24
2082.21	1.88
2082.54	1.8
2082.86	1.92
2083.19	1.76
2083.51	1.72
2083.84	1.16
2084.16	0.92
2084.49	1.16
2084.81	0.92
2085.14	0.92
2085.46	1.36
2085.79	1.28
2086.12	1.48
2086.44	1.68
2086.77	1.72
2087.09	1.96
2087.42	2.04
2087.74	1.6
2088.07	1.24
2088.39	1.4
2088.72	0.8
2089.04	0.84
2089.37	0.76
2089.69	1.08
2090.02	1.16
2090.34	0.8
2090.67	1.24
2090.99	-1
2091.32	-0.84
2091.64	-0.68
2091.97	-0.2
2092.29	-0.64
2092.62	1.6
2092.94	2.12
2093.26	2.12
2093.59	2.08
2093.91	1.52
2094.24	1.56
2094.56	0.68
2094.89	0.52
2095.21	0.4
2095.54	1.4
2095.86	1.44
2096.19	1.64
2096.51	1.64
2096.84	1.6
2097.16	1
2097.48	0.92
2097.81	0.6
2098.13	0.64
2098.46	0.48
2098.78	0.6
2099.11	0.64
2099.43	0.88
2099.75	0.68
2100.08	1.24
2100.4	1.36
2100.73	1.36
2101.05	2
2101.38	1.92
2101.7	1.52
2102.02	1.56
2102.35	1.88
2102.67	1.52
2103	1.56
2103.32	1.76
2103.64	1.76
2103.97	1.6
2104.29	1.12
2104.62	1.04
2104.94	1.2
2105.26	0.64
2105.59	0.44
2105.91	0.52
2106.23	0.48
2106.56	0.72
2106.88	1.2
2107.21	1.2
2107.53	1.16
2107.85	1.12
2108.18	0.56
2108.5	0.52
2108.82	0.84
2109.15	0.92
2109.47	0.88
2109.79	1
2110.12	1.24
2110.44	0.76
2110.76	0.76
2111.09	0.8
2111.41	0.84
2111.73	0.96
2112.06	0.96
2112.38	1.12
2112.7	0.92
2113.03	0.72
2113.35	0.64
2113.67	0.76
2114	0.48
2114.32	0.72
2114.64	0.8
2114.97	0.36
2115.29	0.68
2115.61	0.84
2115.94	1.08
2116.26	1.2
2116.58	1.8
2116.91	0.36
2117.23	0.36
2117.55	0.28
2117.87	0.64
2118.2	0.12
2118.52	1.32
2118.84	1.24
2119.17	1.04
2119.49	0.76
2119.81	0.84
2120.13	0.76
2120.46	0.92
2120.78	0.36
2121.1	0.08
2121.42	-7.66057e-17
2121.75	-0.08
2122.07	-0.36
2122.39	0.68
2122.72	1.64
2123.04	1.52
2123.36	2.12
2123.68	2.52
2124.01	2
2124.33	1.16
2124.65	1.2
2124.97	0.64
2125.29	0.4
2125.62	0.76
2125.94	0.8
2126.26	0.76
2126.58	1.28
2126.91	0.48
2127.23	0.2
2127.55	0.28
2127.87	0.32
2128.2	-0.24
2128.52	0.64
2128.84	0.72
2129.16	0.88
2129.48	1.2
2129.81	1.32
2130.13	1.4
2130.45	1.8
2130.77	1.4
2131.09	1.4
2131.42	1.48
2131.74	1.44
2132.06	1.24
2132.38	1.72
2132.7	1.72
2133.02	1.64
2133.35	1.6
2133.67	1.4
2133.99	1.24
2134.31	0.84
2134.63	0.8
2134.96	0.92
2135.28	1.08
2135.6	0.92
2135.92	1.28
2136.24	1.16
2136.56	0.84
2136.88	0.72
2137.21	1
2137.53	0.92
2137.85	0.92
2138.17	0.52
2138.49	0.44
2138.81	0.8
2139.13	0.64
2139.46	0.84
2139.78	1.36
2140.1	1.52
2140.42	0.92
2140.74	1.12
2141.06	1.48
2141.38	1.48
2141.7	1.92
2142.03	1.72
2142.35	1.88
2142.67	1.44
2142.99	1.48
2143.31	0.76
2143.63	0.84
2143.95	0.68
2144.27	0.76
2144.59	0.56
2144.91	0.6
2145.24	1.12
2145.56	0.92
2145.88	0.72
2146.2	0.8
2146.52	0.84
2146.84	0.48
2147.16	0.48
2147.48	0.88
2147.8	0.8
2148.12	0.72
2148.44	0.6
2148.76	0.72
2149.08	0.44
2149.41	0.72
2149.73	0.72
2150.05	1.04
2150.37	1.12
2150.69	1.28
2151.01	1
2151.33	1.2
2151.65	0.96
2151.97	0.68
2152.29	1.2
2152.61	1
2152.93	1.08
2153.25	1.36
2153.57	1.4
2153.89	0.6
2154.21	0.4
2154.53	0.24
2154.85	-0.24
2155.17	-0.04
2155.49	-0.24
2155.81	0.28
2156.13	0.28
2156.45	0.32
2156.77	0.32
2157.09	0.76
2157.41	0.96
2157.73	1.08
2158.05	1.04
2158.37	1.04
2158.69	0.88
2159.01	0.76
2159.33	0.76
2159.65	1.04
2159.97	0.96
2160.29	0.92
2160.61	0.92
2160.93	0.76
2161.25	0.6
2161.57	0.76
2161.89	0.84
2162.21	0.64
2162.53	1.2
2162.85	0.52
2163.17	0.2
2163.49	0.24
2163.81	0.24
2164.13	0.12
2164.45	0.08
2164.77	0.92
2165.08	0.8
2165.4	1.24
2165.72	0.84
2166.04	1.44
2166.36	0.88
2166.68	1
2167	0.56
2167.32	0.76
2167.64	0.84
2167.96	0.76
2168.28	0.68
2168.6	1.12
2168.92	0.84
2169.24	1.32
2169.55	1.4
2169.87	1.36
2170.19	1.12
2170.51	1.32
2170.83	1
2171.15	0.88
2171.47	0.92
2171.79	0.72
2172.11	0.48
2172.43	0.44
2172.74	0.36
2173.06	0.6
2173.38	0.6
2173.7	0.68
2174.02	0.68
2174.34	1
2174.66	0.8
2174.98	0.8
2175.29	1
2175.61	0.96
2175.93	0.68
2176.25	0.56
2176.57	0.56
2176.89	0.6
2177.21	0.6
2177.52	0.84
2177.84	0.88
2178.16	1.04
2178.48	0.84
2178.8	0.96
2179.12	0.72
2179.43	1.16
2179.75	0.48
2180.07	0.68
2180.39	0.4
2180.71	0.4
2181.03	-0.08
2181.34	0.6
2181.66	0.44
2181.98	0.48
2182.3	0.72
2182.62	0.72
2182.93	0.16
2183.25	0.08
2183.57	0.2
2183.89	-0.16
2184.21	-0.16
2184.52	0.28
2184.84	0.2
2185.16	0.32
2185.48	0.68
2185.8	1
2186.11	1.16
2186.43	1.2
2186.75	1.12
2187.07	0.4
2187.39	-0.36
2187.7	-0.56
2188.02	-1.2
2188.34	-1.4
2188.66	-0.72
2188.97	-0.24
2189.29	0.12
2189.61	1.2
2189.93	2.32
2190.24	2
2190.56	2.68
2190.88	2.44
2191.2	2.28
2191.51	1.2
2191.83	1.52
2192.15	0.88
2192.47	0.92
2192.78	0.84
2193.1	1.16
2193.42	1.2
2193.74	1.24
2194.05	1.24
2194.37	1.16
2194.69	1.28
2195	0.56
2195.32	0.72
2195.64	0.88
2195.96	1
2196.27	0.6
2196.59	0.72
2196.91	0.68
2197.22	0.44
2197.54	0.36
2197.86	0.48
2198.18	0.76
2198.49	0.84
2198.81	1.32
2199.13	1.36
2199.44	1.32
2199.76	1.28
2200.08	1.36
2200.39	1.68
2200.71	1.44
2201.03	1.4
2201.34	1.68
2201.66	1.28
2201.98	0.48
2202.29	0.64
2202.61	0.56
2202.93	0.52
2203.24	0.52
2203.56	0.52
2203.88	0.36
2204.19	0.36
2204.51	0.16
2204.83	0.16
2205.14	0.36
2205.46	0.92
2205.78	1.2
2206.09	1.24
2206.41	1.04
2206.72	0.56
2207.04	5.55112e-17
2207.36	-0.72
2207.67	-0.64
2207.99	-0.12
2208.31	0.08
2208.62	0.2
2208.94	0.64
2209.25	0.48
2209.57	0.16
2209.89	0.4
2210.2	0.64
2210.52	0.88
2210.83	1.36
2211.15	1.6
2211.47	1.48
2211.78	1.16
2212.1	0.8
2212.41	0.36
2212.73	0.16
2213.05	0.04
2213.36	2.4425e-17
2213.68	0.36
2213.99	0.32
2214.31	0.36
2214.62	0.44
2214.94	0.6
2215.26	0.36
2215.57	0.36
2215.89	0.8
2216.2	0.72
2216.52	0.76
2216.83	1.08
2217.15	1.08
2217.46	0.84
2217.78	0.96
2218.1	0.56
2218.41	0.52
2218.73	0.56
2219.04	0.8
2219.36	0.68
2219.67	1
2219.99	1.16
2220.3	1.48
2220.62	1.16
2220.93	1.28
2221.25	1.16
2221.56	0.76
2221.88	0.48
2222.19	0.44
2222.51	0.64
2222.82	-0.28
2223.14	-0.36
2223.45	-0.44
2223.77	-0.56
2224.08	-0.76
2224.4	0.16
2224.71	0.4
2225.03	0.48
2225.34	0.48
2225.66	-1
2225.97	-1
2226.29	-1.16
2226.6	-1.24
2226.92	-1.2
2227.23	0.36
2227.55	1.08
2227.86	1.08
2228.18	1.28
2228.49	1.28
2228.81	1.08
2229.12	0.48
2229.44	0.6
2229.75	0.4
2230.07	0.4
2230.38	0.52
2230.69	1.36
2231.01	1.28
2231.32	1.36
2231.64	1.28
2231.95	1.36
2232.27	0.4
2232.58	0.32
2232.9	0.24
2233.21	0.32
2233.52	0.36
2233.84	0.48
2234.15	0.6
2234.47	1.04
2234.78	1.12
2235.1	0.96
2235.41	0.84
2235.72	2.04
2236.04	1.76
2236.35	1.6
2236.67	0.96
2236.98	1
2237.29	-0.36
2237.61	-0.52
2237.92	-0.52
2238.24	0.04
2238.55	0.08
2238.86	0.08
2239.18	0.12
2239.49	-0.36
2239.8	-0.28
2240.12	-0.12
2240.43	0.16
2240.75	0.2
2241.06	0.68
2241.37	0.6
2241.69	0.36
2242	0.08
2242.31	0.28
2242.63	0.68
2242.94	1
2243.26	0.52
2243.57	0.68
2243.88	0.4
2244.2	6.99446e-17
2244.51	-0.04
2244.82	0.8
2245.14	0.88
2245.45	0.88
2245.76	0.88
2246.08	0.6
2246.39	0.28
2246.7	0.48
2247.02	0.48
2247.33	0.8
2247.64	0.96
2247.96	1.44
2248.27	1.68
2248.58	0.72
2248.9	0.56
2249.21	0.52
2249.52	0.08
2249.83	-0.44
2250.15	0.64
2250.46	0.48
2250.77	0.36
2251.09	0.28
2251.4	0.12
2251.71	0.28
2252.03	0.32
2252.34	0.32
2252.65	0.6
2252.96	0.68
2253.28	0.68
2253.59	0.64
2253.9	0.84
2254.21	0.56
2254.53	0.6
2254.84	0.2
2255.15	0.64
2255.47	0.48
2255.78	0.48
2256.09	0.36
2256.4	0.8
2256.72	0.64
2257.03	0.6
2257.34	0.64
2257.65	0.64
2257.97	0.32
2258.28	0.24
2258.59	0.28
2258.9	0.24
2259.22	0.36
2259.53	0.68
2259.84	0.6
2260.15	0.72
2260.46	0.8
2260.78	0.68
2261.09	0.52
2261.4	0.48
2261.71	0.44
2262.03	0.52
2262.34	0.64
2262.65	0.56
2262.96	0.48
2263.27	0.6
2263.59	0.76
2263.9	0.68
2264.21	0.84
2264.52	0.84
2264.83	1
2265.15	0.68
2265.46	0.72
2265.77	0.68
2266.08	0.72
2266.39	0.32
2266.7	0.4
2267.02	0.32
2267.33	-0.28
2267.64	-0.32
2267.95	-0.28
2268.26	-0.16
2268.57	-1.33221e-17
2268.89	0.48
2269.2	0.68
2269.51	0.64
2269.82	0.48
2270.13	0.52
2270.44	0.56
2270.76	-0.04
2271.07	-0.04
2271.38	-0.64
2271.69	-0.68
2272	-0.24
2272.31	0.12
2272.62	-0.6
2272.93	0.32
2273.25	0.52
2273.56	6.60584e-17
2273.87	0.04
2274.18	1.32
2274.49	1.08
2274.8	0.72
2275.11	0.68
2275.42	0.8
2275.74	0.32
2276.05	0.24
2276.36	0.32
2276.67	0.6
2276.98	0.52
2277.29	0.44
2277.6	0.52
2277.91	0.6
2278.22	-0.08
2278.53	-0.12
2278.85	-0.12
2279.16	-0.64
2279.47	-0.4
2279.78	0.08
2280.09	0.12
2280.4	0.12
2280.71	0.76
2281.02	0.52
2281.33	0.48
2281.64	0.44
2281.95	0.44
2282.26	0.4
2282.57	0.32
2282.88	0.4
2283.19	0.64
2283.5	0.76
2283.82	0.56
2284.13	0.48
2284.44	0.6
2284.75	-0.24
2285.06	-0.36
2285.37	-0.28
2285.68	-0.16
2285.99	-0.4
2286.3	0.2
2286.61	0.28
2286.92	0.2
2287.23	0.28
2287.54	0.32
2287.85	0.36
2288.16	0.56
2288.47	0.64
2288.78	0.44
2289.09	0.96
2289.4	0.92
2289.71	0.64
2290.02	0.76
2290.33	0.76
2290.64	0.44
2290.95	0.28
2291.26	0.44
2291.57	0.68
2291.88	0.28
2292.19	0.16
2292.5	0.32
2292.81	0.16
2293.12	-0.28
2293.43	0.12
2293.74	0
2294.05	0
2294.36	0
2294.67	0
2294.98	0
2295.29	0
2295.6	0
2295.91	0
2296.21	0
2296.52	0
2296.83	0
2297.14	0
2297.45	0
2297.76	0
2298.07	0
2298.38	0
2298.69	0
2299	0
2299.31	0
2299.62	0
2299.93	0
2300.24	0
2300.55	0
2300.85	0
2301.16	0
2301.47	0
2301.78	0
2302.09	0
2302.4	0
2302.71	0
2303.02	0
2303.33	0
2303.64	0
2303.94	0
2304.25	0
2304.56	0
2304.87	0
2305.18	0
2305.49	0
2305.8	0
2306.11	0
2306.42	0
2306.72	0
2307.03	0
2307.34	0
2307.65	0
2307.96	0
2308.27	0
2308.58	0
2308.88	0
2309.19	0
2309.5	0
2309.81	0
2310.12	0
2310.43	0
2310.74	0
2311.04	0
2311.35	0
2311.66	0
2311.97	0
2312.28	0
2312.59	0
2312.89	0
2313.2	0
2313.51	0
2313.82	0
2314.13	0
2314.43	0
2314.74	0
2315.05	0
2315.36	0
2315.67	0
2315.97	0
2316.28	0
2316.59	0
2316.9	0
2317.21	0
2317.51	0
2317.82	0
2318.13	0
2318.44	0
2318.75	0
2319.05	0
2319.36	0
2319.67	0
2319.98	0
2320.28	0
2320.59	0
2320.9	0
2321.21	0
2321.51	0
2321.82	0
2322.13	0
2322.44	0
2322.74	0
2323.05	0
2323.36	0
2323.67	0
2323.97	0
2324.28	0
2324.59	0
2324.9	0
2325.2	0
2325.51	0
2325.82	0
2326.13	0
2326.43	0
2326.74	0
2327.05	0
2327.35	0
2327.66	0
2327.97	0
2328.27	0
2328.58	0
2328.89	0
2329.2	0
2329.5	0
2329.81	0
2330.12	0
2330.42	0
2330.73	0
2331.04	0
2331.34	0
2331.65	0
2331.96	0
2332.26	0
2332.57	0
2332.88	0
2333.18	0
2333.49	0
2333.8	0
2334.1	0
2334.41	0
2334.72	0
2335.02	0
2335.33	0
2335.64	0
2335.94	0
2336.25	0
2336.56	0
2336.86	0
2337.17	0
2337.48	0
2337.78	0
2338.09	0
2338.39	0
2338.7	0
2339.01	0
2339.31	0
2339.62	0
2339.93	0
2340.23	0
2340.54	0
2340.84	0
2341.15	0
2341.46	0
2341.76	0
2342.07	0
2342.37	0
2342.68	0
2342.99	0
2343.29	0
2343.6	0
2343.9	0
2344.21	0
2344.51	0
2344.82	0
2345.13	0
2345.43	0
2345.74	0
2346.04	0
2346.35	0
2346.65	0
2346.96	0
2347.27	0
2347.57	0
2347.88	0
2348.18	0
2348.49	0
2348.79	0
2349.1	0
2349.4	0
2349.71	0
2350.01	0
2350.32	0
2350.63	0
2350.93	0
2351.24	0
2351.54	0
2351.85	0
2352.15	0
2352.46	0
2352.76	0
2353.07	0
2353.37	0
2353.68	0
2353.98	0
2354.29	0
2354.59	0
2354.9	0
2355.2	0
2355.51	0
2355.81	0
2356.12	0
2356.42	0
2356.73	0
2357.03	0
2357.34	0
2357.64	0
2357.95	0
2358.25	0
2358.55	0
2358.86	0
2359.16	0
2359.47	0
2359.77	0
2360.08	0
2360.38	0
2360.69	0
2360.99	0
2361.3	0
2361.6	0
2361.9	0
2362.21	0
2362.51	0
2362.82	0
2363.12	0
2363.43	0
2363.73	0
2364.04	0
2364.34	0
2364.64	0
2364.95	0
2365.25	0
2365.56	0
2365.86	0
2366.16	0
2366.47	0
2366.77	0
2367.08	0
2367.38	0
2367.68	0
2367.99	0
2368.29	0
2368.6	0
2368.9	0
2369.2	0
2369.51	0
2369.81	0
2370.12	0
2370.42	0
2370.72	0
2371.03	0
2371.33	0
2371.63	0
2371.94	0
2372.24	0
2372.55	0
2372.85	0
2373.15	0
2373.46	0
2373.76	0
2374.06	0
2374.37	0
2374.67	0
2374.97	0
2375.28	0
2375.58	0
2375.88	0
2376.19	0
2376.49	0
2376.79	0
2377.1	0
2377.4	0
2377.7	0
2378.01	0
2378.31	0
2378.61	0
2378.92	0
2379.22	0
2379.52	0
2379.82	0
2380.13	0
2380.43	0
2380.73	0
2381.04	0
2381.34	0
2381.64	0
2381.95	0
2382.25	0
2382.55	0
2382.85	0
2383.16	0
2383.46	0
2383.76	0
2384.06	0
2384.37	0
2384.67	0
2384.97	0
2385.28	0
2385.58	0
2385.88	0
2386.18	0
2386.49	0
2386.79	0
2387.09	0
2387.39	0
2387.69	0
2388	0
2388.3	0
2388.6	0
2388.9	0
2389.21	0
2389.51	0
2389.81	0
2390.11	0
2390.42	0
2390.72	0
2391.02	0
2391.32	0
2391.62	0
2391.93	0
2392.23	0
2392.53	0
2392.83	0
2393.13	0
2393.44	0
2393.74	0
2394.04	0
2394.34	0
2394.64	0
2394.95	0
2395.25	0
2395.55	0
2395.85	0
2396.15	0
2396.45	0
2396.76	0
2397.06	0
2397.36	0
2397.66	0
2397.96	0
2398.26	0
2398.57	0
2398.87	0
2399.17	0
2399.47	0
2399.77	0
2400.07	0
2400.37	0
2400.68	0
2400.98	0
2401.28	0
2401.58	0
2401.88	0
2402.18	0
2402.48	0
2402.79	0
2403.09	0
2403.39	0
2403.69	0
2403.99	0
2404.29	0
2404.59	0
2404.89	0
2405.19	0
2405.5	0
2405.8	0
2406.1	0
2406.4	0
2406.7	0
2407	0
2407.3	0
2407.6	0
2407.9	0
2408.2	0
2408.5	0
2408.8	0
2409.11	0
2409.41	0
2409.71	0
2410.01	0
2410.31	0
2410.61	0
2410.91	0
2411.21	0
2411.51	0
2411.81	0
2412.11	0
2412.41	0
2412.71	0
2413.01	0
2413.31	0
2413.61	0
2413.91	0
2414.21	0
2414.51	0
2414.81	0
2415.12	0
2415.42	0
2415.72	0
2416.02	0
2416.32	0
2416.62	0
2416.92	0
2417.22	0
2417.52	0
2417.82	0
2418.12	0
2418.42	0
2418.72	0
2419.02	0
2419.32	0
2419.62	0
2419.92	0
2420.22	0
2420.52	0
2420.82	0
2421.12	0
2421.42	0
2421.71	0
2422.01	0
2422.31	0
2422.61	0
2422.91	0
2423.21	0
2423.51	0
2423.81	0
2424.11	0
2424.41	0
2424.71	0
2425.01	0
2425.31	0
2425.61	0
2425.91	0
2426.21	0
2426.51	0
2426.81	0
2427.11	0
2427.41	0
2427.7	0
2428	0
2428.3	0
2428.6	0
2428.9	0
2429.2	0
2429.5	0
2429.8	0
2430.1	0
2430.4	0
2430.7	0
2430.99	0
2431.29	0
2431.59	0
2431.89	0
2432.19	0
2432.49	0
2432.79	0
2433.09	0
2433.39	0
2433.68	0
2433.98	0
2434.28	0
2434.58	0
2434.88	0
2435.18	0
2435.48	0
2435.78	0
2436.07	0
2436.37	0
2436.67	0
2436.97	0
2437.27	0
2437.57	0
2437.86	0
2438.16	0
2438.46	0
2438.76	0
2439.06	0
2439.36	0
2439.66	0
2439.95	0
2440.25	0
2440.55	0
2440.85	0
2441.15	0
2441.44	0
2441.74	0
2442.04	0
2442.34	0
2442.64	0
2442.93	0
2443.23	0
2443.53	0
2443.83	0
2444.13	0
2444.42	0
2444.72	0
2445.02	0
2445.32	0
2445.62	0
2445.91	0
2446.21	0
2446.51	0
2446.81	0
2447.1	0
2447.4	0
2447.7	0
2448	0
2448.3	0
2448.59	0
2448.89	0
2449.19	0
2449.49	0
2449.78	0
2450.08	0
2450.38	0
2450.68	0
2450.97	0
2451.27	0
2451.57	0
2451.87	0
2452.16	0
2452.46	0
2452.76	0
2453.05	0
2453.35	0
2453.65	0
2453.95	0
2454.24	0
2454.54	0
2454.84	0
2455.13	0
2455.43	0
2455.73	0
2456.03	0
2456.32	0
2456.62	0
2456.92	0
2457.21	0
2457.51	0
2457.81	0
2458.1	0
2458.4	0
2458.7	0
2458.99	0
2459.29	0
2459.59	0
2459.88	0
2460.18	0
2460.48	0
2460.77	0
2461.07	0
2461.37	0
2461.66	0
2461.96	0
2462.26	0
2462.55	0
2462.85	0
2463.15	0
2463.44	0
2463.74	0
2464.04	0
2464.33	0
2464.63	0
2464.92	0
2465.22	0
2465.52	0
2465.81	0
2466.11	0
2466.41	0
2466.7	0
2467	0
2467.29	0
2467.59	0
2467.89	0
2468.18	0
2468.48	0
2468.77	0
2469.07	0
2469.37	0
2469.66	0
2469.96	0
2470.25	0
2470.55	0
2470.84	0
2471.14	0
2471.44	0
2471.73	0
2472.03	0
2472.32	0
2472.62	0
2472.91	0
2473.21	0
2473.51	0
2473.8	0
2474.1	0
2474.39	0
2474.69	0
2474.98	0
2475.28	0
2475.57	0
2475.87	0
2476.17	0
2476.46	0
2476.76	0
2477.05	0
2477.35	0
2477.64	0
2477.94	0
2478.23	0
2478.53	0
2478.82	0
2479.12	0
2479.41	0
2479.71	0
2480	0
2480.3	0
2480.59	0
2480.89	0
2481.18	0
2481.48	0
2481.77	0
2482.07	0
2482.36	0
2482.66	0
2482.95	0
2483.25	0
2483.54	0
2483.84	0
2484.13	0
2484.43	0
2484.72	0
2485.02	0
2485.31	0
2485.6	0
2485.9	0
2486.19	0
2486.49	0
2486.78	0
2487.08	0
2487.37	0
2487.67	0
2487.96	0
2488.26	0
2488.55	0
2488.84	0
2489.14	0
2489.43	0
2489.73	0
2490.02	0
2490.32	0
2490.61	0
2490.9	0
2491.2	0
2491.49	0
2491.79	0
2492.08	0
2492.37	0
2492.67	0
2492.96	0
2493.26	0
2493.55	0
2493.84	0
2494.14	0
2494.43	0
2494.73	0
2495.02	0
2495.31	0
2495.61	0
2495.9	0
2496.2	0
2496.49	0
2496.78	0
2497.08	0
2497.37	0
2497.66	0
2497.96	0
2498.25	0
2498.54	0
2498.84	0
2499.13	0
2499.43	0
2499.72	0
2500.01	0
2500.31	0
2500.6	0
2500.89	0
2501.19	0
2501.48	0
2501.77	0
2502.07	0
2502.36	0
2502.65	0
2502.95	0
2503.24	0
2503.53	0
2503.82	0
2504.12	0
2504.41	0
2504.7	0
2505	0
2505.29	0
2505.58	0
2505.88	0
2506.17	0
2506.46	0
2506.76	0
2507.05	0
2507.34	0
2507.63	0
2507.93	0
2508.22	0
2508.51	0
2508.8	0
2509.1	0
2509.39	0
2509.68	0
2509.98	0
2510.27	0
2510.56	0
2510.85	0
2511.15	0
2511.44	0
2511.73	0
2512.02	0
2512.32	0
2512.61	0
2512.9	0
2513.19	0
2513.49	0
2513.78	0
2514.07	0
2514.36	0
2514.65	0
2514.95	0
2515.24	0
2515.53	0
2515.82	0
2516.12	0
2516.41	0
2516.7	0
2516.99	0
2517.28	0
2517.58	0
2517.87	0
2518.16	0
2518.45	0
2518.74	0
2519.04	0
2519.33	0
2519.62	0
2519.91	0
2520.2	0
2520.5	0
2520.79	0
2521.08	0
2521.37	0
2521.66	0
2521.95	0
2522.25	0
2522.54	0
2522.83	0
2523.12	0
2523.41	0
2523.7	0
2523.99	0
2524.29	0
2524.58	0
2524.87	0
2525.16	0
2525.45	0
2525.74	0
2526.03	0
2526.33	0
2526.62	0
2526.91	0
2527.2	0
2527.49	0
2527.78	0
2528.07	0
2528.36	0
2528.66	0
2528.95	0
2529.24	0
2529.53	0
2529.82	0
2530.11	0
2530.4	0
2530.69	0
2530.98	0
2531.27	0
2531.57	0
2531.86	0
2532.15	0
2532.44	0
2532.73	0
2533.02	0
2533.31	0
2533.6	0
2533.89	0
2534.18	0
2534.47	0
2534.76	0
2535.05	0
2535.35	0
2535.64	0
2535.93	0
2536.22	0
2536.51	0
2536.8	0
2537.09	0
2537.38	0
2537.67	0
2537.96	0
2538.25	0
2538.54	0
2538.83	0
2539.12	0
2539.41	0
2539.7	0
2539.99	0
2540.28	0
2540.57	0
2540.86	0
2541.15	0
2541.44	0
2541.73	0
2542.02	0
2542.31	0
2542.6	0
2542.89	0
2543.18	0
2543.47	0
2543.76	0
2544.05	0
2544.34	0
2544.63	0
2544.92	0
2545.21	0
2545.5	0
2545.79	0
2546.08	0
2546.37	0
2546.66	0
2546.95	0
2547.24	0
2547.53	0
2547.82	0
2548.11	0
2548.4	0
2548.69	0
2548.98	0
2549.27	0
2549.55	0
2549.84	0
2550.13	0
2550.42	0
2550.71	0
2551	0
2551.29	0
2551.58	0
2551.87	0
2552.16	0
2552.45	0
2552.74	0
2553.03	0
2553.31	0
2553.6	0
2553.89	0
2554.18	0
2554.47	0
2554.76	0
2555.05	0
2555.34	0
2555.63	0
2555.92	0
2556.2	0
2556.49	0
2556.78	0
2557.07	0
2557.36	0
2557.65	0
2557.94	0
2558.23	0
2558.51	0
2558.8	0
2559.09	0
2559.38	0
2559.67	0
2559.96	0
2560.25	0
2560.53	0
2560.82	0
2561.11	0
2561.4	0
2561.69	0
2561.98	0
2562.27	0
2562.55	0
2562.84	0
2563.13	0
2563.42	0
2563.71	0
2564	0
2564.28	0
2564.57	0
2564.86	0
2565.15	0
2565.44	0
2565.72	0
2566.01	0
2566.3	0
2566.59	0
2566.88	0
2567.16	0
2567.45	0
2567.74	0
2568.03	0
2568.32	0
2568.6	0
2568.89	0
2569.18	0
2569.47	0
2569.75	0

