Source: Spectrum Viewer

Chart: Pulse Spectrum

Series: 
Wavelength (nm)	S (a.u.)
1179.9	0
1180.29	0
1180.68	0
1181.06	0
1181.45	0
1181.83	0
1182.22	0
1182.6	0
1182.99	0
1183.38	0
1183.76	0
1184.15	0
1184.53	0
1184.92	0
1185.3	0
1185.69	0
1186.07	0
1186.46	0
1186.85	0
1187.23	0
1187.62	0
1188	0
1188.39	0
1188.77	0
1189.16	0
1189.54	0
1189.93	0
1190.31	0
1190.7	0
1191.08	0
1191.47	0
1191.85	0
1192.24	0
1192.62	0
1193.01	0
1193.39	0
1193.78	0
1194.16	0
1194.55	0
1194.93	0
1195.32	0
1195.7	0
1196.09	0
1196.47	0
1196.86	0
1197.24	0
1197.63	0
1198.01	0
1198.4	0
1198.78	0
1199.16	0
1199.55	0
1199.93	0
1200.32	0
1200.7	0
1201.09	0
1201.47	0
1201.86	0
1202.24	0
1202.63	0
1203.01	0
1203.39	0
1203.78	0
1204.16	0
1204.55	0
1204.93	0
1205.32	0
1205.7	0
1206.08	0
1206.47	0
1206.85	0
1207.24	0
1207.62	0
1208	0
1208.39	0
1208.77	0
1209.16	0
1209.54	0
1209.92	0
1210.31	0
1210.69	0
1211.08	0
1211.46	0
1211.84	0
1212.23	0
1212.61	0
1213	0
1213.38	0
1213.76	0
1214.15	0
1214.53	0
1214.91	0
1215.3	0
1215.68	0
1216.06	0
1216.45	0
1216.83	0
1217.22	0
1217.6	0
1217.98	0
1218.37	0
1218.75	0
1219.13	0
1219.52	0
1219.9	0
1220.28	0
1220.67	0
1221.05	0
1221.43	0
1221.82	0
1222.2	0
1222.58	0
1222.97	0
1223.35	0
1223.73	0
1224.11	0
1224.5	0
1224.88	0
1225.26	0
1225.65	0
1226.03	0
1226.41	0
1226.8	0
1227.18	0
1227.56	0
1227.94	0
1228.33	0
1228.71	0
1229.09	0
1229.47	0
1229.86	0
1230.24	0
1230.62	0
1231.01	0
1231.39	0
1231.77	0
1232.15	0
1232.54	0
1232.92	0
1233.3	0
1233.68	0
1234.07	0
1234.45	0
1234.83	0
1235.21	0
1235.6	0
1235.98	0
1236.36	0
1236.74	0
1237.12	0
1237.51	0
1237.89	0
1238.27	0
1238.65	0
1239.04	0
1239.42	0
1239.8	0
1240.18	0
1240.56	0
1240.95	0
1241.33	0
1241.71	0
1242.09	0
1242.47	0
1242.86	0
1243.24	0
1243.62	0
1244	0
1244.38	0
1244.77	0
1245.15	0
1245.53	0
1245.91	0
1246.29	0
1246.67	0
1247.06	0
1247.44	0
1247.82	0
1248.2	0
1248.58	0
1248.96	0
1249.34	0
1249.73	0
1250.11	0
1250.49	0
1250.87	0
1251.25	0
1251.63	0
1252.01	0
1252.4	0
1252.78	0
1253.16	0
1253.54	0
1253.92	0
1254.3	0
1254.68	0
1255.06	0
1255.45	0
1255.83	0
1256.21	0
1256.59	0
1256.97	0
1257.35	0
1257.73	0
1258.11	0
1258.49	0
1258.87	0
1259.26	0
1259.64	0
1260.02	0
1260.4	0
1260.78	0
1261.16	0
1261.54	0
1261.92	0
1262.3	0
1262.68	0
1263.06	0
1263.44	0
1263.82	0
1264.21	0
1264.59	0
1264.97	0
1265.35	0
1265.73	0
1266.11	0
1266.49	0
1266.87	0
1267.25	0
1267.63	0
1268.01	0
1268.39	0
1268.77	0
1269.15	0
1269.53	0
1269.91	0
1270.29	0
1270.67	0
1271.05	0
1271.43	0
1271.81	0
1272.19	0
1272.57	0
1272.95	0
1273.33	0
1273.71	0
1274.09	0
1274.47	0
1274.85	0
1275.23	0
1275.61	0
1275.99	0
1276.37	0
1276.75	0
1277.13	0
1277.51	0
1277.89	0
1278.27	0
1278.65	0
1279.03	0
1279.41	0
1279.79	0
1280.17	0
1280.55	0
1280.93	0
1281.31	0
1281.69	0
1282.07	0
1282.45	0
1282.82	0
1283.2	0
1283.58	0
1283.96	0
1284.34	0
1284.72	0
1285.1	0
1285.48	0
1285.86	0
1286.24	0
1286.62	0
1287	0
1287.38	0
1287.75	0
1288.13	0
1288.51	0
1288.89	0
1289.27	0
1289.65	0
1290.03	0
1290.41	0
1290.79	0
1291.17	0
1291.54	0
1291.92	0
1292.3	0
1292.68	0
1293.06	0
1293.44	0
1293.82	0
1294.2	0
1294.57	0
1294.95	0
1295.33	0
1295.71	0
1296.09	0
1296.47	0
1296.85	0
1297.22	0
1297.6	0
1297.98	0
1298.36	0
1298.74	0
1299.12	0
1299.5	0
1299.87	0
1300.25	0
1300.63	0
1301.01	0
1301.39	0
1301.77	0
1302.14	0
1302.52	0
1302.9	0
1303.28	0
1303.66	0
1304.03	0
1304.41	0
1304.79	0
1305.17	0
1305.55	0
1305.92	0
1306.3	0
1306.68	0
1307.06	0
1307.44	0
1307.81	0
1308.19	0
1308.57	0
1308.95	0
1309.32	0
1309.7	0
1310.08	0
1310.46	0
1310.84	0
1311.21	0
1311.59	0
1311.97	0
1312.35	0
1312.72	0
1313.1	0
1313.48	0
1313.86	0
1314.23	0
1314.61	0
1314.99	0
1315.37	0
1315.74	0
1316.12	0
1316.5	0
1316.87	0
1317.25	0
1317.63	0
1318.01	0
1318.38	0
1318.76	0
1319.14	0
1319.52	0
1319.89	0
1320.27	0
1320.65	0
1321.02	0
1321.4	0
1321.78	0
1322.15	0
1322.53	0
1322.91	0
1323.29	0
1323.66	0
1324.04	0
1324.42	0
1324.79	0
1325.17	0
1325.55	0
1325.92	0
1326.3	0
1326.68	0
1327.05	0
1327.43	0
1327.81	0
1328.18	0
1328.56	0
1328.94	0
1329.31	0
1329.69	0
1330.06	0
1330.44	0
1330.82	0
1331.19	0
1331.57	0
1331.95	0
1332.32	0
1332.7	0
1333.08	0
1333.45	0
1333.83	0
1334.2	0
1334.58	0
1334.96	0
1335.33	0
1335.71	0
1336.08	0
1336.46	0
1336.84	0
1337.21	0
1337.59	0
1337.96	0
1338.34	0
1338.72	0
1339.09	0
1339.47	0
1339.84	0
1340.22	0
1340.6	0
1340.97	0
1341.35	0
1341.72	0
1342.1	0
1342.47	0
1342.85	0
1343.23	0
1343.6	0
1343.98	0
1344.35	0
1344.73	0
1345.1	0
1345.48	0
1345.85	0
1346.23	0
1346.61	0
1346.98	0
1347.36	0
1347.73	0
1348.11	0
1348.48	0
1348.86	0
1349.23	0
1349.61	0
1349.98	0
1350.36	0
1350.73	0
1351.11	0
1351.48	0
1351.86	0
1352.23	0
1352.61	0
1352.98	0
1353.36	0
1353.73	0
1354.11	0
1354.48	0
1354.86	0
1355.23	0
1355.61	0
1355.98	0
1356.36	0
1356.73	0
1357.11	0
1357.48	0
1357.86	0
1358.23	0
1358.61	0
1358.98	0
1359.35	0
1359.73	0
1360.1	0
1360.48	0
1360.85	0
1361.23	0
1361.6	0
1361.98	0
1362.35	0
1362.72	0
1363.1	0
1363.47	0
1363.85	0
1364.22	0
1364.6	0
1364.97	0
1365.34	0
1365.72	0
1366.09	0
1366.47	0
1366.84	0
1367.22	0
1367.59	0
1367.96	0
1368.34	0
1368.71	0
1369.09	0.28
1369.46	-0.72
1369.83	-0.72
1370.21	-0.32
1370.58	-0.28
1370.96	-0.36
1371.33	0.64
1371.7	0.72
1372.08	0.64
1372.45	0.64
1372.82	0.52
1373.2	0.8
1373.57	0.72
1373.95	0.4
1374.32	0.44
1374.69	0.4
1375.07	0.12
1375.44	0.48
1375.81	0.72
1376.19	0.64
1376.56	0.6
1376.93	1.08
1377.31	1
1377.68	0.8
1378.05	0.84
1378.43	0.84
1378.8	0.36
1379.17	0.68
1379.55	0.64
1379.92	0.6
1380.29	0.6
1380.67	0.8
1381.04	0.32
1381.41	0.32
1381.79	0.44
1382.16	0.8
1382.53	0.6
1382.91	-0.52
1383.28	-0.4
1383.65	-0.12
1384.03	0.2
1384.4	0.28
1384.77	1.36
1385.14	1.24
1385.52	0.84
1385.89	0.32
1386.26	0.32
1386.64	0.36
1387.01	0.8
1387.38	0.8
1387.75	0.64
1388.13	0.8
1388.5	0.88
1388.87	0.64
1389.25	0.84
1389.62	0.64
1389.99	0.48
1390.36	0.28
1390.74	0.08
1391.11	-0.04
1391.48	0.2
1391.85	0.36
1392.23	0.44
1392.6	0.6
1392.97	0.56
1393.34	0.88
1393.72	0.84
1394.09	0.88
1394.46	0.72
1394.83	0.76
1395.21	0.44
1395.58	0.24
1395.95	0.12
1396.32	0.12
1396.69	0.04
1397.07	0.2
1397.44	0.2
1397.81	0.36
1398.18	0.36
1398.55	0.56
1398.93	0.52
1399.3	0.52
1399.67	0.36
1400.04	0.36
1400.41	0.16
1400.79	0
1401.16	0.28
1401.53	0.36
1401.9	0.4
1402.27	0.4
1402.65	0.44
1403.02	0.48
1403.39	0.4
1403.76	0.24
1404.13	0.4
1404.51	0.36
1404.88	0.12
1405.25	0.12
1405.62	0.4
1405.99	0.6
1406.36	0.68
1406.74	0.6
1407.11	0.68
1407.48	0.84
1407.85	-0.72
1408.22	-0.56
1408.59	-0.44
1408.96	0.04
1409.34	-0.24
1409.71	0.96
1410.08	1
1410.45	0.92
1410.82	0.48
1411.19	0.6
1411.56	0.76
1411.93	0.48
1412.31	0.84
1412.68	0.72
1413.05	0.56
1413.42	0.52
1413.79	0.52
1414.16	-0.08
1414.53	-0.08
1414.9	-0.16
1415.27	-0.16
1415.65	-0.04
1416.02	0.16
1416.39	0.32
1416.76	0.48
1417.13	0.4
1417.5	0.56
1417.87	0.56
1418.24	0.4
1418.61	0.48
1418.98	0.84
1419.35	0.56
1419.73	0.56
1420.1	0.96
1420.47	1.12
1420.84	1.2
1421.21	1.2
1421.58	1.24
1421.95	0.88
1422.32	0.72
1422.69	0.28
1423.06	0.36
1423.43	0.72
1423.8	0.68
1424.17	0.68
1424.54	1.16
1424.91	1.12
1425.28	0.72
1425.65	0.84
1426.02	0.72
1426.39	0.2
1426.76	-0.24
1427.14	-0.04
1427.51	-0.08
1427.88	-0.12
1428.25	-0.12
1428.62	0.28
1428.99	0.08
1429.36	0
1429.73	0.12
1430.1	0.12
1430.47	0.24
1430.84	0.24
1431.21	0.44
1431.58	0.32
1431.95	0.44
1432.32	0.24
1432.69	0.64
1433.06	0.44
1433.43	0.44
1433.8	0.36
1434.17	0.44
1434.54	0.04
1434.91	0.24
1435.28	0.52
1435.64	0.48
1436.01	-0.12
1436.38	-0.08
1436.75	-0.28
1437.12	-0.36
1437.49	-0.28
1437.86	0.32
1438.23	0.28
1438.6	0.56
1438.97	0.44
1439.34	0.36
1439.71	0.68
1440.08	1.04
1440.45	0.76
1440.82	0.2
1441.19	0.4
1441.56	0.12
1441.93	-0.24
1442.3	-0.24
1442.67	-1.24
1443.03	-1.28
1443.4	-1.32
1443.77	-1.24
1444.14	-0.6
1444.51	1.2
1444.88	1.04
1445.25	1.32
1445.62	1.56
1445.99	0.96
1446.36	0.68
1446.73	0.68
1447.09	0.44
1447.46	0.12
1447.83	0.12
1448.2	0.28
1448.57	0.36
1448.94	0.4
1449.31	0.44
1449.68	0.52
1450.05	0.32
1450.41	0.6
1450.78	0.48
1451.15	0.44
1451.52	0.6
1451.89	0.76
1452.26	0.4
1452.63	0.52
1453	0.52
1453.36	0.24
1453.73	0.08
1454.1	0.32
1454.47	0.28
1454.84	0.44
1455.21	0.44
1455.57	0.08
1455.94	-0.16
1456.31	-0.2
1456.68	-0.32
1457.05	-0.32
1457.42	0.56
1457.78	0.6
1458.15	0.72
1458.52	0.72
1458.89	0.76
1459.26	0.68
1459.63	0.64
1459.99	0.56
1460.36	0.52
1460.73	0.48
1461.1	0.48
1461.47	0.48
1461.83	0.44
1462.2	0.6
1462.57	0.64
1462.94	0.44
1463.31	0.44
1463.67	0.44
1464.04	0.24
1464.41	0.24
1464.78	-0.6
1465.15	-0.6
1465.51	-0.36
1465.88	0.28
1466.25	0.64
1466.62	1.24
1466.98	1.24
1467.35	1.08
1467.72	0.48
1468.09	0.08
1468.46	0.08
1468.82	0.08
1469.19	0.16
1469.56	0.32
1469.93	0.4
1470.29	0.44
1470.66	1.04
1471.03	0.88
1471.4	0.96
1471.76	1.04
1472.13	1
1472.5	0.4
1472.86	0.48
1473.23	0.24
1473.6	0.16
1473.97	0.88
1474.33	1.12
1474.7	1.08
1475.07	1.36
1475.44	1.28
1475.8	0.36
1476.17	0.28
1476.54	0.36
1476.9	0.24
1477.27	0.28
1477.64	0.56
1478	0.88
1478.37	1.24
1478.74	1.08
1479.11	1.24
1479.47	1.16
1479.84	0.68
1480.21	0.2
1480.57	0.28
1480.94	0.2
1481.31	0.24
1481.67	0.32
1482.04	0.6
1482.41	0.68
1482.77	1.04
1483.14	1.12
1483.51	1.32
1483.87	1.04
1484.24	0.92
1484.61	0.56
1484.97	0.76
1485.34	0.48
1485.71	-0.48
1486.07	1.39862e-16
1486.44	-0.12
1486.81	-0.36
1487.17	-0.16
1487.54	1
1487.9	0.6
1488.27	0.68
1488.64	0.4
1489	0.36
1489.37	0.16
1489.74	0.52
1490.1	0.44
1490.47	0.64
1490.83	0.56
1491.2	0.64
1491.57	0.44
1491.93	0.76
1492.3	0.76
1492.66	1.04
1493.03	1
1493.4	0.8
1493.76	0.48
1494.13	0.64
1494.49	0.4
1494.86	0.36
1495.23	0.52
1495.59	0.56
1495.96	-0.64
1496.32	-0.76
1496.69	-0.32
1497.06	-0.56
1497.42	-1.24
1497.79	0.12
1498.15	0.16
1498.52	-0.28
1498.88	-0.2
1499.25	0.44
1499.62	-0.28
1499.98	-0.28
1500.35	-0.28
1500.71	0.12
1501.08	0.12
1501.44	0.56
1501.81	0.56
1502.17	0.76
1502.54	0.4
1502.9	0.44
1503.27	0.4
1503.64	0.48
1504	0.32
1504.37	0.32
1504.73	0.28
1505.1	0.44
1505.46	0.32
1505.83	0.52
1506.19	0.72
1506.56	1
1506.92	0.92
1507.29	1.08
1507.65	0.84
1508.02	0.72
1508.38	0.44
1508.75	0.52
1509.11	0.4
1509.48	0.48
1509.84	0.44
1510.21	0.44
1510.57	0.28
1510.94	0.28
1511.3	0.44
1511.67	0.4
1512.03	0.76
1512.4	0.84
1512.76	1.2
1513.13	0.12
1513.49	-0.16
1513.85	-0.52
1514.22	-0.56
1514.58	-0.92
1514.95	0.12
1515.31	1.16
1515.68	1.24
1516.04	1.2
1516.41	1.4
1516.77	1.48
1517.14	0.6
1517.5	0.52
1517.86	0.76
1518.23	0.84
1518.59	0.8
1518.96	0.96
1519.32	0.96
1519.69	0.72
1520.05	0.8
1520.41	0.56
1520.78	0.76
1521.14	0.84
1521.51	1
1521.87	0.64
1522.24	0.72
1522.6	0.36
1522.96	0.28
1523.33	0.12
1523.69	0.08
1524.06	0.52
1524.42	0.52
1524.78	1.08
1525.15	1.12
1525.51	1.12
1525.88	0.6
1526.24	0.6
1526.6	0.24
1526.97	0.4
1527.33	0.72
1527.69	0.88
1528.06	1.12
1528.42	0.92
1528.79	0.88
1529.15	-0.24
1529.51	-0.4
1529.88	-0.28
1530.24	-0.04
1530.6	-0.04
1530.97	0.8
1531.33	0.96
1531.69	0.6
1532.06	0.36
1532.42	0.4
1532.78	0.56
1533.15	0.6
1533.51	0.64
1533.87	0.64
1534.24	0.44
1534.6	0.24
1534.96	0.04
1535.33	0.12
1535.69	0.24
1536.05	0.28
1536.42	1.04
1536.78	1.04
1537.14	0.92
1537.51	0.88
1537.87	1.2
1538.23	0.44
1538.6	0.44
1538.96	0.92
1539.32	0.92
1539.68	0.76
1540.05	0.84
1540.41	0.84
1540.77	0.52
1541.14	0.88
1541.5	0.68
1541.86	0.76
1542.23	0.92
1542.59	0.84
1542.95	0.4
1543.31	0.44
1543.68	0.28
1544.04	0.12
1544.4	0.24
1544.76	0.44
1545.13	0.8
1545.49	1.08
1545.85	1.08
1546.21	0.88
1546.58	0.68
1546.94	0.52
1547.3	0.32
1547.66	1.12
1548.03	1.32
1548.39	1.48
1548.75	1.28
1549.11	1.24
1549.48	0.68
1549.84	0.88
1550.2	0.92
1550.56	1.04
1550.93	1.28
1551.29	1.04
1551.65	0.84
1552.01	0.72
1552.37	0.8
1552.74	0.52
1553.1	0.52
1553.46	0.32
1553.82	0.32
1554.18	0.36
1554.55	0.68
1554.91	0.68
1555.27	0.76
1555.63	0.68
1555.99	0.56
1556.36	0.24
1556.72	-0.96
1557.08	-0.8
1557.44	-0.68
1557.8	-0.84
1558.17	-0.84
1558.53	0.36
1558.89	0.24
1559.25	0.24
1559.61	0.48
1559.97	0.64
1560.34	0.76
1560.7	0.76
1561.06	0.96
1561.42	0.88
1561.78	0.72
1562.14	0.32
1562.5	0.2
1562.87	0.08
1563.23	4.88501e-17
1563.59	-0.36
1563.95	0.04
1564.31	0.04
1564.67	-0.12
1565.03	-0.08
1565.4	0.36
1565.76	0.4
1566.12	0.4
1566.48	0.36
1566.84	0.24
1567.2	0.16
1567.56	-0.08
1567.92	-0.08
1568.29	0.24
1568.65	0.24
1569.01	0.24
1569.37	0.12
1569.73	0.2
1570.09	0.04
1570.45	0.12
1570.81	0.36
1571.17	0.6
1571.53	0.52
1571.89	0.36
1572.26	0.44
1572.62	0.72
1572.98	0.68
1573.34	0.92
1573.7	1.12
1574.06	0.96
1574.42	0.44
1574.78	0.28
1575.14	0.04
1575.5	-0.16
1575.86	-0.96
1576.22	-0.96
1576.58	-0.64
1576.94	-0.64
1577.3	-0.56
1577.67	0.32
1578.03	0.48
1578.39	0.48
1578.75	0.48
1579.11	0.4
1579.47	0.4
1579.83	0.24
1580.19	0.16
1580.55	0.52
1580.91	0.52
1581.27	0.64
1581.63	1.32
1581.99	1.24
1582.35	1.28
1582.71	1.72
1583.07	1.52
1583.43	0.84
1583.79	1
1584.15	0.6
1584.51	0.28
1584.87	0.8
1585.23	0.92
1585.59	0.76
1585.95	0.92
1586.31	0.8
1586.67	0.32
1587.03	0.2
1587.39	0.68
1587.75	0.56
1588.11	0.72
1588.47	0.68
1588.83	0.68
1589.19	0.32
1589.55	0.32
1589.91	0.16
1590.27	0.16
1590.63	0.16
1590.99	0.64
1591.35	1.12
1591.71	1.2
1592.07	1.36
1592.42	1.56
1592.78	1.24
1593.14	0.72
1593.5	0.72
1593.86	0.6
1594.22	0.44
1594.58	0.24
1594.94	0.44
1595.3	0.36
1595.66	0.32
1596.02	0.4
1596.38	0.52
1596.74	0.32
1597.1	0.4
1597.46	0.48
1597.81	0.36
1598.17	0.44
1598.53	0.72
1598.89	0.68
1599.25	1.12
1599.61	1.24
1599.97	1.2
1600.33	0.92
1600.69	1.16
1601.05	0.64
1601.4	0.76
1601.76	0.24
1602.12	0.28
1602.48	0.24
1602.84	0.24
1603.2	4.10777e-17
1603.56	0.32
1603.92	0.48
1604.28	0.24
1604.63	0.32
1604.99	0.48
1605.35	0.68
1605.71	0.76
1606.07	0.8
1606.43	0.84
1606.79	0.8
1607.14	0.84
1607.5	0.8
1607.86	0.8
1608.22	0.68
1608.58	0.56
1608.94	0.48
1609.29	0.8
1609.65	0.92
1610.01	1.16
1610.37	1.44
1610.73	1.8
1611.09	1.48
1611.44	1.36
1611.8	1.12
1612.16	1
1612.52	0.6
1612.88	0.48
1613.24	0.44
1613.59	0.84
1613.95	0.68
1614.31	0.52
1614.67	0.4
1615.03	0.76
1615.38	0.36
1615.74	0.36
1616.1	0.36
1616.46	0.36
1616.82	0.24
1617.17	0.4
1617.53	0.6
1617.89	0.72
1618.25	0.72
1618.6	0.68
1618.96	0.56
1619.32	0.48
1619.68	0.48
1620.04	0.48
1620.39	0.24
1620.75	0.32
1621.11	0.4
1621.47	0.28
1621.82	0.28
1622.18	0.48
1622.54	0.84
1622.9	0.72
1623.25	-0.2
1623.61	-0.04
1623.97	0.36
1624.33	0.12
1624.68	-0.12
1625.04	1.16
1625.4	1.16
1625.75	0.12
1626.11	-0.12
1626.47	0.04
1626.83	-0.24
1627.18	-0.24
1627.54	0.32
1627.9	0.48
1628.26	0.48
1628.61	0.52
1628.97	0.4
1629.33	0.32
1629.68	0.16
1630.04	0.28
1630.4	-0.16
1630.75	-0.04
1631.11	0.04
1631.47	0.08
1631.83	-0.04
1632.18	0.4
1632.54	0.36
1632.9	0.36
1633.25	0.4
1633.61	0.4
1633.97	0.28
1634.32	0.16
1634.68	0.08
1635.04	0.08
1635.39	0.16
1635.75	0.36
1636.11	0.4
1636.46	0.76
1636.82	0.68
1637.18	0.84
1637.53	0.72
1637.89	0.68
1638.25	0.44
1638.6	0.44
1638.96	0.44
1639.31	0.4
1639.67	0.6
1640.03	0.48
1640.38	0.48
1640.74	0.28
1641.1	0.24
1641.45	0.28
1641.81	0.28
1642.16	0.52
1642.52	0.48
1642.88	0.48
1643.23	0.04
1643.59	0.2
1643.95	-0.04
1644.3	0.4
1644.66	0.84
1645.01	1.2
1645.37	1.04
1645.73	1.04
1646.08	0.64
1646.44	0.2
1646.79	-0.2
1647.15	-0.04
1647.51	0.16
1647.86	0.28
1648.22	0.4
1648.57	-0.16
1648.93	-0.24
1649.28	-0.36
1649.64	-0.24
1650	-0.32
1650.35	0.48
1650.71	0.4
1651.06	0.64
1651.42	0.64
1651.77	0.44
1652.13	0.48
1652.48	0.48
1652.84	0.28
1653.2	0.04
1653.55	0.2
1653.91	0.16
1654.26	0.64
1654.62	0.64
1654.97	0.92
1655.33	0.92
1655.68	0.92
1656.04	0.44
1656.39	0.44
1656.75	0.12
1657.1	0.4
1657.46	0.56
1657.81	0.84
1658.17	0.72
1658.52	0.72
1658.88	0.6
1659.23	0.68
1659.59	0.4
1659.94	0.8
1660.3	0.84
1660.65	0.84
1661.01	0.6
1661.36	0.68
1661.72	0.4
1662.07	0.36
1662.43	0.44
1662.78	0.44
1663.14	0.6
1663.49	0.56
1663.85	0.96
1664.2	1.12
1664.56	1.32
1664.91	-0.72
1665.27	-0.76
1665.62	-0.96
1665.98	-1.32
1666.33	-1.52
1666.69	1.16
1667.04	1.12
1667.39	0.92
1667.75	1.12
1668.1	1.12
1668.46	0.36
1668.81	0.72
1669.17	0.8
1669.52	0.6
1669.88	0.6
1670.23	0.48
1670.58	0.16
1670.94	0.24
1671.29	0.32
1671.65	0.6
1672	0.84
1672.36	0.8
1672.71	0.64
1673.06	0.52
1673.42	0.24
1673.77	0.4
1674.13	0.4
1674.48	0.4
1674.83	0.4
1675.19	0.6
1675.54	0.36
1675.9	0.72
1676.25	0.72
1676.6	1.08
1676.96	1.04
1677.31	1
1677.67	1
1678.02	1.12
1678.37	0.76
1678.73	0.64
1679.08	0.52
1679.43	0.16
1679.79	0.24
1680.14	0.24
1680.5	-0.32
1680.85	0.04
1681.2	0.04
1681.56	0.04
1681.91	0.04
1682.26	0.6
1682.62	0.72
1682.97	0.72
1683.32	0.56
1683.68	0.76
1684.03	0.72
1684.38	0.6
1684.74	0.6
1685.09	0.56
1685.44	0.36
1685.8	0.36
1686.15	0
1686.5	0.04
1686.86	0.08
1687.21	-0.12
1687.56	0.2
1687.92	0.44
1688.27	0.84
1688.62	0.84
1688.98	1.04
1689.33	1.08
1689.68	0.96
1690.03	0.76
1690.39	1.08
1690.74	1.32
1691.09	0.96
1691.45	0.76
1691.8	0.56
1692.15	0.44
1692.5	0.24
1692.86	0.36
1693.21	0.6
1693.56	0.72
1693.92	0.56
1694.27	-0.08
1694.62	-0.2
1694.97	-0.36
1695.33	-0.52
1695.68	-0.4
1696.03	0.36
1696.38	0.68
1696.74	0.72
1697.09	0.72
1697.44	0.76
1697.79	1.12
1698.15	0.8
1698.5	1.08
1698.85	1.2
1699.2	0.2
1699.56	8.4378e-17
1699.91	0.24
1700.26	-0.08
1700.61	-0.2
1700.97	0.56
1701.32	0.36
1701.67	0.32
1702.02	0.32
1702.37	0.76
1702.73	0.8
1703.08	0.76
1703.43	0.6
1703.78	0.76
1704.13	0.6
1704.49	0.56
1704.84	0.48
1705.19	0.72
1705.54	0.68
1705.89	0.6
1706.25	0.6
1706.6	0.64
1706.95	0.68
1707.3	1.2
1707.65	1.4
1708.01	1.48
1708.36	1.76
1708.71	1.68
1709.06	1.16
1709.41	0.84
1709.76	1.2
1710.12	0.96
1710.47	0.72
1710.82	0.8
1711.17	0.96
1711.52	0.52
1711.87	1.04
1712.23	1.04
1712.58	1.32
1712.93	1.32
1713.28	1.32
1713.63	1.12
1713.98	1.64
1714.33	1.16
1714.69	0.92
1715.04	1.08
1715.39	0.76
1715.74	0.24
1716.09	0.6
1716.44	0.6
1716.79	0.44
1717.14	1.08
1717.5	1.2
1717.85	1.12
1718.2	1.16
1718.55	1.32
1718.9	0.84
1719.25	0.88
1719.6	0.6
1719.95	0.68
1720.3	0.52
1720.65	0.28
1721.01	0.2
1721.36	0.48
1721.71	0.48
1722.06	-0.08
1722.41	-2.88669e-17
1722.76	-3.44166e-17
1723.11	-0.2
1723.46	-0.2
1723.81	0.4
1724.16	0.4
1724.51	0.36
1724.86	0.28
1725.21	0.64
1725.56	0.6
1725.92	0.52
1726.27	0.72
1726.62	1
1726.97	0.52
1727.32	0.12
1727.67	0.16
1728.02	0.36
1728.37	0.36
1728.72	0.36
1729.07	0.8
1729.42	0.8
1729.77	0.52
1730.12	0.32
1730.47	0.44
1730.82	0.48
1731.17	0.64
1731.52	0.64
1731.87	0.72
1732.22	0.6
1732.57	0.52
1732.92	0.36
1733.27	0.32
1733.62	0.4
1733.97	0.4
1734.32	0.4
1734.67	0.4
1735.02	0.32
1735.37	0.44
1735.72	0.6
1736.07	0.84
1736.42	1.16
1736.77	1.32
1737.12	1.16
1737.47	1
1737.82	0.84
1738.17	0.8
1738.52	0.8
1738.87	0.6
1739.22	0.8
1739.57	0.8
1739.92	0.52
1740.27	0.52
1740.62	0.52
1740.97	0.84
1741.32	0.76
1741.67	1.24
1742.02	1.36
1742.37	1.68
1742.72	1.16
1743.06	1.48
1743.41	0.96
1743.76	0.68
1744.11	-0.76
1744.46	-0.76
1744.81	-1
1745.16	-0.88
1745.51	-0.92
1745.86	0.2
1746.21	0.2
1746.56	0.12
1746.91	0.2
1747.26	0.48
1747.6	0.72
1747.95	0.72
1748.3	1.16
1748.65	0.96
1749	1
1749.35	0.88
1749.7	1.4
1750.05	1
1750.4	1.44
1750.75	1.52
1751.09	1.72
1751.44	1.2
1751.79	0.68
1752.14	0.36
1752.49	0.36
1752.84	0.2
1753.19	0.4
1753.54	1.28
1753.88	1.16
1754.23	0.84
1754.58	0.96
1754.93	1.04
1755.28	0.88
1755.63	1
1755.98	0.92
1756.32	0.8
1756.67	0.76
1757.02	0.52
1757.37	0.4
1757.72	0.4
1758.07	0.32
1758.42	0.4
1758.76	0.48
1759.11	0.16
1759.46	0.36
1759.81	0.68
1760.16	0.36
1760.5	0.52
1760.85	1.08
1761.2	0.88
1761.55	0.48
1761.9	0.76
1762.25	1.56
1762.59	1.88
1762.94	1.88
1763.29	1.88
1763.64	1.64
1763.99	0.72
1764.33	0.48
1764.68	0.76
1765.03	1
1765.38	1.12
1765.73	1.12
1766.07	1.12
1766.42	0.96
1766.77	0.8
1767.12	0.68
1767.46	0.76
1767.81	0.68
1768.16	1
1768.51	0.92
1768.85	0.88
1769.2	0.68
1769.55	0.44
1769.9	0.28
1770.25	0.44
1770.59	0.56
1770.94	0.6
1771.29	0.6
1771.64	0.32
1771.98	0.24
1772.33	0.24
1772.68	1.2
1773.02	1.56
1773.37	1.68
1773.72	1.64
1774.07	1.72
1774.41	0.88
1774.76	0.6
1775.11	0.48
1775.46	0.92
1775.8	1.36
1776.15	1.32
1776.5	1.36
1776.84	1.84
1777.19	1.52
1777.54	0.88
1777.89	0.84
1778.23	0.8
1778.58	0.4
1778.93	0.52
1779.27	0.56
1779.62	0.96
1779.97	1.4
1780.31	1.32
1780.66	1.36
1781.01	1.56
1781.35	1.08
1781.7	0.8
1782.05	1.04
1782.39	0.84
1782.74	0.6
1783.09	0.6
1783.43	0.52
1783.78	0.28
1784.13	0.44
1784.47	-0.08
1784.82	-3.44166e-17
1785.17	-0.16
1785.51	-0.12
1785.86	-0.4
1786.21	0.2
1786.55	0.68
1786.9	0.68
1787.25	0.68
1787.59	0.88
1787.94	1.16
1788.29	0.64
1788.63	0.92
1788.98	0.88
1789.32	0.88
1789.67	1.56
1790.02	2.32
1790.36	2.12
1790.71	2.64
1791.06	2.6
1791.4	1.72
1791.75	1
1792.09	1.2
1792.44	0.28
1792.79	-1.36
1793.13	-1.12
1793.48	-0.88
1793.82	-1.04
1794.17	-2.2
1794.52	-0.48
1794.86	-0.32
1795.21	-0.52
1795.55	-0.48
1795.9	0.76
1796.24	0.52
1796.59	0.16
1796.94	0.68
1797.28	1.44
1797.63	2.08
1797.97	2.08
1798.32	2.04
1798.66	1.4
1799.01	1.08
1799.36	0.92
1799.7	0.92
1800.05	0.96
1800.39	1.24
1800.74	0.92
1801.08	0.8
1801.43	0.8
1801.77	0.72
1802.12	0.64
1802.46	0.4
1802.81	0.36
1803.15	0.68
1803.5	0.8
1803.85	0.96
1804.19	1.32
1804.54	1.52
1804.88	1.36
1805.23	1.72
1805.57	1.64
1805.92	1.44
1806.26	1.28
1806.61	1.28
1806.95	0.84
1807.3	0.84
1807.64	0.92
1807.99	1.56
1808.33	1.44
1808.68	1.44
1809.02	1.6
1809.37	1.92
1809.71	1.28
1810.06	1.72
1810.4	1.88
1810.75	1.52
1811.09	0.96
1811.43	0.92
1811.78	0.44
1812.12	-0.08
1812.47	0.04
1812.81	0.56
1813.16	0.92
1813.5	1.6
1813.85	2
1814.19	1.92
1814.54	1.52
1814.88	1.56
1815.23	1.32
1815.57	1.4
1815.91	1.4
1816.26	1.84
1816.6	2.16
1816.95	1.92
1817.29	1.72
1817.64	2.44
1817.98	0.76
1818.32	0.12
1818.67	1
1819.01	1.24
1819.36	0.64
1819.7	1.8
1820.05	2.32
1820.39	1.64
1820.73	1.76
1821.08	1.96
1821.42	2.04
1821.77	1.84
1822.11	1.64
1822.45	1.24
1822.8	1.08
1823.14	1.64
1823.49	1.8
1823.83	2.76
1824.17	4.24
1824.52	4.36
1824.86	4.04
1825.2	3.48
1825.55	3.84
1825.89	2.8
1826.24	2.88
1826.58	2.96
1826.92	2.96
1827.27	2.32
1827.61	2.92
1827.95	2.92
1828.3	3.64
1828.64	4.12
1828.98	4.24
1829.33	3.16
1829.67	3.96
1830.02	4.36
1830.36	4.88
1830.7	5.56
1831.05	6.4
1831.39	5.44
1831.73	4.56
1832.08	5.12
1832.42	4.8
1832.76	4.8
1833.1	5.04
1833.45	5.2
1833.79	5.32
1834.13	4.48
1834.48	4.6
1834.82	5.28
1835.16	6.28
1835.51	5.72
1835.85	6.32
1836.19	6.28
1836.54	5.56
1836.88	4.48
1837.22	3.96
1837.56	3.2
1837.91	3.84
1838.25	5.32
1838.59	7.12
1838.94	8.72
1839.28	11
1839.62	10.44
1839.96	9.64
1840.31	8.96
1840.65	7.48
1840.99	6.04
1841.34	7.84
1841.68	8.76
1842.02	8.28
1842.36	9.28
1842.71	9.88
1843.05	8.28
1843.39	7.84
1843.73	8.16
1844.08	8.76
1844.42	10.16
1844.76	12
1845.1	13.32
1845.45	12.92
1845.79	12.8
1846.13	12.44
1846.47	10.88
1846.81	10.04
1847.16	10.2
1847.5	9.8
1847.84	11.28
1848.18	10.96
1848.53	10.72
1848.87	11.16
1849.21	12.04
1849.55	8.92
1849.89	9.48
1850.24	10.4
1850.58	10.2
1850.92	9.04
1851.26	10.52
1851.6	11.12
1851.95	9.76
1852.29	10.28
1852.63	10
1852.97	8.68
1853.31	7.8
1853.66	7.12
1854	6.88
1854.34	7.44
1854.68	8.24
1855.02	8.44
1855.36	9.64
1855.71	8.84
1856.05	8.96
1856.39	9.04
1856.73	8.48
1857.07	7.88
1857.41	7.64
1857.76	8.12
1858.1	8.84
1858.44	9.76
1858.78	9.84
1859.12	11.04
1859.46	10.6
1859.8	8.88
1860.15	7.56
1860.49	7.92
1860.83	7.4
1861.17	6.88
1861.51	7.56
1861.85	8.72
1862.19	8.2
1862.53	7.16
1862.88	7.2
1863.22	6.56
1863.56	6.08
1863.9	5.48
1864.24	7
1864.58	6.16
1864.92	5.88
1865.26	5.28
1865.6	6.36
1865.94	5.32
1866.29	6.36
1866.63	5.64
1866.97	6.4
1867.31	5.44
1867.65	4.92
1867.99	4.44
1868.33	5.08
1868.67	4.48
1869.01	3.88
1869.35	3.08
1869.69	3.44
1870.03	3.52
1870.37	3.12
1870.72	3.68
1871.06	4.64
1871.4	3.6
1871.74	2.92
1872.08	3.28
1872.42	3.48
1872.76	4.16
1873.1	4.48
1873.44	5.12
1873.78	4.56
1874.12	4.44
1874.46	3.24
1874.8	3.12
1875.14	3.56
1875.48	3.96
1875.82	4.12
1876.16	4.08
1876.5	4.36
1876.84	3.6
1877.18	3.28
1877.52	3.04
1877.86	3.28
1878.2	3
1878.54	3.12
1878.88	3.72
1879.22	3.2
1879.56	3.08
1879.9	2.32
1880.24	2.4
1880.58	1.96
1880.92	2.12
1881.26	2.24
1881.6	2.92
1881.94	2.28
1882.28	2.64
1882.62	2.36
1882.96	2.04
1883.3	2.08
1883.64	2.12
1883.98	1.56
1884.32	2.52
1884.66	2.64
1885	2.12
1885.34	2.2
1885.68	2.84
1886.02	2.16
1886.36	2
1886.7	3.16
1887.04	3.56
1887.38	3.44
1887.72	3.44
1888.06	3.04
1888.39	1.84
1888.73	1.2
1889.07	1.12
1889.41	0.84
1889.75	0.84
1890.09	0.84
1890.43	1.36
1890.77	0.72
1891.11	1.04
1891.45	1.64
1891.79	1.68
1892.13	1.08
1892.47	1
1892.8	1
1893.14	0.72
1893.48	0.44
1893.82	1.28
1894.16	1.4
1894.5	1.08
1894.84	1.44
1895.18	1.76
1895.52	1.44
1895.86	1.6
1896.19	1.56
1896.53	1.24
1896.87	1.24
1897.21	0.84
1897.55	0.88
1897.89	1.04
1898.23	1.4
1898.57	1.36
1898.9	1.4
1899.24	1.28
1899.58	1.52
1899.92	1.48
1900.26	1.48
1900.6	2
1900.94	1.72
1901.27	1.32
1901.61	1.04
1901.95	1
1902.29	0.6
1902.63	0.84
1902.97	0.72
1903.3	0.96
1903.64	0.92
1903.98	0.64
1904.32	0.4
1904.66	0.4
1905	0.12
1905.33	0.04
1905.67	0.04
1906.01	0.08
1906.35	0.08
1906.69	0.44
1907.02	0.84
1907.36	0.96
1907.7	0.96
1908.04	1
1908.38	0.64
1908.71	0.68
1909.05	0.72
1909.39	0.68
1909.73	0.8
1910.07	1.08
1910.4	0.88
1910.74	1.04
1911.08	1.08
1911.42	0.92
1911.76	0.84
1912.09	0.52
1912.43	0.6
1912.77	0.68
1913.11	0.88
1913.44	0.64
1913.78	0.32
1914.12	0.16
1914.46	0.04
1914.79	-1.33221e-17
1915.13	-1.33221e-17
1915.47	0.28
1915.81	0.2
1916.14	0.52
1916.48	0.48
1916.82	0.48
1917.16	0.36
1917.49	0.36
1917.83	0.04
1918.17	-0.04
1918.5	0.16
1918.84	0.8
1919.18	0.64
1919.52	0.88
1919.85	1.08
1920.19	1.04
1920.53	0.76
1920.87	1.08
1921.2	1.16
1921.54	1.52
1921.88	2.4
1922.21	2.92
1922.55	2.88
1922.89	3.4
1923.22	3.36
1923.56	2.92
1923.9	2.52
1924.23	3.16
1924.57	1.88
1924.91	1.92
1925.25	1.64
1925.58	1.68
1925.92	0.96
1926.26	2
1926.59	1.76
1926.93	2.08
1927.27	2.32
1927.6	2.56
1927.94	2.68
1928.28	2.72
1928.61	2.6
1928.95	2.6
1929.29	2.6
1929.62	2.28
1929.96	2.12
1930.29	1.84
1930.63	1.92
1930.97	2.2
1931.3	2.24
1931.64	2.2
1931.98	2.6
1932.31	1.76
1932.65	1.24
1932.99	1.36
1933.32	1.6
1933.66	1.2
1933.99	2
1934.33	2.52
1934.67	2.72
1935	2.92
1935.34	3.04
1935.67	3.04
1936.01	3
1936.35	2.8
1936.68	2.72
1937.02	3.28
1937.35	3.36
1937.69	2.8
1938.03	2.4
1938.36	0.12
1938.7	2.22045e-16
1939.03	0.2
1939.37	1.16
1939.7	1.56
1940.04	3.28
1940.38	3.04
1940.71	2.72
1941.05	3
1941.38	3.12
1941.72	3.84
1942.05	4.2
1942.39	5.24
1942.73	4.24
1943.06	4.04
1943.4	4.04
1943.73	4.04
1944.07	3.56
1944.4	3.4
1944.74	3.24
1945.07	3.56
1945.41	2.8
1945.74	2.08
1946.08	2.12
1946.42	2.36
1946.75	1.68
1947.09	2.64
1947.42	2.72
1947.76	2.8
1948.09	2.44
1948.43	2.48
1948.76	1.52
1949.1	1.96
1949.43	2.2
1949.77	2.16
1950.1	2.56
1950.44	2.92
1950.77	2.12
1951.11	2.12
1951.44	2.32
1951.78	2.24
1952.11	2.36
1952.45	2.96
1952.78	3.04
1953.12	3.56
1953.45	4.28
1953.79	4.44
1954.12	4.2
1954.46	3.92
1954.79	3.68
1955.12	2.48
1955.46	2.12
1955.79	2.16
1956.13	2.16
1956.46	1.84
1956.8	1.12
1957.13	1.16
1957.47	1.8
1957.8	2.08
1958.14	2.68
1958.47	3.52
1958.8	3.08
1959.14	2.56
1959.47	2.64
1959.81	2.36
1960.14	2.4
1960.48	3.2
1960.81	3.4
1961.14	3
1961.48	2.36
1961.81	2.6
1962.15	2.12
1962.48	2.2
1962.82	2.32
1963.15	2.88
1963.48	2.6
1963.82	2.8
1964.15	2.88
1964.49	2.68
1964.82	2.44
1965.15	2.52
1965.49	2.56
1965.82	1.92
1966.16	2.36
1966.49	2.32
1966.82	2
1967.16	1.56
1967.49	2
1967.83	1.48
1968.16	1.52
1968.49	2.04
1968.83	2.6
1969.16	2.52
1969.49	2.72
1969.83	2.52
1970.16	2.76
1970.49	2.64
1970.83	2.2
1971.16	1.96
1971.5	2.08
1971.83	1.52
1972.16	1.28
1972.5	1.2
1972.83	1.12
1973.16	1.56
1973.5	1.24
1973.83	1.08
1974.16	1.6
1974.5	1.56
1974.83	1.2
1975.16	1.56
1975.5	1.36
1975.83	0.88
1976.16	0.88
1976.49	1.24
1976.83	1.16
1977.16	1.16
1977.49	1.12
1977.83	1.56
1978.16	0.92
1978.49	0.8
1978.83	1.08
1979.16	1.68
1979.49	1.52
1979.83	2.12
1980.16	1.96
1980.49	1.88
1980.82	1.2
1981.16	1.28
1981.49	0.92
1981.82	0.84
1982.15	0.96
1982.49	1.24
1982.82	1.32
1983.15	1.28
1983.49	1.52
1983.82	1.24
1984.15	0.92
1984.48	0.68
1984.82	0.88
1985.15	1.44
1985.48	1.6
1985.81	1.76
1986.15	1.84
1986.48	1.6
1986.81	0.88
1987.14	1.12
1987.48	1.56
1987.81	1.6
1988.14	1.96
1988.47	2
1988.81	1.56
1989.14	0.92
1989.47	0.84
1989.8	0.28
1990.13	0.48
1990.47	0.48
1990.8	0.6
1991.13	0.36
1991.46	0.36
1991.79	-0.4
1992.13	-1.08
1992.46	-0.92
1992.79	-0.88
1993.12	-0.84
1993.45	-0.76
1993.79	0.04
1994.12	0.4
1994.45	0.36
1994.78	0.48
1995.11	1.24
1995.45	1.24
1995.78	0.96
1996.11	1.44
1996.44	1.28
1996.77	0.96
1997.1	0.88
1997.44	0.6
1997.77	0.12
1998.1	0.2
1998.43	0.36
1998.76	0.4
1999.09	0.6
1999.43	-0.6
1999.76	-0.32
2000.09	-0.08
2000.42	-0.12
2000.75	-1.48
2001.08	0.4
2001.41	0.12
2001.75	-0.12
2002.08	0.04
2002.41	1.32
2002.74	1.24
2003.07	1.44
2003.4	1.28
2003.73	1.08
2004.06	1.08
2004.4	0.68
2004.73	0.72
2005.06	1.4
2005.39	1.4
2005.72	1.16
2006.05	1.04
2006.38	0.72
2006.71	0.08
2007.04	0.12
2007.37	0.16
2007.71	0.08
2008.04	0.08
2008.37	0.12
2008.7	0.36
2009.03	0.4
2009.36	0.4
2009.69	0.4
2010.02	0.48
2010.35	0.28
2010.68	0.24
2011.01	0.84
2011.34	1.32
2011.67	1.4
2012.01	1.48
2012.34	1.48
2012.67	1
2013	0.52
2013.33	0.8
2013.66	0.68
2013.99	0.72
2014.32	0.92
2014.65	0.92
2014.98	0.44
2015.31	0.4
2015.64	0.64
2015.97	0.56
2016.3	1.08
2016.63	1.2
2016.96	1.68
2017.29	1.12
2017.62	0.88
2017.95	0.36
2018.28	0.44
2018.61	0.28
2018.94	0.68
2019.27	0.92
2019.6	1.88
2019.93	1.96
2020.26	1.64
2020.59	1.96
2020.92	1.92
2021.25	1.12
2021.58	1.44
2021.91	1.68
2022.24	1.6
2022.57	1.4
2022.9	1.6
2023.23	1.16
2023.56	1.16
2023.89	1.44
2024.22	1.6
2024.55	1.36
2024.88	1.28
2025.21	1.04
2025.54	0.24
2025.87	0.28
2026.2	0.36
2026.53	0.48
2026.86	0.64
2027.19	1.2
2027.52	1.28
2027.85	1.36
2028.18	1.56
2028.51	1.84
2028.84	2
2029.16	1.92
2029.49	1.64
2029.82	1.96
2030.15	1.76
2030.48	0.64
2030.81	0.48
2031.14	0.88
2031.47	0.12
2031.8	0.04
2032.13	1.16
2032.46	1.2
2032.79	1.2
2033.12	1.2
2033.44	1.16
2033.77	0.72
2034.1	0.96
2034.43	0.64
2034.76	0.68
2035.09	0.68
2035.42	0.68
2035.75	0.6
2036.08	0.52
2036.41	0.88
2036.73	0.88
2037.06	1.28
2037.39	1.32
2037.72	1.36
2038.05	0.96
2038.38	1
2038.71	1.36
2039.04	0.44
2039.36	1.04
2039.69	1.56
2040.02	1.16
2040.35	0.6
2040.68	1.24
2041.01	0.8
2041.34	0.16
2041.66	0.68
2041.99	0.44
2042.32	0.56
2042.65	0.88
2042.98	1.04
2043.31	0.84
2043.63	1.2
2043.96	1.12
2044.29	1
2044.62	1.2
2044.95	1.32
2045.28	1.32
2045.6	1.6
2045.93	1.2
2046.26	1.08
2046.59	0.88
2046.92	0.96
2047.24	0.68
2047.57	1.08
2047.9	1.08
2048.23	1.12
2048.56	0.84
2048.88	0.92
2049.21	0.6
2049.54	0.68
2049.87	0.96
2050.2	0.76
2050.52	0.64
2050.85	1
2051.18	0.8
2051.51	0.52
2051.83	0.6
2052.16	0.8
2052.49	0.36
2052.82	0.36
2053.15	0.2
2053.47	0.08
2053.8	-0.04
2054.13	0.28
2054.46	0.88
2054.78	1.68
2055.11	1.68
2055.44	2.16
2055.77	1.92
2056.09	1.4
2056.42	0.96
2056.75	1.12
2057.08	0.56
2057.4	0.92
2057.73	1.2
2058.06	1
2058.38	0.96
2058.71	1.2
2059.04	0.84
2059.37	0.96
2059.69	1
2060.02	1.24
2060.35	1.04
2060.67	1.04
2061	0.56
2061.33	0.44
2061.66	0.24
2061.98	0.36
2062.31	0.28
2062.64	0.32
2062.96	0.64
2063.29	0.56
2063.62	0.4
2063.94	0.76
2064.27	0.96
2064.6	-0.04
2064.92	-0.12
2065.25	0.32
2065.58	0.2
2065.91	-1.72083e-17
2066.23	0.84
2066.56	1.52
2066.89	1.4
2067.21	1.16
2067.54	1.36
2067.87	1.24
2068.19	0.56
2068.52	0.4
2068.84	0.4
2069.17	0.28
2069.5	0.96
2069.82	0.76
2070.15	0.64
2070.48	0.92
2070.8	0.88
2071.13	0.24
2071.46	0.84
2071.78	0.8
2072.11	0.8
2072.43	0.96
2072.76	0.92
2073.09	0.64
2073.41	1.12
2073.74	0.96
2074.07	0.72
2074.39	0.96
2074.72	0.84
2075.04	0.44
2075.37	0.56
2075.7	0.64
2076.02	0.4
2076.35	0.92
2076.67	0.84
2077	0.6
2077.33	1.2
2077.65	1.2
2077.98	0.68
2078.3	0.96
2078.63	1.32
2078.95	0.88
2079.28	1.24
2079.61	0.64
2079.93	0.6
2080.26	0.44
2080.58	0.32
2080.91	0.2
2081.23	0.8
2081.56	0.68
2081.89	1
2082.21	1
2082.54	0.96
2082.86	1.12
2083.19	1.12
2083.51	0.92
2083.84	0.8
2084.16	0.6
2084.49	0.44
2084.81	0.36
2085.14	0.12
2085.46	0.12
2085.79	0.72
2086.12	0.76
2086.44	0.72
2086.77	0.64
2087.09	0.88
2087.42	0.32
2087.74	0.28
2088.07	0.32
2088.39	0.48
2088.72	0.36
2089.04	0.72
2089.37	0.96
2089.69	1.16
2090.02	1
2090.34	1
2090.67	0.64
2090.99	-1.72
2091.32	-1.8
2091.64	-1.68
2091.97	-1.64
2092.29	-1.32
2092.62	1.16
2092.94	1.4
2093.26	1.28
2093.59	1.2
2093.91	-0.2
2094.24	-0.56
2094.56	-0.8
2094.89	-0.56
2095.21	-0.24
2095.54	0.8
2095.86	0.88
2096.19	0.72
2096.51	0.56
2096.84	0.16
2097.16	0.32
2097.48	0.24
2097.81	0.6
2098.13	1.04
2098.46	0.68
2098.78	0.6
2099.11	0.64
2099.43	0.32
2099.75	0.24
2100.08	0.68
2100.4	0.6
2100.73	0.88
2101.05	0.84
2101.38	0.6
2101.7	0.52
2102.02	0.64
2102.35	0.48
2102.67	1.2
2103	1.08
2103.32	1.08
2103.64	1.68
2103.97	1.76
2104.29	1.52
2104.62	1.44
2104.94	1.48
2105.26	0.2
2105.59	2.4425e-17
2105.91	-0.48
2106.23	-0.48
2106.56	-0.44
2106.88	0.28
2107.21	0.32
2107.53	0.48
2107.85	0.48
2108.18	0.52
2108.5	0.64
2108.82	0.56
2109.15	0.88
2109.47	1.16
2109.79	1.2
2110.12	1.28
2110.44	1.32
2110.76	1.16
2111.09	1.2
2111.41	1.32
2111.73	1.04
2112.06	1.4
2112.38	1.2
2112.7	0.28
2113.03	5.55112e-17
2113.35	-6.66107e-18
2113.67	-0.24
2114	-0.36
2114.32	0.44
2114.64	0.68
2114.97	0.72
2115.29	0.76
2115.61	1.12
2115.94	1.08
2116.26	1.2
2116.58	1.12
2116.91	0.12
2117.23	-0.24
2117.55	-0.32
2117.87	-0.24
2118.2	-2.88669e-17
2118.52	0.8
2118.84	0.92
2119.17	0.88
2119.49	0.6
2119.81	0.6
2120.13	0.6
2120.46	0.48
2120.78	-0.4
2121.1	-0.56
2121.42	-0.72
2121.75	-0.72
2122.07	-0.72
2122.39	0.24
2122.72	0.28
2123.04	0.36
2123.36	0.4
2123.68	0.4
2124.01	0.28
2124.33	0.32
2124.65	0.36
2124.97	0.32
2125.29	0.6
2125.62	0.72
2125.94	0.88
2126.26	0.92
2126.58	1.36
2126.91	0.52
2127.23	0.44
2127.55	0.56
2127.87	0.28
2128.2	-0.16
2128.52	0.4
2128.84	0.44
2129.16	0.28
2129.48	0.56
2129.81	0.72
2130.13	0.72
2130.45	1.08
2130.77	0.92
2131.09	0.68
2131.42	0.56
2131.74	0.56
2132.06	0.12
2132.38	0.32
2132.7	0.28
2133.02	0.36
2133.35	0.52
2133.67	0.52
2133.99	0.64
2134.31	0.36
2134.63	0.28
2134.96	0.2
2135.28	0.24
2135.6	0.04
2135.92	0.36
2136.24	0.32
2136.56	0.32
2136.88	0.76
2137.21	0.6
2137.53	1
2137.85	1.32
2138.17	0.88
2138.49	0.52
2138.81	0.68
2139.13	0.28
2139.46	-0.04
2139.78	0.32
2140.1	0.44
2140.42	0.4
2140.74	0.36
2141.06	0.36
2141.38	0.52
2141.7	0.44
2142.03	0.6
2142.35	0.8
2142.67	0.8
2142.99	0.76
2143.31	0.68
2143.63	0.48
2143.95	0.8
2144.27	0.96
2144.59	1.2
2144.91	1.04
2145.24	1.12
2145.56	1.12
2145.88	1.12
2146.2	1.16
2146.52	1.36
2146.84	1.2
2147.16	0.8
2147.48	1
2147.8	0.84
2148.12	0.84
2148.44	0.84
2148.76	0.72
2149.08	0.64
2149.41	1.44
2149.73	1.32
2150.05	1.32
2150.37	1.56
2150.69	1.28
2151.01	0.84
2151.33	0.92
2151.65	0.96
2151.97	0.88
2152.29	0.92
2152.61	0.04
2152.93	0.28
2153.25	0.36
2153.57	0.32
2153.89	0.72
2154.21	0.6
2154.53	0.88
2154.85	0.76
2155.17	0.96
2155.49	0.4
2155.81	0.8
2156.13	0.48
2156.45	0.56
2156.77	0.36
2157.09	0.52
2157.41	0.76
2157.73	0.56
2158.05	0.48
2158.37	0.44
2158.69	0.6
2159.01	0.36
2159.33	0.56
2159.65	0.6
2159.97	0.88
2160.29	1
2160.61	1.08
2160.93	1.28
2161.25	1.24
2161.57	1.2
2161.89	1.08
2162.21	1.12
2162.53	0.84
2162.85	0.28
2163.17	-0.04
2163.49	-0.24
2163.81	4.21755e-17
2164.13	-0.2
2164.45	-0.12
2164.77	-0.08
2165.08	0.2
2165.4	0.44
2165.72	0.44
2166.04	1.28
2166.36	1.96
2166.68	1.68
2167	1.36
2167.32	1.48
2167.64	1.12
2167.96	0.4
2168.28	0.4
2168.6	0.2
2168.92	0.76
2169.24	0.92
2169.55	0.92
2169.87	0.92
2170.19	0.84
2170.51	0.2
2170.83	0.48
2171.15	0.88
2171.47	1
2171.79	1.04
2172.11	1
2172.43	0.56
2172.74	0.2
2173.06	0.08
2173.38	0.04
2173.7	0.16
2174.02	0.4
2174.34	0.36
2174.66	1.08
2174.98	1.08
2175.29	0.96
2175.61	1.04
2175.93	1.08
2176.25	0.36
2176.57	0.36
2176.89	0.6
2177.21	0.48
2177.52	0.44
2177.84	0.6
2178.16	0.84
2178.48	0.88
2178.8	0.68
2179.12	0.72
2179.43	0.76
2179.75	-0.48
2180.07	-0.76
2180.39	-0.68
2180.71	-0.56
2181.03	-0.64
2181.34	0.36
2181.66	0.8
2181.98	0.72
2182.3	0.56
2182.62	0.44
2182.93	0.28
2183.25	-0.16
2183.57	0.08
2183.89	0.08
2184.21	0.12
2184.52	0.28
2184.84	0.28
2185.16	0.04
2185.48	0.52
2185.8	0.64
2186.11	0.76
2186.43	1
2186.75	1.08
2187.07	0.2
2187.39	-0.68
2187.7	-0.8
2188.02	-1.64
2188.34	-1.72
2188.66	-1.32
2188.97	-0.6
2189.29	-0.6
2189.61	0.16
2189.93	0.16
2190.24	0.16
2190.56	0.32
2190.88	0.64
2191.2	0.48
2191.51	1.12
2191.83	1.2
2192.15	1.12
2192.47	1.04
2192.78	1.16
2193.1	0.68
2193.42	0.72
2193.74	0.84
2194.05	0.6
2194.37	0.56
2194.69	0.6
2195	0.08
2195.32	-0.08
2195.64	0.04
2195.96	0.28
2196.27	0.08
2196.59	-0.12
2196.91	0.08
2197.22	0.32
2197.54	0.4
2197.86	0.4
2198.18	1.16
2198.49	0.92
2198.81	0.72
2199.13	0.96
2199.44	0.96
2199.76	0.8
2200.08	0.8
2200.39	0.92
2200.71	0.72
2201.03	0.92
2201.34	0.92
2201.66	0.92
2201.98	0.8
2202.29	0.64
2202.61	0.44
2202.93	0.6
2203.24	0.6
2203.56	0.6
2203.88	0.4
2204.19	0.8
2204.51	0.8
2204.83	0.96
2205.14	1.04
2205.46	0.96
2205.78	0.8
2206.09	0.88
2206.41	0.52
2206.72	0.08
2207.04	0.28
2207.36	-0.04
2207.67	-0.24
2207.99	-0.04
2208.31	0.16
2208.62	0.44
2208.94	0.76
2209.25	0.84
2209.57	0.96
2209.89	1.48
2210.2	1
2210.52	1.08
2210.83	1.2
2211.15	1.24
2211.47	0.8
2211.78	1.08
2212.1	0.48
2212.41	0.52
2212.73	0.6
2213.05	0.8
2213.36	1
2213.68	1.28
2213.99	1
2214.31	1.12
2214.62	0.84
2214.94	0.48
2215.26	0.56
2215.57	0.8
2215.89	1.04
2216.2	1.04
2216.52	1
2216.83	1.16
2217.15	0.96
2217.46	0.44
2217.78	0.6
2218.1	0.76
2218.41	0.52
2218.73	0.56
2219.04	0.48
2219.36	0.36
2219.67	0.32
2219.99	0.48
2220.3	0.4
2220.62	0.48
2220.93	0.64
2221.25	0.44
2221.56	0.4
2221.88	0.52
2222.19	0.44
2222.51	0.44
2222.82	-0.92
2223.14	-1.04
2223.45	-1.16
2223.77	-1.16
2224.08	-1
2224.4	0.52
2224.71	0.56
2225.03	0.64
2225.34	1.36
2225.66	-0.2
2225.97	-0.04
2226.29	0.64
2226.6	0.56
2226.92	0.24
2227.23	1.72
2227.55	1.4
2227.86	0.76
2228.18	0.76
2228.49	0.36
2228.81	0.36
2229.12	0.6
2229.44	0.6
2229.75	0.6
2230.07	0.88
2230.38	0.68
2230.69	0.56
2231.01	0.52
2231.32	0.76
2231.64	0.68
2231.95	0.64
2232.27	0.52
2232.58	0.6
2232.9	0.48
2233.21	0.32
2233.52	0.36
2233.84	0.6
2234.15	0.64
2234.47	0.52
2234.78	0.48
2235.1	0.48
2235.41	0.24
2235.72	0.2
2236.04	0.2
2236.35	1.12
2236.67	0.48
2236.98	0.48
2237.29	0.36
2237.61	0.52
2237.92	-0.36
2238.24	0.24
2238.55	0.32
2238.86	0.36
2239.18	0.44
2239.49	-0.28
2239.8	-0.2
2240.12	-0.28
2240.43	-0.12
2240.75	-0.36
2241.06	0.32
2241.37	0.36
2241.69	0.56
2242	0.36
2242.31	0.36
2242.63	0.48
2242.94	0.4
2243.26	-0.2
2243.57	-0.2
2243.88	-0.2
2244.2	0.08
2244.51	0.32
2244.82	0.72
2245.14	0.72
2245.45	0.96
2245.76	0.68
2246.08	0.4
2246.39	1.12
2246.7	1.28
2247.02	1.4
2247.33	1.28
2247.64	1.6
2247.96	0.88
2248.27	0.72
2248.58	-0.56
2248.9	-0.56
2249.21	-0.84
2249.52	-0.84
2249.83	-0.84
2250.15	0.2
2250.46	0.2
2250.77	0.12
2251.09	0.16
2251.4	0.24
2251.71	0.4
2252.03	0.6
2252.34	0.76
2252.65	0.96
2252.96	1.36
2253.28	1.08
2253.59	0.92
2253.9	0.76
2254.21	0.56
2254.53	0.12
2254.84	-1.11131e-18
2255.15	-0.04
2255.47	-0.04
2255.78	0.08
2256.09	0.08
2256.4	0.2
2256.72	0.52
2257.03	0.6
2257.34	0.52
2257.65	0.56
2257.97	0.6
2258.28	0.92
2258.59	0.84
2258.9	0.76
2259.22	0.76
2259.53	0.8
2259.84	0.24
2260.15	0.32
2260.46	0.48
2260.78	0.68
2261.09	0.84
2261.4	1.04
2261.71	1.12
2262.03	0.96
2262.34	0.76
2262.65	0.52
2262.96	0.36
2263.27	0.28
2263.59	0.32
2263.9	0.24
2264.21	0.28
2264.52	0.16
2264.83	0.16
2265.15	0.12
2265.46	0.12
2265.77	0.08
2266.08	0.36
2266.39	0.4
2266.7	0.56
2267.02	0.56
2267.33	0.28
2267.64	2.88669e-17
2267.95	-0.12
2268.26	-0.12
2268.57	4.82944e-17
2268.89	0.28
2269.2	0.32
2269.51	0.48
2269.82	0.32
2270.13	0.48
2270.44	0.48
2270.76	0.04
2271.07	-0.12
2271.38	-0.72
2271.69	-0.96
2272	-0.96
2272.31	-0.76
2272.62	-1.52
2272.93	-0.88
2273.25	-0.84
2273.56	-0.84
2273.87	-0.52
2274.18	0.24
2274.49	0.32
2274.8	0.28
2275.11	0.32
2275.42	0.32
2275.74	0.32
2276.05	0.44
2276.36	0.72
2276.67	0.72
2276.98	0.84
2277.29	0.84
2277.6	0.64
2277.91	0.88
2278.22	0.56
2278.53	0.72
2278.85	1.12
2279.16	0.08
2279.47	-0.48
2279.78	-0.04
2280.09	-0.44
2280.4	-0.84
2280.71	0.16
2281.02	0.44
2281.33	0.52
2281.64	1.16
2281.95	1.28
2282.26	1.32
2282.57	1.24
2282.88	1.16
2283.19	0.52
2283.5	0.4
2283.82	0.36
2284.13	0.16
2284.44	0.08
2284.75	0.08
2285.06	0.12
2285.37	0.48
2285.68	0.64
2285.99	0.6
2286.3	0.84
2286.61	0.8
2286.92	0.44
2287.23	0.36
2287.54	0.32
2287.85	0.28
2288.16	0.28
2288.47	0.48
2288.78	0.56
2289.09	0.56
2289.4	0.56
2289.71	0.56
2290.02	1.04
2290.33	0.92
2290.64	1.4
2290.95	1.12
2291.26	1.36
2291.57	0.68
2291.88	0.52
2292.19	0.32
2292.5	0.4
2292.81	0.16
2293.12	0.16
2293.43	0.28
2293.74	0
2294.05	0
2294.36	0
2294.67	0
2294.98	0
2295.29	0
2295.6	0
2295.91	0
2296.21	0
2296.52	0
2296.83	0
2297.14	0
2297.45	0
2297.76	0
2298.07	0
2298.38	0
2298.69	0
2299	0
2299.31	0
2299.62	0
2299.93	0
2300.24	0
2300.55	0
2300.85	0
2301.16	0
2301.47	0
2301.78	0
2302.09	0
2302.4	0
2302.71	0
2303.02	0
2303.33	0
2303.64	0
2303.94	0
2304.25	0
2304.56	0
2304.87	0
2305.18	0
2305.49	0
2305.8	0
2306.11	0
2306.42	0
2306.72	0
2307.03	0
2307.34	0
2307.65	0
2307.96	0
2308.27	0
2308.58	0
2308.88	0
2309.19	0
2309.5	0
2309.81	0
2310.12	0
2310.43	0
2310.74	0
2311.04	0
2311.35	0
2311.66	0
2311.97	0
2312.28	0
2312.59	0
2312.89	0
2313.2	0
2313.51	0
2313.82	0
2314.13	0
2314.43	0
2314.74	0
2315.05	0
2315.36	0
2315.67	0
2315.97	0
2316.28	0
2316.59	0
2316.9	0
2317.21	0
2317.51	0
2317.82	0
2318.13	0
2318.44	0
2318.75	0
2319.05	0
2319.36	0
2319.67	0
2319.98	0
2320.28	0
2320.59	0
2320.9	0
2321.21	0
2321.51	0
2321.82	0
2322.13	0
2322.44	0
2322.74	0
2323.05	0
2323.36	0
2323.67	0
2323.97	0
2324.28	0
2324.59	0
2324.9	0
2325.2	0
2325.51	0
2325.82	0
2326.13	0
2326.43	0
2326.74	0
2327.05	0
2327.35	0
2327.66	0
2327.97	0
2328.27	0
2328.58	0
2328.89	0
2329.2	0
2329.5	0
2329.81	0
2330.12	0
2330.42	0
2330.73	0
2331.04	0
2331.34	0
2331.65	0
2331.96	0
2332.26	0
2332.57	0
2332.88	0
2333.18	0
2333.49	0
2333.8	0
2334.1	0
2334.41	0
2334.72	0
2335.02	0
2335.33	0
2335.64	0
2335.94	0
2336.25	0
2336.56	0
2336.86	0
2337.17	0
2337.48	0
2337.78	0
2338.09	0
2338.39	0
2338.7	0
2339.01	0
2339.31	0
2339.62	0
2339.93	0
2340.23	0
2340.54	0
2340.84	0
2341.15	0
2341.46	0
2341.76	0
2342.07	0
2342.37	0
2342.68	0
2342.99	0
2343.29	0
2343.6	0
2343.9	0
2344.21	0
2344.51	0
2344.82	0
2345.13	0
2345.43	0
2345.74	0
2346.04	0
2346.35	0
2346.65	0
2346.96	0
2347.27	0
2347.57	0
2347.88	0
2348.18	0
2348.49	0
2348.79	0
2349.1	0
2349.4	0
2349.71	0
2350.01	0
2350.32	0
2350.63	0
2350.93	0
2351.24	0
2351.54	0
2351.85	0
2352.15	0
2352.46	0
2352.76	0
2353.07	0
2353.37	0
2353.68	0
2353.98	0
2354.29	0
2354.59	0
2354.9	0
2355.2	0
2355.51	0
2355.81	0
2356.12	0
2356.42	0
2356.73	0
2357.03	0
2357.34	0
2357.64	0
2357.95	0
2358.25	0
2358.55	0
2358.86	0
2359.16	0
2359.47	0
2359.77	0
2360.08	0
2360.38	0
2360.69	0
2360.99	0
2361.3	0
2361.6	0
2361.9	0
2362.21	0
2362.51	0
2362.82	0
2363.12	0
2363.43	0
2363.73	0
2364.04	0
2364.34	0
2364.64	0
2364.95	0
2365.25	0
2365.56	0
2365.86	0
2366.16	0
2366.47	0
2366.77	0
2367.08	0
2367.38	0
2367.68	0
2367.99	0
2368.29	0
2368.6	0
2368.9	0
2369.2	0
2369.51	0
2369.81	0
2370.12	0
2370.42	0
2370.72	0
2371.03	0
2371.33	0
2371.63	0
2371.94	0
2372.24	0
2372.55	0
2372.85	0
2373.15	0
2373.46	0
2373.76	0
2374.06	0
2374.37	0
2374.67	0
2374.97	0
2375.28	0
2375.58	0
2375.88	0
2376.19	0
2376.49	0
2376.79	0
2377.1	0
2377.4	0
2377.7	0
2378.01	0
2378.31	0
2378.61	0
2378.92	0
2379.22	0
2379.52	0
2379.82	0
2380.13	0
2380.43	0
2380.73	0
2381.04	0
2381.34	0
2381.64	0
2381.95	0
2382.25	0
2382.55	0
2382.85	0
2383.16	0
2383.46	0
2383.76	0
2384.06	0
2384.37	0
2384.67	0
2384.97	0
2385.28	0
2385.58	0
2385.88	0
2386.18	0
2386.49	0
2386.79	0
2387.09	0
2387.39	0
2387.69	0
2388	0
2388.3	0
2388.6	0
2388.9	0
2389.21	0
2389.51	0
2389.81	0
2390.11	0
2390.42	0
2390.72	0
2391.02	0
2391.32	0
2391.62	0
2391.93	0
2392.23	0
2392.53	0
2392.83	0
2393.13	0
2393.44	0
2393.74	0
2394.04	0
2394.34	0
2394.64	0
2394.95	0
2395.25	0
2395.55	0
2395.85	0
2396.15	0
2396.45	0
2396.76	0
2397.06	0
2397.36	0
2397.66	0
2397.96	0
2398.26	0
2398.57	0
2398.87	0
2399.17	0
2399.47	0
2399.77	0
2400.07	0
2400.37	0
2400.68	0
2400.98	0
2401.28	0
2401.58	0
2401.88	0
2402.18	0
2402.48	0
2402.79	0
2403.09	0
2403.39	0
2403.69	0
2403.99	0
2404.29	0
2404.59	0
2404.89	0
2405.19	0
2405.5	0
2405.8	0
2406.1	0
2406.4	0
2406.7	0
2407	0
2407.3	0
2407.6	0
2407.9	0
2408.2	0
2408.5	0
2408.8	0
2409.11	0
2409.41	0
2409.71	0
2410.01	0
2410.31	0
2410.61	0
2410.91	0
2411.21	0
2411.51	0
2411.81	0
2412.11	0
2412.41	0
2412.71	0
2413.01	0
2413.31	0
2413.61	0
2413.91	0
2414.21	0
2414.51	0
2414.81	0
2415.12	0
2415.42	0
2415.72	0
2416.02	0
2416.32	0
2416.62	0
2416.92	0
2417.22	0
2417.52	0
2417.82	0
2418.12	0
2418.42	0
2418.72	0
2419.02	0
2419.32	0
2419.62	0
2419.92	0
2420.22	0
2420.52	0
2420.82	0
2421.12	0
2421.42	0
2421.71	0
2422.01	0
2422.31	0
2422.61	0
2422.91	0
2423.21	0
2423.51	0
2423.81	0
2424.11	0
2424.41	0
2424.71	0
2425.01	0
2425.31	0
2425.61	0
2425.91	0
2426.21	0
2426.51	0
2426.81	0
2427.11	0
2427.41	0
2427.7	0
2428	0
2428.3	0
2428.6	0
2428.9	0
2429.2	0
2429.5	0
2429.8	0
2430.1	0
2430.4	0
2430.7	0
2430.99	0
2431.29	0
2431.59	0
2431.89	0
2432.19	0
2432.49	0
2432.79	0
2433.09	0
2433.39	0
2433.68	0
2433.98	0
2434.28	0
2434.58	0
2434.88	0
2435.18	0
2435.48	0
2435.78	0
2436.07	0
2436.37	0
2436.67	0
2436.97	0
2437.27	0
2437.57	0
2437.86	0
2438.16	0
2438.46	0
2438.76	0
2439.06	0
2439.36	0
2439.66	0
2439.95	0
2440.25	0
2440.55	0
2440.85	0
2441.15	0
2441.44	0
2441.74	0
2442.04	0
2442.34	0
2442.64	0
2442.93	0
2443.23	0
2443.53	0
2443.83	0
2444.13	0
2444.42	0
2444.72	0
2445.02	0
2445.32	0
2445.62	0
2445.91	0
2446.21	0
2446.51	0
2446.81	0
2447.1	0
2447.4	0
2447.7	0
2448	0
2448.3	0
2448.59	0
2448.89	0
2449.19	0
2449.49	0
2449.78	0
2450.08	0
2450.38	0
2450.68	0
2450.97	0
2451.27	0
2451.57	0
2451.87	0
2452.16	0
2452.46	0
2452.76	0
2453.05	0
2453.35	0
2453.65	0
2453.95	0
2454.24	0
2454.54	0
2454.84	0
2455.13	0
2455.43	0
2455.73	0
2456.03	0
2456.32	0
2456.62	0
2456.92	0
2457.21	0
2457.51	0
2457.81	0
2458.1	0
2458.4	0
2458.7	0
2458.99	0
2459.29	0
2459.59	0
2459.88	0
2460.18	0
2460.48	0
2460.77	0
2461.07	0
2461.37	0
2461.66	0
2461.96	0
2462.26	0
2462.55	0
2462.85	0
2463.15	0
2463.44	0
2463.74	0
2464.04	0
2464.33	0
2464.63	0
2464.92	0
2465.22	0
2465.52	0
2465.81	0
2466.11	0
2466.41	0
2466.7	0
2467	0
2467.29	0
2467.59	0
2467.89	0
2468.18	0
2468.48	0
2468.77	0
2469.07	0
2469.37	0
2469.66	0
2469.96	0
2470.25	0
2470.55	0
2470.84	0
2471.14	0
2471.44	0
2471.73	0
2472.03	0
2472.32	0
2472.62	0
2472.91	0
2473.21	0
2473.51	0
2473.8	0
2474.1	0
2474.39	0
2474.69	0
2474.98	0
2475.28	0
2475.57	0
2475.87	0
2476.17	0
2476.46	0
2476.76	0
2477.05	0
2477.35	0
2477.64	0
2477.94	0
2478.23	0
2478.53	0
2478.82	0
2479.12	0
2479.41	0
2479.71	0
2480	0
2480.3	0
2480.59	0
2480.89	0
2481.18	0
2481.48	0
2481.77	0
2482.07	0
2482.36	0
2482.66	0
2482.95	0
2483.25	0
2483.54	0
2483.84	0
2484.13	0
2484.43	0
2484.72	0
2485.02	0
2485.31	0
2485.6	0
2485.9	0
2486.19	0
2486.49	0
2486.78	0
2487.08	0
2487.37	0
2487.67	0
2487.96	0
2488.26	0
2488.55	0
2488.84	0
2489.14	0
2489.43	0
2489.73	0
2490.02	0
2490.32	0
2490.61	0
2490.9	0
2491.2	0
2491.49	0
2491.79	0
2492.08	0
2492.37	0
2492.67	0
2492.96	0
2493.26	0
2493.55	0
2493.84	0
2494.14	0
2494.43	0
2494.73	0
2495.02	0
2495.31	0
2495.61	0
2495.9	0
2496.2	0
2496.49	0
2496.78	0
2497.08	0
2497.37	0
2497.66	0
2497.96	0
2498.25	0
2498.54	0
2498.84	0
2499.13	0
2499.43	0
2499.72	0
2500.01	0
2500.31	0
2500.6	0
2500.89	0
2501.19	0
2501.48	0
2501.77	0
2502.07	0
2502.36	0
2502.65	0
2502.95	0
2503.24	0
2503.53	0
2503.82	0
2504.12	0
2504.41	0
2504.7	0
2505	0
2505.29	0
2505.58	0
2505.88	0
2506.17	0
2506.46	0
2506.76	0
2507.05	0
2507.34	0
2507.63	0
2507.93	0
2508.22	0
2508.51	0
2508.8	0
2509.1	0
2509.39	0
2509.68	0
2509.98	0
2510.27	0
2510.56	0
2510.85	0
2511.15	0
2511.44	0
2511.73	0
2512.02	0
2512.32	0
2512.61	0
2512.9	0
2513.19	0
2513.49	0
2513.78	0
2514.07	0
2514.36	0
2514.65	0
2514.95	0
2515.24	0
2515.53	0
2515.82	0
2516.12	0
2516.41	0
2516.7	0
2516.99	0
2517.28	0
2517.58	0
2517.87	0
2518.16	0
2518.45	0
2518.74	0
2519.04	0
2519.33	0
2519.62	0
2519.91	0
2520.2	0
2520.5	0
2520.79	0
2521.08	0
2521.37	0
2521.66	0
2521.95	0
2522.25	0
2522.54	0
2522.83	0
2523.12	0
2523.41	0
2523.7	0
2523.99	0
2524.29	0
2524.58	0
2524.87	0
2525.16	0
2525.45	0
2525.74	0
2526.03	0
2526.33	0
2526.62	0
2526.91	0
2527.2	0
2527.49	0
2527.78	0
2528.07	0
2528.36	0
2528.66	0
2528.95	0
2529.24	0
2529.53	0
2529.82	0
2530.11	0
2530.4	0
2530.69	0
2530.98	0
2531.27	0
2531.57	0
2531.86	0
2532.15	0
2532.44	0
2532.73	0
2533.02	0
2533.31	0
2533.6	0
2533.89	0
2534.18	0
2534.47	0
2534.76	0
2535.05	0
2535.35	0
2535.64	0
2535.93	0
2536.22	0
2536.51	0
2536.8	0
2537.09	0
2537.38	0
2537.67	0
2537.96	0
2538.25	0
2538.54	0
2538.83	0
2539.12	0
2539.41	0
2539.7	0
2539.99	0
2540.28	0
2540.57	0
2540.86	0
2541.15	0
2541.44	0
2541.73	0
2542.02	0
2542.31	0
2542.6	0
2542.89	0
2543.18	0
2543.47	0
2543.76	0
2544.05	0
2544.34	0
2544.63	0
2544.92	0
2545.21	0
2545.5	0
2545.79	0
2546.08	0
2546.37	0
2546.66	0
2546.95	0
2547.24	0
2547.53	0
2547.82	0
2548.11	0
2548.4	0
2548.69	0
2548.98	0
2549.27	0
2549.55	0
2549.84	0
2550.13	0
2550.42	0
2550.71	0
2551	0
2551.29	0
2551.58	0
2551.87	0
2552.16	0
2552.45	0
2552.74	0
2553.03	0
2553.31	0
2553.6	0
2553.89	0
2554.18	0
2554.47	0
2554.76	0
2555.05	0
2555.34	0
2555.63	0
2555.92	0
2556.2	0
2556.49	0
2556.78	0
2557.07	0
2557.36	0
2557.65	0
2557.94	0
2558.23	0
2558.51	0
2558.8	0
2559.09	0
2559.38	0
2559.67	0
2559.96	0
2560.25	0
2560.53	0
2560.82	0
2561.11	0
2561.4	0
2561.69	0
2561.98	0
2562.27	0
2562.55	0
2562.84	0
2563.13	0
2563.42	0
2563.71	0
2564	0
2564.28	0
2564.57	0
2564.86	0
2565.15	0
2565.44	0
2565.72	0
2566.01	0
2566.3	0
2566.59	0
2566.88	0
2567.16	0
2567.45	0
2567.74	0
2568.03	0
2568.32	0
2568.6	0
2568.89	0
2569.18	0
2569.47	0
2569.75	0

