Source: Spectrum Viewer

Chart: Pulse Spectrum

Series: 
Wavelength (nm)	S (a.u.)
1179.9	0
1180.29	0
1180.68	0
1181.06	0
1181.45	0
1181.83	0
1182.22	0
1182.6	0
1182.99	0
1183.38	0
1183.76	0
1184.15	0
1184.53	0
1184.92	0
1185.3	0
1185.69	0
1186.07	0
1186.46	0
1186.85	0
1187.23	0
1187.62	0
1188	0
1188.39	0
1188.77	0
1189.16	0
1189.54	0
1189.93	0
1190.31	0
1190.7	0
1191.08	0
1191.47	0
1191.85	0
1192.24	0
1192.62	0
1193.01	0
1193.39	0
1193.78	0
1194.16	0
1194.55	0
1194.93	0
1195.32	0
1195.7	0
1196.09	0
1196.47	0
1196.86	0
1197.24	0
1197.63	0
1198.01	0
1198.4	0
1198.78	0
1199.16	0
1199.55	0
1199.93	0
1200.32	0
1200.7	0
1201.09	0
1201.47	0
1201.86	0
1202.24	0
1202.63	0
1203.01	0
1203.39	0
1203.78	0
1204.16	0
1204.55	0
1204.93	0
1205.32	0
1205.7	0
1206.08	0
1206.47	0
1206.85	0
1207.24	0
1207.62	0
1208	0
1208.39	0
1208.77	0
1209.16	0
1209.54	0
1209.92	0
1210.31	0
1210.69	0
1211.08	0
1211.46	0
1211.84	0
1212.23	0
1212.61	0
1213	0
1213.38	0
1213.76	0
1214.15	0
1214.53	0
1214.91	0
1215.3	0
1215.68	0
1216.06	0
1216.45	0
1216.83	0
1217.22	0
1217.6	0
1217.98	0
1218.37	0
1218.75	0
1219.13	0
1219.52	0
1219.9	0
1220.28	0
1220.67	0
1221.05	0
1221.43	0
1221.82	0
1222.2	0
1222.58	0
1222.97	0
1223.35	0
1223.73	0
1224.11	0
1224.5	0
1224.88	0
1225.26	0
1225.65	0
1226.03	0
1226.41	0
1226.8	0
1227.18	0
1227.56	0
1227.94	0
1228.33	0
1228.71	0
1229.09	0
1229.47	0
1229.86	0
1230.24	0
1230.62	0
1231.01	0
1231.39	0
1231.77	0
1232.15	0
1232.54	0
1232.92	0
1233.3	0
1233.68	0
1234.07	0
1234.45	0
1234.83	0
1235.21	0
1235.6	0
1235.98	0
1236.36	0
1236.74	0
1237.12	0
1237.51	0
1237.89	0
1238.27	0
1238.65	0
1239.04	0
1239.42	0
1239.8	0
1240.18	0
1240.56	0
1240.95	0
1241.33	0
1241.71	0
1242.09	0
1242.47	0
1242.86	0
1243.24	0
1243.62	0
1244	0
1244.38	0
1244.77	0
1245.15	0
1245.53	0
1245.91	0
1246.29	0
1246.67	0
1247.06	0
1247.44	0
1247.82	0
1248.2	0
1248.58	0
1248.96	0
1249.34	0
1249.73	0
1250.11	0
1250.49	0
1250.87	0
1251.25	0
1251.63	0
1252.01	0
1252.4	0
1252.78	0
1253.16	0
1253.54	0
1253.92	0
1254.3	0
1254.68	0
1255.06	0
1255.45	0
1255.83	0
1256.21	0
1256.59	0
1256.97	0
1257.35	0
1257.73	0
1258.11	0
1258.49	0
1258.87	0
1259.26	0
1259.64	0
1260.02	0
1260.4	0
1260.78	0
1261.16	0
1261.54	0
1261.92	0
1262.3	0
1262.68	0
1263.06	0
1263.44	0
1263.82	0
1264.21	0
1264.59	0
1264.97	0
1265.35	0
1265.73	0
1266.11	0
1266.49	0
1266.87	0
1267.25	0
1267.63	0
1268.01	0
1268.39	0
1268.77	0
1269.15	0
1269.53	0
1269.91	0
1270.29	0
1270.67	0
1271.05	0
1271.43	0
1271.81	0
1272.19	0
1272.57	0
1272.95	0
1273.33	0
1273.71	0
1274.09	0
1274.47	0
1274.85	0
1275.23	0
1275.61	0
1275.99	0
1276.37	0
1276.75	0
1277.13	0
1277.51	0
1277.89	0
1278.27	0
1278.65	0
1279.03	0
1279.41	0
1279.79	0
1280.17	0
1280.55	0
1280.93	0
1281.31	0
1281.69	0
1282.07	0
1282.45	0
1282.82	0
1283.2	0
1283.58	0
1283.96	0
1284.34	0
1284.72	0
1285.1	0
1285.48	0
1285.86	0
1286.24	0
1286.62	0
1287	0
1287.38	0
1287.75	0
1288.13	0
1288.51	0
1288.89	0
1289.27	0
1289.65	0
1290.03	0
1290.41	0
1290.79	0
1291.17	0
1291.54	0
1291.92	0
1292.3	0
1292.68	0
1293.06	0
1293.44	0
1293.82	0
1294.2	0
1294.57	0
1294.95	0
1295.33	0
1295.71	0
1296.09	0
1296.47	0
1296.85	0
1297.22	0
1297.6	0
1297.98	0
1298.36	0
1298.74	0
1299.12	0
1299.5	0
1299.87	0
1300.25	0
1300.63	0
1301.01	0
1301.39	0
1301.77	0
1302.14	0
1302.52	0
1302.9	0
1303.28	0
1303.66	0
1304.03	0
1304.41	0
1304.79	0
1305.17	0
1305.55	0
1305.92	0
1306.3	0
1306.68	0
1307.06	0
1307.44	0
1307.81	0
1308.19	0
1308.57	0
1308.95	0
1309.32	0
1309.7	0
1310.08	0
1310.46	0
1310.84	0
1311.21	0
1311.59	0
1311.97	0
1312.35	0
1312.72	0
1313.1	0
1313.48	0
1313.86	0
1314.23	0
1314.61	0
1314.99	0
1315.37	0
1315.74	0
1316.12	0
1316.5	0
1316.87	0
1317.25	0
1317.63	0
1318.01	0
1318.38	0
1318.76	0
1319.14	0
1319.52	0
1319.89	0
1320.27	0
1320.65	0
1321.02	0
1321.4	0
1321.78	0
1322.15	0
1322.53	0
1322.91	0
1323.29	0
1323.66	0
1324.04	0
1324.42	0
1324.79	0
1325.17	0
1325.55	0
1325.92	0
1326.3	0
1326.68	0
1327.05	0
1327.43	0
1327.81	0
1328.18	0
1328.56	0
1328.94	0
1329.31	0
1329.69	0
1330.06	0
1330.44	0
1330.82	0
1331.19	0
1331.57	0
1331.95	0
1332.32	0
1332.7	0
1333.08	0
1333.45	0
1333.83	0
1334.2	0
1334.58	0
1334.96	0
1335.33	0
1335.71	0
1336.08	0
1336.46	0
1336.84	0
1337.21	0
1337.59	0
1337.96	0
1338.34	0
1338.72	0
1339.09	0
1339.47	0
1339.84	0
1340.22	0
1340.6	0
1340.97	0
1341.35	0
1341.72	0
1342.1	0
1342.47	0
1342.85	0
1343.23	0
1343.6	0
1343.98	0
1344.35	0
1344.73	0
1345.1	0
1345.48	0
1345.85	0
1346.23	0
1346.61	0
1346.98	0
1347.36	0
1347.73	0
1348.11	0
1348.48	0
1348.86	0
1349.23	0
1349.61	0
1349.98	0
1350.36	0
1350.73	0
1351.11	0
1351.48	0
1351.86	0
1352.23	0
1352.61	0
1352.98	0
1353.36	0
1353.73	0
1354.11	0
1354.48	0
1354.86	0
1355.23	0
1355.61	0
1355.98	0
1356.36	0
1356.73	0
1357.11	0
1357.48	0
1357.86	0
1358.23	0
1358.61	0
1358.98	0
1359.35	0
1359.73	0
1360.1	0
1360.48	0
1360.85	0
1361.23	0
1361.6	0
1361.98	0
1362.35	0
1362.72	0
1363.1	0
1363.47	0
1363.85	0
1364.22	0
1364.6	0
1364.97	0
1365.34	0
1365.72	0
1366.09	0
1366.47	0
1366.84	0
1367.22	0
1367.59	0
1367.96	0
1368.34	0
1368.71	0
1369.09	0
1369.46	-0.92
1369.83	-0.72
1370.21	-0.48
1370.58	-0.44
1370.96	-0.44
1371.33	0.8
1371.7	0.84
1372.08	0.68
1372.45	0.68
1372.82	0.8
1373.2	0.76
1373.57	0.68
1373.95	0.84
1374.32	1.4
1374.69	1.48
1375.07	1.2
1375.44	1.04
1375.81	1.12
1376.19	0.72
1376.56	0.76
1376.93	0.76
1377.31	0.76
1377.68	0.8
1378.05	0.6
1378.43	0.44
1378.8	0.48
1379.17	0.48
1379.55	0.28
1379.92	0.28
1380.29	0.36
1380.67	0.4
1381.04	0.4
1381.41	0.24
1381.79	0.44
1382.16	0.52
1382.53	0.64
1382.91	-0.36
1383.28	-0.32
1383.65	-0.44
1384.03	-0.68
1384.4	-0.52
1384.77	0.56
1385.14	0.6
1385.52	0.52
1385.89	0.92
1386.26	1
1386.64	0.92
1387.01	0.88
1387.38	0.88
1387.75	0.68
1388.13	0.32
1388.5	0.32
1388.87	0.44
1389.25	0.84
1389.62	0.44
1389.99	0.52
1390.36	0.52
1390.74	0.36
1391.11	-0.04
1391.48	0.56
1391.85	0.72
1392.23	0.96
1392.6	1.36
1392.97	1.64
1393.34	1.24
1393.72	1
1394.09	0.84
1394.46	0.48
1394.83	0.44
1395.21	0.44
1395.58	0.56
1395.95	0.48
1396.32	0.52
1396.69	0.44
1397.07	0.68
1397.44	0.48
1397.81	0.48
1398.18	0.4
1398.55	0.44
1398.93	0.76
1399.3	0.92
1399.67	0.92
1400.04	0.92
1400.41	0.72
1400.79	0.16
1401.16	0.28
1401.53	0.36
1401.9	0.52
1402.27	0.52
1402.65	0.6
1403.02	0.44
1403.39	0.44
1403.76	0.16
1404.13	0.16
1404.51	0.16
1404.88	0.16
1405.25	0.16
1405.62	0.28
1405.99	0.48
1406.36	0.56
1406.74	0.52
1407.11	0.56
1407.48	0.56
1407.85	-0.8
1408.22	-0.84
1408.59	-0.92
1408.96	-1.04
1409.34	-1.04
1409.71	0.12
1410.08	0.16
1410.45	0.16
1410.82	0.4
1411.19	0.4
1411.56	0.44
1411.93	0.48
1412.31	0.8
1412.68	0.88
1413.05	1.08
1413.42	1.2
1413.79	1
1414.16	0.6
1414.53	0.32
1414.9	0.2
1415.27	0.16
1415.65	0.24
1416.02	0.68
1416.39	0.8
1416.76	0.8
1417.13	0.88
1417.5	0.92
1417.87	1.04
1418.24	0.96
1418.61	0.96
1418.98	1.32
1419.35	1.44
1419.73	0.96
1420.1	0.96
1420.47	1.12
1420.84	0.56
1421.21	0.68
1421.58	0.68
1421.95	0.68
1422.32	0.44
1422.69	0.52
1423.06	0.32
1423.43	0.32
1423.8	0.32
1424.17	0.52
1424.54	0.44
1424.91	0.56
1425.28	0.56
1425.65	0.48
1426.02	0.36
1426.39	0.48
1426.76	-0.28
1427.14	-0.08
1427.51	0.04
1427.88	-0.04
1428.25	0.12
1428.62	0.88
1428.99	0.68
1429.36	0.96
1429.73	1.04
1430.1	0.96
1430.47	0.76
1430.84	0.8
1431.21	0.84
1431.58	1.08
1431.95	0.88
1432.32	1
1432.69	0.96
1433.06	0.52
1433.43	0.36
1433.8	0.56
1434.17	0.52
1434.54	0.52
1434.91	0.52
1435.28	0.56
1435.64	0.44
1436.01	-0.32
1436.38	-0.2
1436.75	0
1437.12	-0.2
1437.49	-0.28
1437.86	0.32
1438.23	0.36
1438.6	0.6
1438.97	0.6
1439.34	0.6
1439.71	0.68
1440.08	0.52
1440.45	0.44
1440.82	-0.16
1441.19	-0.16
1441.56	-0.08
1441.93	-0.08
1442.3	-0.32
1442.67	-1.32
1443.03	-1.32
1443.4	-1.48
1443.77	-1.44
1444.14	-1.48
1444.51	0.56
1444.88	0.6
1445.25	0.64
1445.62	0.84
1445.99	1.28
1446.36	0.92
1446.73	0.92
1447.09	0.96
1447.46	1.16
1447.83	0.64
1448.2	0.56
1448.57	0.56
1448.94	0.56
1449.31	0.52
1449.68	0.72
1450.05	0.84
1450.41	1.12
1450.78	0.64
1451.15	0.28
1451.52	0.16
1451.89	0.04
1452.26	-0.24
1452.63	0.24
1453	0.24
1453.36	0.64
1453.73	0.64
1454.1	0.6
1454.47	0.52
1454.84	0.68
1455.21	0.36
1455.57	0.16
1455.94	0.36
1456.31	0.36
1456.68	0.16
1457.05	0.24
1457.42	0.96
1457.78	0.8
1458.15	1.12
1458.52	1.28
1458.89	1.36
1459.26	0.92
1459.63	1.32
1459.99	1.28
1460.36	1.32
1460.73	1.08
1461.1	1.16
1461.47	0.76
1461.83	0.48
1462.2	0.28
1462.57	0.2
1462.94	0.04
1463.31	0.12
1463.67	0.52
1464.04	0.52
1464.41	0.76
1464.78	0.2
1465.15	0.48
1465.51	0.08
1465.88	0.48
1466.25	0.24
1466.62	0.84
1466.98	0.44
1467.35	0.52
1467.72	0.28
1468.09	0.4
1468.46	0.44
1468.82	1.28
1469.19	1.4
1469.56	1.28
1469.93	1.16
1470.29	1.08
1470.66	0.36
1471.03	0.16
1471.4	0.52
1471.76	0.52
1472.13	1.4
1472.5	1.28
1472.86	1.28
1473.23	1.24
1473.6	1.32
1473.97	0.76
1474.33	0.92
1474.7	0.92
1475.07	0.76
1475.44	0.84
1475.8	0.72
1476.17	0.64
1476.54	0.88
1476.9	0.76
1477.27	0.64
1477.64	0.8
1478	0.88
1478.37	0.76
1478.74	0.88
1479.11	0.84
1479.47	0.48
1479.84	0.52
1480.21	0.4
1480.57	0.2
1480.94	0.2
1481.31	0.44
1481.67	0.28
1482.04	0.72
1482.41	0.8
1482.77	0.8
1483.14	0.6
1483.51	0.76
1483.87	0.52
1484.24	0.6
1484.61	0.6
1484.97	0.56
1485.34	0.4
1485.71	-0.76
1486.07	-0.92
1486.44	-0.68
1486.81	-0.6
1487.17	-0.52
1487.54	0.56
1487.9	0.72
1488.27	0.56
1488.64	0.28
1489	0.44
1489.37	0.32
1489.74	0.16
1490.1	0.08
1490.47	0.28
1490.83	0.16
1491.2	0.16
1491.57	0.72
1491.93	0.72
1492.3	0.76
1492.66	0.64
1493.03	0.76
1493.4	0.2
1493.76	0.24
1494.13	0.36
1494.49	0.32
1494.86	0.32
1495.23	0.32
1495.59	0.28
1495.96	-1.24
1496.32	-1.24
1496.69	-1.28
1497.06	-1.28
1497.42	-2.04
1497.79	-0.64
1498.15	-0.6
1498.52	-0.48
1498.88	8.21554e-17
1499.25	0.8
1499.62	0.64
1499.98	0.64
1500.35	0.72
1500.71	0.24
1501.08	0.2
1501.44	0.64
1501.81	0.6
1502.17	0.56
1502.54	0.76
1502.9	0.88
1503.27	0.88
1503.64	1
1504	0.8
1504.37	0.76
1504.73	0.64
1505.1	0.4
1505.46	0.6
1505.83	0.76
1506.19	0.8
1506.56	0.8
1506.92	0.8
1507.29	0.56
1507.65	0.52
1508.02	0.6
1508.38	0.6
1508.75	0.64
1509.11	0.56
1509.48	0.44
1509.84	0.16
1510.21	0.16
1510.57	0.08
1510.94	0.08
1511.3	0.24
1511.67	0.28
1512.03	0.28
1512.4	0.36
1512.76	0.36
1513.13	-0.8
1513.49	-0.72
1513.85	-0.68
1514.22	-0.76
1514.58	-0.68
1514.95	0.52
1515.31	0.72
1515.68	0.68
1516.04	0.68
1516.41	0.6
1516.77	0.36
1517.14	0.12
1517.5	0.28
1517.86	0.4
1518.23	0.48
1518.59	0.8
1518.96	0.96
1519.32	0.88
1519.69	1.16
1520.05	1.08
1520.41	0.76
1520.78	0.6
1521.14	0.52
1521.51	0.32
1521.87	0.6
1522.24	0.88
1522.6	1.2
1522.96	1.2
1523.33	1.32
1523.69	1.32
1524.06	1.32
1524.42	0.92
1524.78	0.92
1525.15	0.56
1525.51	0.64
1525.88	0.4
1526.24	0.48
1526.6	0.48
1526.97	0.56
1527.33	0.36
1527.69	0.36
1528.06	0.28
1528.42	0.36
1528.79	0.68
1529.15	0.04
1529.51	0.44
1529.88	0.52
1530.24	0.52
1530.6	0.2
1530.97	0.72
1531.33	0.28
1531.69	0.2
1532.06	0.24
1532.42	0.16
1532.78	0.52
1533.15	0.6
1533.51	0.6
1533.87	0.48
1534.24	0.48
1534.6	0.08
1534.96	0
1535.33	0.04
1535.69	0.04
1536.05	0.12
1536.42	0.12
1536.78	0.12
1537.14	0.32
1537.51	0.76
1537.87	1.48
1538.23	1.56
1538.6	1.8
1538.96	1.92
1539.32	1.56
1539.68	1.16
1540.05	1.16
1540.41	0.92
1540.77	0.72
1541.14	0.64
1541.5	0.36
1541.86	0.28
1542.23	0.28
1542.59	0.12
1542.95	0.36
1543.31	0.6
1543.68	0.84
1544.04	0.84
1544.4	1.12
1544.76	0.88
1545.13	1.04
1545.49	1.04
1545.85	1.04
1546.21	0.92
1546.58	0.92
1546.94	0.44
1547.3	0.56
1547.66	0.6
1548.03	0.56
1548.39	1.12
1548.75	1.12
1549.11	0.76
1549.48	1.04
1549.84	1.32
1550.2	0.88
1550.56	0.92
1550.93	1.12
1551.29	1.16
1551.65	1
1552.01	1.04
1552.37	0.96
1552.74	0.8
1553.1	0.44
1553.46	0.24
1553.82	0.32
1554.18	0.32
1554.55	0.64
1554.91	0.92
1555.27	1.52
1555.63	1.28
1555.99	1.28
1556.36	1.12
1556.72	-0.76
1557.08	-1.4
1557.44	-1.2
1557.8	-1
1558.17	-1.2
1558.53	0.4
1558.89	0.84
1559.25	0.68
1559.61	0.52
1559.97	0.52
1560.34	0.52
1560.7	0.2
1561.06	0.16
1561.42	0.48
1561.78	0.68
1562.14	0.28
1562.5	0.4
1562.87	0.4
1563.23	0.12
1563.59	-0.48
1563.95	-0.08
1564.31	-0.24
1564.67	0.56
1565.03	0.48
1565.4	0.88
1565.76	0.88
1566.12	1
1566.48	0.24
1566.84	0.24
1567.2	0.24
1567.56	0.2
1567.92	0.4
1568.29	0.6
1568.65	1
1569.01	1
1569.37	0.84
1569.73	0.44
1570.09	0.32
1570.45	0.2
1570.81	0.32
1571.17	0.52
1571.53	0.56
1571.89	0.6
1572.26	0.64
1572.62	0.68
1572.98	1.08
1573.34	1.48
1573.7	1.36
1574.06	1.16
1574.42	1.28
1574.78	0.68
1575.14	0.24
1575.5	0.2
1575.86	-0.72
1576.22	-0.84
1576.58	-0.56
1576.94	-0.4
1577.3	-0.12
1577.67	0.92
1578.03	0.76
1578.39	0.72
1578.75	0.56
1579.11	0.28
1579.47	0.4
1579.83	0.56
1580.19	0.76
1580.55	0.76
1580.91	0.76
1581.27	0.52
1581.63	0.64
1581.99	0.4
1582.35	0.4
1582.71	0.72
1583.07	0.84
1583.43	1.24
1583.79	1.68
1584.15	1.68
1584.51	1.36
1584.87	1.16
1585.23	0.8
1585.59	0.44
1585.95	0.44
1586.31	0.48
1586.67	0.44
1587.03	0.12
1587.39	0.24
1587.75	0.28
1588.11	0.52
1588.47	0.8
1588.83	0.8
1589.19	0.64
1589.55	0.88
1589.91	0.6
1590.27	0.36
1590.63	0.68
1590.99	0.64
1591.35	0.6
1591.71	0.6
1592.07	0.84
1592.42	0.52
1592.78	0.72
1593.14	1.32
1593.5	1.56
1593.86	1.52
1594.22	1.56
1594.58	1.36
1594.94	0.52
1595.3	0.28
1595.66	0.16
1596.02	0.12
1596.38	0.16
1596.74	0.32
1597.1	0.44
1597.46	0.48
1597.81	0.6
1598.17	0.56
1598.53	0.4
1598.89	0.28
1599.25	0.2
1599.61	0.4
1599.97	0.56
1600.33	0.72
1600.69	0.84
1601.05	0.92
1601.4	0.6
1601.76	0.04
1602.12	0.4
1602.48	0.32
1602.84	0.44
1603.2	0.72
1603.56	1.12
1603.92	0.72
1604.28	0.68
1604.63	0.4
1604.99	0.12
1605.35	0.12
1605.71	0
1606.07	0.08
1606.43	0.16
1606.79	0.16
1607.14	0.28
1607.5	0.56
1607.86	0.48
1608.22	0.64
1608.58	0.84
1608.94	0.72
1609.29	0.56
1609.65	0.4
1610.01	0.36
1610.37	0.2
1610.73	0.32
1611.09	0.2
1611.44	0.4
1611.8	0.28
1612.16	0.52
1612.52	1.08
1612.88	1.08
1613.24	1.56
1613.59	1.72
1613.95	1.84
1614.31	1.24
1614.67	1.24
1615.03	1.16
1615.38	0.92
1615.74	0.88
1616.1	0.88
1616.46	1.36
1616.82	1
1617.17	1
1617.53	0.72
1617.89	0.68
1618.25	0.28
1618.6	0.2
1618.96	0.2
1619.32	0.28
1619.68	0.28
1620.04	0.2
1620.39	0.04
1620.75	0.52
1621.11	0.52
1621.47	0.6
1621.82	0.8
1622.18	1.04
1622.54	0.68
1622.9	0.6
1623.25	-0.24
1623.61	-0.44
1623.97	-0.36
1624.33	-0.48
1624.68	-0.76
1625.04	0.08
1625.4	0.56
1625.75	-0.2
1626.11	-0.2
1626.47	0.2
1626.83	0.24
1627.18	-0.24
1627.54	0.4
1627.9	0.68
1628.26	0.72
1628.61	0.72
1628.97	0.84
1629.33	0.88
1629.68	0.64
1630.04	0.48
1630.4	-0.2
1630.75	-0.2
1631.11	-0.2
1631.47	0.12
1631.83	0.36
1632.18	0.88
1632.54	0.76
1632.9	0.84
1633.25	1
1633.61	1.08
1633.97	1.52
1634.32	1.72
1634.68	1.88
1635.04	1.36
1635.39	1.04
1635.75	0.76
1636.11	0.56
1636.46	0.36
1636.82	0.64
1637.18	0.84
1637.53	0.88
1637.89	0.92
1638.25	0.92
1638.6	0.68
1638.96	0.48
1639.31	0.44
1639.67	0.4
1640.03	0.28
1640.38	0.28
1640.74	0.28
1641.1	0.24
1641.45	0.68
1641.81	0.76
1642.16	0.72
1642.52	0.64
1642.88	0.6
1643.23	-0.16
1643.59	-0.12
1643.95	0.72
1644.3	0.76
1644.66	0.88
1645.01	1.32
1645.37	1.56
1645.73	1.2
1646.08	1.16
1646.44	1.08
1646.79	0.64
1647.15	0.4
1647.51	0.2
1647.86	0.28
1648.22	0.36
1648.57	0.2
1648.93	0.28
1649.28	2.77556e-17
1649.64	-0.08
1650	0.16
1650.35	0.96
1650.71	0.84
1651.06	1.04
1651.42	1.28
1651.77	0.72
1652.13	0.56
1652.48	0.48
1652.84	0.4
1653.2	0.52
1653.55	0.64
1653.91	0.52
1654.26	1.12
1654.62	1
1654.97	0.68
1655.33	1.04
1655.68	1.36
1656.04	0.76
1656.39	0.96
1656.75	1
1657.1	0.64
1657.46	0.52
1657.81	0.8
1658.17	0.8
1658.52	0.84
1658.88	0.84
1659.23	0.6
1659.59	0.4
1659.94	0.2
1660.3	0.2
1660.65	0.32
1661.01	0.4
1661.36	0.4
1661.72	0.4
1662.07	0.32
1662.43	0.44
1662.78	0.76
1663.14	0.68
1663.49	0.92
1663.85	1
1664.2	1.24
1664.56	0.84
1664.91	-0.6
1665.27	-0.32
1665.62	-0.36
1665.98	-0.6
1666.33	-0.56
1666.69	1.48
1667.04	1.12
1667.39	1.12
1667.75	1.48
1668.1	2.36
1668.46	2.08
1668.81	2.04
1669.17	2.64
1669.52	2.44
1669.88	1.56
1670.23	1.68
1670.58	2.2
1670.94	2.2
1671.29	2.16
1671.65	2.48
1672	2.32
1672.36	2.36
1672.71	1.76
1673.06	2.08
1673.42	1.8
1673.77	1.68
1674.13	1.88
1674.48	2.08
1674.83	1.48
1675.19	2
1675.54	3.28
1675.9	3
1676.25	3.4
1676.6	4.2
1676.96	4.08
1677.31	2.96
1677.67	4.04
1678.02	3.68
1678.37	3.92
1678.73	4.48
1679.08	5.12
1679.43	4.32
1679.79	4.44
1680.14	4.12
1680.5	2.96
1680.85	2.48
1681.2	2.48
1681.56	3.4
1681.91	3.64
1682.26	4.72
1682.62	4.72
1682.97	5.16
1683.32	4.44
1683.68	5.32
1684.03	5.68
1684.38	6.08
1684.74	6.76
1685.09	8.04
1685.44	7.96
1685.8	8.6
1686.15	9.92
1686.5	9.24
1686.86	9.32
1687.21	9.16
1687.56	9.48
1687.92	9.28
1688.27	9.32
1688.62	9.16
1688.98	9.52
1689.33	9.48
1689.68	9.96
1690.03	11.2
1690.39	11.52
1690.74	10.8
1691.09	11.56
1691.45	10.32
1691.8	9.88
1692.15	10.12
1692.5	11.76
1692.86	11.56
1693.21	13.6
1693.56	14.72
1693.92	13.72
1694.27	13.68
1694.62	13
1694.97	13.24
1695.33	13.76
1695.68	14.92
1696.03	15.6
1696.38	16.76
1696.74	15.64
1697.09	14.44
1697.44	16.32
1697.79	15.6
1698.15	14.8
1698.5	16.16
1698.85	17.96
1699.2	15.32
1699.56	16.6
1699.91	17.28
1700.26	16.36
1700.61	15.04
1700.97	17.44
1701.32	17.68
1701.67	17.76
1702.02	18.48
1702.37	19.08
1702.73	17.92
1703.08	18.92
1703.43	19.84
1703.78	21.2
1704.13	21.32
1704.49	21.44
1704.84	20.72
1705.19	21.64
1705.54	20.4
1705.89	20.52
1706.25	22.04
1706.6	22.84
1706.95	21.76
1707.3	23.08
1707.65	23.64
1708.01	23.2
1708.36	22.36
1708.71	22.92
1709.06	21.48
1709.41	21.8
1709.76	22.84
1710.12	23.36
1710.47	24.84
1710.82	26.88
1711.17	28.12
1711.52	27.76
1711.87	27.52
1712.23	27.16
1712.58	26.64
1712.93	25.52
1713.28	26.28
1713.63	27.16
1713.98	27.84
1714.33	29.68
1714.69	30.36
1715.04	32.96
1715.39	34.12
1715.74	35.92
1716.09	37.48
1716.44	39.36
1716.79	39.8
1717.14	40.96
1717.5	41.32
1717.85	41.84
1718.2	42.84
1718.55	42.52
1718.9	44.12
1719.25	43.72
1719.6	45
1719.95	45.84
1720.3	47.16
1720.65	47.4
1721.01	49.16
1721.36	49.24
1721.71	52.04
1722.06	52
1722.41	53.6
1722.76	55.28
1723.11	56.2
1723.46	57.28
1723.81	60.72
1724.16	62.24
1724.51	63.36
1724.86	66.12
1725.21	67.2
1725.56	67.52
1725.92	69.64
1726.27	72.12
1726.62	75.16
1726.97	75.92
1727.32	78.76
1727.67	80.92
1728.02	82.84
1728.37	82.6
1728.72	85.24
1729.07	85.24
1729.42	85.68
1729.77	85.84
1730.12	88.32
1730.47	90.28
1730.82	92.68
1731.17	94.84
1731.52	98.76
1731.87	99.6
1732.22	100.24
1732.57	103.24
1732.92	104.56
1733.27	105.52
1733.62	106.96
1733.97	108.72
1734.32	108.32
1734.67	111.08
1735.02	111.64
1735.37	115.08
1735.72	117.36
1736.07	120.16
1736.42	121.6
1736.77	123.12
1737.12	122.52
1737.47	122.24
1737.82	124.56
1738.17	123.8
1738.52	125.76
1738.87	126.12
1739.22	128.24
1739.57	128.56
1739.92	130.36
1740.27	130.32
1740.62	133.16
1740.97	133.08
1741.32	133.08
1741.67	132.88
1742.02	134.32
1742.37	133.84
1742.72	133.88
1743.06	134.44
1743.41	137.96
1743.76	137.44
1744.11	137.48
1744.46	137.44
1744.81	137.52
1745.16	135
1745.51	135.72
1745.86	136.72
1746.21	138.56
1746.56	139.8
1746.91	140.56
1747.26	140.48
1747.6	139.72
1747.95	141.16
1748.3	139.44
1748.65	138.56
1749	137.08
1749.35	136.96
1749.7	136.04
1750.05	136
1750.4	135.04
1750.75	135.6
1751.09	133
1751.44	130.16
1751.79	131.04
1752.14	128.72
1752.49	125.08
1752.84	125.52
1753.19	122.84
1753.54	120.84
1753.88	121.48
1754.23	121.2
1754.58	122.36
1754.93	122.04
1755.28	118.04
1755.63	117.92
1755.98	117.36
1756.32	111.12
1756.67	111.96
1757.02	110.36
1757.37	108.88
1757.72	108.48
1758.07	108.32
1758.42	108.52
1758.76	109.6
1759.11	105.64
1759.46	107
1759.81	107.68
1760.16	104.12
1760.5	103.76
1760.85	101.8
1761.2	100.92
1761.55	101.96
1761.9	99.08
1762.25	97.28
1762.59	99.32
1762.94	93.2
1763.29	92.24
1763.64	92.48
1763.99	90.48
1764.33	90.6
1764.68	93.2
1765.03	89.24
1765.38	88.4
1765.73	87.28
1766.07	90
1766.42	92
1766.77	93.2
1767.12	95.64
1767.46	97.68
1767.81	95.6
1768.16	94.04
1768.51	90.48
1768.85	90.12
1769.2	90.2
1769.55	88.16
1769.9	89.08
1770.25	93.84
1770.59	94.2
1770.94	96.84
1771.29	99.56
1771.64	101.44
1771.98	102.76
1772.33	103.88
1772.68	105.24
1773.02	105.72
1773.37	106.8
1773.72	111.88
1774.07	116.8
1774.41	121.88
1774.76	122.8
1775.11	122.56
1775.46	125.04
1775.8	123.72
1776.15	129.48
1776.5	141.16
1776.84	143.4
1777.19	145.32
1777.54	156.24
1777.89	157.4
1778.23	163.68
1778.58	175.96
1778.93	183.44
1779.27	188.04
1779.62	191.44
1779.97	187.6
1780.31	193.32
1780.66	197.04
1781.01	200.8
1781.35	212.28
1781.7	222.76
1782.05	228.88
1782.39	242.52
1782.74	252.88
1783.09	261.2
1783.43	269.48
1783.78	270.52
1784.13	272.52
1784.47	273.24
1784.82	269.44
1785.17	279.48
1785.51	296.64
1785.86	311.96
1786.21	338.4
1786.55	358.68
1786.9	371.88
1787.25	378.4
1787.59	377.76
1787.94	374.76
1788.29	381.64
1788.63	384.28
1788.98	395.24
1789.32	395
1789.67	387.6
1790.02	394.36
1790.36	421.16
1790.71	452
1791.06	489.72
1791.4	529.92
1791.75	566.56
1792.09	590.2
1792.44	606.88
1792.79	617.4
1793.13	638.28
1793.48	638.12
1793.82	621.68
1794.17	610.72
1794.52	604.4
1794.86	583.64
1795.21	568.96
1795.55	536.52
1795.9	515.28
1796.24	604.44
1796.59	683.08
1796.94	748.24
1797.28	826.96
1797.63	859.8
1797.97	805.08
1798.32	768.2
1798.66	764.52
1799.01	788.28
1799.36	799.28
1799.7	812.04
1800.05	832
1800.39	798.32
1800.74	805.28
1801.08	906.92
1801.43	950.16
1801.77	966.08
1802.12	1006.92
1802.46	1013
1802.81	967.64
1803.15	938.92
1803.5	925.52
1803.85	908.64
1804.19	865.16
1804.54	868.08
1804.88	896.36
1805.23	888.24
1805.57	934.96
1805.92	1041.72
1806.26	1074
1806.61	1069.64
1806.95	1111.24
1807.3	1191.92
1807.64	1222.12
1807.99	1232.72
1808.33	1257.04
1808.68	1230.64
1809.02	1177.6
1809.37	1202.2
1809.71	1251.04
1810.06	1287.92
1810.4	1334.76
1810.75	1298.36
1811.09	1265.28
1811.43	1345.68
1811.78	1449.24
1812.12	1580
1812.47	1707.92
1812.81	1728.16
1813.16	1673.56
1813.5	1619.04
1813.85	1545.8
1814.19	1512.8
1814.54	1485.88
1814.88	1407.44
1815.23	1341
1815.57	1258.2
1815.91	1126.6
1816.26	1074.88
1816.6	1185.48
1816.95	1268.8
1817.29	1352.56
1817.64	1519.32
1817.98	1658.84
1818.32	1716
1818.67	1772.32
1819.01	1823.16
1819.36	1834.84
1819.7	1778.52
1820.05	1686.4
1820.39	1668.8
1820.73	1645.68
1821.08	1593.88
1821.42	1603.96
1821.77	1568.6
1822.11	1434.76
1822.45	1396.84
1822.8	1417.12
1823.14	1318.92
1823.49	1344.64
1823.83	1553.64
1824.17	1666.16
1824.52	1739.76
1824.86	1854.96
1825.2	1866.44
1825.55	1733.48
1825.89	1600.44
1826.24	1485.6
1826.58	1559.04
1826.92	1622.2
1827.27	1648.6
1827.61	1758.88
1827.95	1825.16
1828.3	1708.24
1828.64	1607.84
1828.98	1514.32
1829.33	1361.16
1829.67	1418.32
1830.02	1538.72
1830.36	1592.8
1830.7	1775.8
1831.05	1948.2
1831.39	1909.48
1831.73	1859.32
1832.08	1877.12
1832.42	1766.48
1832.76	1701.64
1833.1	1684.24
1833.45	1604.56
1833.79	1521.04
1834.13	1519.16
1834.48	1509.36
1834.82	1505.68
1835.16	1540.84
1835.51	1554.84
1835.85	1525.92
1836.19	1492.64
1836.54	1390.76
1836.88	1298.76
1837.22	1209.44
1837.56	1125.44
1837.91	1116.16
1838.25	1221.24
1838.59	1338.44
1838.94	1426.88
1839.28	1495.04
1839.62	1471.32
1839.96	1398.68
1840.31	1295.2
1840.65	1179.2
1840.99	1120.68
1841.34	1245.36
1841.68	1345.08
1842.02	1427.72
1842.36	1554.64
1842.71	1564.6
1843.05	1382.84
1843.39	1324.12
1843.73	1374.48
1844.08	1430.76
1844.42	1592.6
1844.76	1756.8
1845.1	1737.76
1845.45	1640.64
1845.79	1605.72
1846.13	1533.12
1846.47	1470.72
1846.81	1422.8
1847.16	1395
1847.5	1397.36
1847.84	1440.12
1848.18	1461.96
1848.53	1518.28
1848.87	1547.24
1849.21	1491.12
1849.55	1414.24
1849.89	1366.76
1850.24	1312.76
1850.58	1286.64
1850.92	1251.04
1851.26	1209.28
1851.6	1190.72
1851.95	1195.84
1852.29	1165.48
1852.63	1154.08
1852.97	1124.68
1853.31	1061.88
1853.66	1010.48
1854	962.16
1854.34	931.76
1854.68	970.08
1855.02	1017.08
1855.36	1019.56
1855.71	1044.32
1856.05	1044.72
1856.39	979.28
1856.73	909.96
1857.07	883.76
1857.41	860.4
1857.76	835.64
1858.1	833.12
1858.44	817.16
1858.78	799.48
1859.12	772.4
1859.46	735.68
1859.8	686.28
1860.15	643.52
1860.49	636.04
1860.83	669.28
1861.17	707.44
1861.51	710.88
1861.85	726.56
1862.19	688.96
1862.53	636.88
1862.88	600.8
1863.22	586.6
1863.56	572.92
1863.9	569.72
1864.24	567.48
1864.58	548.32
1864.92	536.36
1865.26	532.04
1865.6	517.4
1865.94	477.28
1866.29	449.84
1866.63	427.68
1866.97	397.4
1867.31	376.04
1867.65	359.84
1867.99	353.76
1868.33	343.72
1868.67	331.84
1869.01	323.04
1869.35	333.48
1869.69	373.8
1870.03	402.48
1870.37	433.08
1870.72	460.2
1871.06	456.52
1871.4	402.68
1871.74	356.56
1872.08	312.16
1872.42	294.36
1872.76	310.2
1873.1	329.56
1873.44	334.84
1873.78	336.2
1874.12	310.44
1874.46	268.68
1874.8	253.4
1875.14	279.88
1875.48	293.36
1875.82	302.68
1876.16	308.92
1876.5	310.52
1876.84	284.88
1877.18	269.96
1877.52	252.96
1877.86	232.4
1878.2	199.64
1878.54	175.76
1878.88	160.64
1879.22	154.04
1879.56	148.12
1879.9	144.76
1880.24	142.28
1880.58	144.12
1880.92	145.76
1881.26	149.8
1881.6	145.88
1881.94	138.96
1882.28	133.4
1882.62	135.76
1882.96	145.76
1883.3	162.28
1883.64	168.72
1883.98	167.88
1884.32	160.12
1884.66	137.72
1885	114.96
1885.34	107.4
1885.68	105.44
1886.02	101.12
1886.36	99.04
1886.7	97.68
1887.04	91.92
1887.38	85.64
1887.72	83.16
1888.06	80.88
1888.39	81.36
1888.73	84.04
1889.07	101.76
1889.41	114.16
1889.75	121.36
1890.09	136.2
1890.43	149.32
1890.77	131.44
1891.11	115.52
1891.45	103.76
1891.79	81.76
1892.13	62.08
1892.47	58.68
1892.8	58.48
1893.14	62.72
1893.48	69.4
1893.82	78.44
1894.16	80.4
1894.5	79.56
1894.84	77.16
1895.18	72.72
1895.52	65.84
1895.86	65.8
1896.19	70.44
1896.53	73.96
1896.87	79.12
1897.21	79.84
1897.55	84.44
1897.89	88.32
1898.23	101.12
1898.57	99.76
1898.9	101.64
1899.24	102.8
1899.58	103.68
1899.92	96
1900.26	98.32
1900.6	104.84
1900.94	107.36
1901.27	110.6
1901.61	113.08
1901.95	117.08
1902.29	122.2
1902.63	127.6
1902.97	133.8
1903.3	138.48
1903.64	145.12
1903.98	145.24
1904.32	148.92
1904.66	148.28
1905	152
1905.33	153.16
1905.67	161.12
1906.01	165.08
1906.35	169.88
1906.69	169.92
1907.02	173.52
1907.36	171.6
1907.7	174.4
1908.04	175.4
1908.38	181.88
1908.71	185.6
1909.05	191.84
1909.39	192.8
1909.73	194.56
1910.07	192.2
1910.4	192.28
1910.74	192
1911.08	195.64
1911.42	201.16
1911.76	207.92
1912.09	210.12
1912.43	215.92
1912.77	217.72
1913.11	219.8
1913.44	223.2
1913.78	231.52
1914.12	233.68
1914.46	237.56
1914.79	241.8
1915.13	244.52
1915.47	241.92
1915.81	244.56
1916.14	246.8
1916.48	250.04
1916.82	254.28
1917.16	261.68
1917.49	263.88
1917.83	267.28
1918.17	270.64
1918.5	272.64
1918.84	272.64
1919.18	275.36
1919.52	279.88
1919.85	280.28
1920.19	282.28
1920.53	286.8
1920.87	291.12
1921.2	295
1921.54	301.48
1921.88	303.56
1922.21	307.28
1922.55	310.72
1922.89	308.24
1923.22	303.12
1923.56	304.88
1923.9	302.12
1924.23	300.28
1924.57	301.04
1924.91	306.4
1925.25	303.76
1925.58	305.92
1925.92	305.76
1926.26	307.44
1926.59	302.84
1926.93	305.28
1927.27	304.2
1927.6	303.2
1927.94	301.76
1928.28	305.04
1928.61	302.32
1928.95	302.4
1929.29	303
1929.62	302.28
1929.96	301.4
1930.29	302.92
1930.63	296.16
1930.97	291.88
1931.3	290.28
1931.64	286.64
1931.98	286.48
1932.31	291.8
1932.65	297.24
1932.99	299.24
1933.32	303.24
1933.66	304.2
1933.99	303.2
1934.33	298.52
1934.67	295.28
1935	288.08
1935.34	284.16
1935.67	282.16
1936.01	281
1936.35	277.6
1936.68	275.88
1937.02	273.08
1937.35	272.36
1937.69	271.04
1938.03	271.08
1938.36	269.84
1938.7	267.88
1939.03	263.96
1939.37	261
1939.7	260.28
1940.04	262.48
1940.38	260.04
1940.71	259.24
1941.05	256.48
1941.38	253.56
1941.72	249.72
1942.05	249.44
1942.39	246.88
1942.73	244.64
1943.06	242.04
1943.4	240
1943.73	236.48
1944.07	233.96
1944.4	229.96
1944.74	227
1945.07	224.56
1945.41	221
1945.74	216.44
1946.08	215.76
1946.42	212.72
1946.75	207.88
1947.09	205.28
1947.42	204.68
1947.76	197.72
1948.09	194.6
1948.43	192
1948.76	190.12
1949.1	185.72
1949.43	189.68
1949.77	185.72
1950.1	182
1950.44	177
1950.77	176.76
1951.11	170.48
1951.44	168.16
1951.78	166.32
1952.11	165.56
1952.45	158.2
1952.78	155.56
1953.12	154.2
1953.45	150.44
1953.79	143.92
1954.12	142.88
1954.46	137.56
1954.79	128.92
1955.12	122.48
1955.46	118.6
1955.79	110.44
1956.13	105.68
1956.46	104.4
1956.8	100.12
1957.13	98.28
1957.47	100.8
1957.8	99.48
1958.14	93.88
1958.47	93.4
1958.8	92.16
1959.14	87.44
1959.47	85.68
1959.81	86.36
1960.14	83.76
1960.48	79.12
1960.81	75.48
1961.14	73.6
1961.48	71.32
1961.81	70.2
1962.15	69.16
1962.48	69.64
1962.82	66.96
1963.15	65.44
1963.48	64.88
1963.82	62.92
1964.15	58.12
1964.49	55.84
1964.82	53.76
1965.15	51.36
1965.49	48.56
1965.82	47.84
1966.16	46.8
1966.49	43.96
1966.82	41.64
1967.16	40.88
1967.49	38.8
1967.83	35.92
1968.16	35.32
1968.49	34.84
1968.83	32.84
1969.16	32.12
1969.49	32.36
1969.83	31.24
1970.16	28.64
1970.49	29.08
1970.83	27.52
1971.16	25.44
1971.5	22.88
1971.83	22.8
1972.16	21.36
1972.5	21.08
1972.83	19.68
1973.16	20
1973.5	18.96
1973.83	17.48
1974.16	17.08
1974.5	18.64
1974.83	17.64
1975.16	16.52
1975.5	16.52
1975.83	15.04
1976.16	12.36
1976.49	13
1976.83	12.64
1977.16	10.32
1977.49	9.72
1977.83	10.48
1978.16	9.08
1978.49	8.24
1978.83	8.2
1979.16	8.12
1979.49	6.92
1979.83	5.84
1980.16	5.04
1980.49	6.04
1980.82	5.44
1981.16	3.92
1981.49	4.4
1981.82	4.52
1982.15	4.12
1982.49	3.4
1982.82	4.36
1983.15	4.8
1983.49	5.64
1983.82	5.44
1984.15	6.28
1984.48	6.52
1984.82	6.72
1985.15	5.44
1985.48	5.12
1985.81	4.92
1986.15	4.16
1986.48	3.92
1986.81	4.24
1987.14	3.88
1987.48	3.84
1987.81	5.28
1988.14	4.8
1988.47	5.88
1988.81	6.64
1989.14	7.28
1989.47	6.56
1989.8	7.4
1990.13	7.24
1990.47	7.04
1990.8	6.8
1991.13	6.64
1991.46	7.36
1991.79	6.56
1992.13	5.48
1992.46	5.64
1992.79	6
1993.12	4.68
1993.45	4.92
1993.79	6.8
1994.12	6.08
1994.45	5.72
1994.78	6.04
1995.11	7.08
1995.45	6.2
1995.78	6.84
1996.11	8.48
1996.44	8.2
1996.77	8.6
1997.1	9.52
1997.44	10.16
1997.77	9.28
1998.1	9.68
1998.43	9.16
1998.76	9
1999.09	9.04
1999.43	7.72
1999.76	7.64
2000.09	7.76
2000.42	7.84
2000.75	6.6
2001.08	9.48
2001.41	9.4
2001.75	9.6
2002.08	9.68
2002.41	11.52
2002.74	11.76
2003.07	14.12
2003.4	15
2003.73	15.28
2004.06	15.84
2004.4	15.48
2004.73	15.36
2005.06	14.52
2005.39	16.52
2005.72	16.64
2006.05	15.92
2006.38	16.92
2006.71	17.44
2007.04	17.92
2007.37	19.08
2007.71	21.04
2008.04	20.56
2008.37	22.16
2008.7	21.8
2009.03	21.8
2009.36	22.48
2009.69	23.6
2010.02	24.96
2010.35	25.04
2010.68	25.32
2011.01	25.44
2011.34	24.32
2011.67	23.44
2012.01	24.4
2012.34	23.32
2012.67	22.52
2013	23.24
2013.33	22.84
2013.66	21.2
2013.99	21.32
2014.32	21.44
2014.65	21.24
2014.98	20.56
2015.31	19.96
2015.64	21.28
2015.97	18.76
2016.3	17.72
2016.63	17.32
2016.96	17.52
2017.29	15.24
2017.62	16.12
2017.95	16.68
2018.28	17.04
2018.61	17
2018.94	17.48
2019.27	17.48
2019.6	16.52
2019.93	15.8
2020.26	14.4
2020.59	14.24
2020.92	13.64
2021.25	12.64
2021.58	10.96
2021.91	11.76
2022.24	10.36
2022.57	9.96
2022.9	9.92
2023.23	10.04
2023.56	8.36
2023.89	7.64
2024.22	6.6
2024.55	6.68
2024.88	6.28
2025.21	6.16
2025.54	6.64
2025.87	6.12
2026.2	5.6
2026.53	6.4
2026.86	6.2
2027.19	5.36
2027.52	5.88
2027.85	5.48
2028.18	4
2028.51	5.24
2028.84	6
2029.16	6.52
2029.49	6.24
2029.82	6.16
2030.15	4.8
2030.48	3.8
2030.81	3.12
2031.14	2.4
2031.47	2.64
2031.8	2.72
2032.13	2.56
2032.46	2.52
2032.79	2.4
2033.12	2.16
2033.44	1.72
2033.77	1.88
2034.1	1.28
2034.43	1.44
2034.76	1.24
2035.09	1.12
2035.42	0.76
2035.75	0.8
2036.08	0.8
2036.41	0.92
2036.73	1.64
2037.06	1.72
2037.39	1.8
2037.72	1.52
2038.05	1.68
2038.38	1.08
2038.71	1.24
2039.04	0.08
2039.36	-1.15468e-16
2039.69	-0.32
2040.02	-0.4
2040.35	-0.28
2040.68	1.08
2041.01	1.08
2041.34	0.76
2041.66	1
2041.99	0.64
2042.32	0.6
2042.65	1.32
2042.98	1.72
2043.31	1.56
2043.63	1.84
2043.96	1.44
2044.29	0.8
2044.62	0.96
2044.95	1.36
2045.28	1.48
2045.6	1.48
2045.93	1.64
2046.26	1.56
2046.59	1.2
2046.92	1
2047.24	1.2
2047.57	1.16
2047.9	1.04
2048.23	1.24
2048.56	1.12
2048.88	0.96
2049.21	1.16
2049.54	1.04
2049.87	1.24
2050.2	1.36
2050.52	1.52
2050.85	1.12
2051.18	1.24
2051.51	0.68
2051.83	1.16
2052.16	1.4
2052.49	1.6
2052.82	1.52
2053.15	1.44
2053.47	1.28
2053.8	1.28
2054.13	1.16
2054.46	1.04
2054.78	1.12
2055.11	1.12
2055.44	0.76
2055.77	1.16
2056.09	1.6
2056.42	2.04
2056.75	1.64
2057.08	1.68
2057.4	1.96
2057.73	1.56
2058.06	1.4
2058.38	1.52
2058.71	2.16
2059.04	1.64
2059.37	1.56
2059.69	1.28
2060.02	1.4
2060.35	1
2060.67	1.32
2061	1.56
2061.33	1.44
2061.66	1.32
2061.98	0.92
2062.31	1.6
2062.64	1.56
2062.96	2.16
2063.29	2.32
2063.62	2.52
2063.94	1.96
2064.27	2.52
2064.6	1.68
2064.92	1.64
2065.25	1.68
2065.58	1.24
2065.91	0.84
2066.23	1.48
2066.56	1.56
2066.89	1.52
2067.21	1.48
2067.54	2.2
2067.87	2.4
2068.19	2.32
2068.52	2.96
2068.84	2.76
2069.17	2
2069.5	1.96
2069.82	1.56
2070.15	1.48
2070.48	2.04
2070.8	2.6
2071.13	2.72
2071.46	3
2071.78	2.32
2072.11	1.84
2072.43	1.48
2072.76	1.44
2073.09	1.52
2073.41	1.6
2073.74	1.8
2074.07	2.28
2074.39	2.28
2074.72	2
2075.04	1.84
2075.37	2
2075.7	1.6
2076.02	1.12
2076.35	1.16
2076.67	1.6
2077	1.6
2077.33	1.16
2077.65	1.12
2077.98	1.48
2078.3	1.12
2078.63	1.24
2078.95	1.08
2079.28	1.24
2079.61	0.52
2079.93	0.8
2080.26	0.48
2080.58	0.72
2080.91	0.92
2081.23	1.2
2081.56	0.84
2081.89	0.6
2082.21	0.76
2082.54	0.88
2082.86	1.24
2083.19	1.96
2083.51	2
2083.84	1.88
2084.16	1.8
2084.49	1.6
2084.81	0.96
2085.14	0.92
2085.46	0.72
2085.79	0.68
2086.12	0.72
2086.44	0.76
2086.77	1.64
2087.09	1.84
2087.42	1.48
2087.74	1.68
2088.07	1.92
2088.39	1.24
2088.72	1.04
2089.04	1.24
2089.37	0.84
2089.69	0.48
2090.02	0.64
2090.34	0.32
2090.67	0.4
2090.99	-1.56
2091.32	-1.52
2091.64	-1.44
2091.97	-0.96
2092.29	-0.84
2092.62	1.48
2092.94	2.16
2093.26	2
2093.59	1.84
2093.91	0.24
2094.24	-0.12
2094.56	-0.84
2094.89	-0.8
2095.21	-0.68
2095.54	0.8
2095.86	1
2096.19	2
2096.51	1.68
2096.84	1.64
2097.16	1.84
2097.48	1.84
2097.81	0.92
2098.13	1.44
2098.46	1
2098.78	0.6
2099.11	1
2099.43	1.04
2099.75	1.12
2100.08	1.92
2100.4	2.32
2100.73	2.08
2101.05	1.96
2101.38	1.48
2101.7	1.16
2102.02	1.24
2102.35	1.6
2102.67	1.92
2103	2
2103.32	1.84
2103.64	1.64
2103.97	1.12
2104.29	1.16
2104.62	0.96
2104.94	1.16
2105.26	0.64
2105.59	0.68
2105.91	1.2
2106.23	1.76
2106.56	1.52
2106.88	2.44
2107.21	2.24
2107.53	1.52
2107.85	1.08
2108.18	1.72
2108.5	1.52
2108.82	1.84
2109.15	1.88
2109.47	2
2109.79	2.12
2110.12	1.96
2110.44	1.72
2110.76	1.76
2111.09	1.56
2111.41	1.12
2111.73	0.96
2112.06	1.28
2112.38	1.44
2112.7	1.04
2113.03	0.96
2113.35	0.92
2113.67	0.56
2114	0.2
2114.32	0.72
2114.64	0.6
2114.97	0.56
2115.29	0.72
2115.61	0.92
2115.94	0.76
2116.26	0.92
2116.58	1.08
2116.91	0.2
2117.23	-8.65973e-17
2117.55	0.36
2117.87	0.08
2118.2	-0.08
2118.52	0.76
2118.84	1.24
2119.17	0.88
2119.49	0.88
2119.81	1.04
2120.13	1.04
2120.46	0.88
2120.78	-0.04
2121.1	0.56
2121.42	0.28
2121.75	0.16
2122.07	-0.04
2122.39	1.36
2122.72	0.96
2123.04	1.2
2123.36	1.92
2123.68	1.92
2124.01	1.64
2124.33	1.68
2124.65	1.4
2124.97	0.68
2125.29	0.52
2125.62	0.6
2125.94	0.72
2126.26	1.12
2126.58	1.12
2126.91	0.56
2127.23	0.36
2127.55	0.08
2127.87	-0.32
2128.2	-0.24
2128.52	0.52
2128.84	0.52
2129.16	0.64
2129.48	0.68
2129.81	0.84
2130.13	0.64
2130.45	0.68
2130.77	1.6
2131.09	1.92
2131.42	1.68
2131.74	1.96
2132.06	2.24
2132.38	1.16
2132.7	0.8
2133.02	1.12
2133.35	1.08
2133.67	0.84
2133.99	1.04
2134.31	0.52
2134.63	0.12
2134.96	-0.12
2135.28	-0.28
2135.6	-0.44
2135.92	0.52
2136.24	0.6
2136.56	0.64
2136.88	0.76
2137.21	0.8
2137.53	0.36
2137.85	0.36
2138.17	-0.28
2138.49	0.16
2138.81	0.8
2139.13	0.88
2139.46	1.08
2139.78	1.68
2140.1	1.24
2140.42	0.48
2140.74	0.4
2141.06	0.12
2141.38	0.44
2141.7	0.48
2142.03	0.48
2142.35	0.8
2142.67	1
2142.99	0.8
2143.31	0.88
2143.63	1.32
2143.95	1
2144.27	1.08
2144.59	0.96
2144.91	0.8
2145.24	0.36
2145.56	0.52
2145.88	0.24
2146.2	0.48
2146.52	0.56
2146.84	1.16
2147.16	1.08
2147.48	1.16
2147.8	1
2148.12	1.12
2148.44	0.92
2148.76	1.2
2149.08	1.28
2149.41	1.2
2149.73	1.2
2150.05	1.12
2150.37	1
2150.69	1.2
2151.01	1.64
2151.33	1.72
2151.65	1.52
2151.97	1.4
2152.29	1.6
2152.61	1.36
2152.93	1.04
2153.25	1
2153.57	1.16
2153.89	0.72
2154.21	0.28
2154.53	0.52
2154.85	0.76
2155.17	0.48
2155.49	0.24
2155.81	0.72
2156.13	0.88
2156.45	0.76
2156.77	0.96
2157.09	1.24
2157.41	1.2
2157.73	0.8
2158.05	0.6
2158.37	0.76
2158.69	0.6
2159.01	0.68
2159.33	0.92
2159.65	1.12
2159.97	0.84
2160.29	1.56
2160.61	1.52
2160.93	1.24
2161.25	1.28
2161.57	1.6
2161.89	1
2162.21	0.92
2162.53	0.92
2162.85	0.08
2163.17	-0.24
2163.49	-0.36
2163.81	-0.2
2164.13	0.04
2164.45	0.16
2164.77	0.08
2165.08	0.32
2165.4	0.36
2165.72	0.12
2166.04	0.68
2166.36	0.68
2166.68	0.52
2167	0.16
2167.32	0.2
2167.64	0.36
2167.96	0.52
2168.28	0.44
2168.6	0.44
2168.92	0.4
2169.24	0.16
2169.55	0.2
2169.87	0.36
2170.19	0.88
2170.51	0.96
2170.83	1.52
2171.15	1.32
2171.47	1.2
2171.79	0.72
2172.11	0.68
2172.43	0.48
2172.74	0.6
2173.06	0.64
2173.38	1.16
2173.7	1.12
2174.02	1
2174.34	0.92
2174.66	1
2174.98	0.48
2175.29	0.48
2175.61	0.28
2175.93	0.24
2176.25	0.08
2176.57	0.04
2176.89	0.32
2177.21	0.4
2177.52	0.4
2177.84	0.6
2178.16	0.6
2178.48	0.4
2178.8	0.36
2179.12	0.36
2179.43	0.24
2179.75	-0.68
2180.07	-0.64
2180.39	-0.52
2180.71	-0.44
2181.03	-0.44
2181.34	0.56
2181.66	0.44
2181.98	0.32
2182.3	0.24
2182.62	0.48
2182.93	5.55112e-17
2183.25	0.36
2183.57	0.28
2183.89	0.32
2184.21	0.08
2184.52	0.68
2184.84	0.92
2185.16	1.04
2185.48	1.2
2185.8	1.32
2186.11	1.28
2186.43	0.68
2186.75	0.6
2187.07	0
2187.39	-1
2187.7	-1.16
2188.02	-1.56
2188.34	-1.4
2188.66	-0.92
2188.97	0.16
2189.29	0.4
2189.61	0.8
2189.93	0.64
2190.24	1.08
2190.56	1.16
2190.88	0.92
2191.2	1.8
2191.51	2.04
2191.83	1.68
2192.15	1.56
2192.47	1.88
2192.78	1.4
2193.1	1.12
2193.42	0.96
2193.74	1.12
2194.05	0.8
2194.37	0.4
2194.69	0.4
2195	0.04
2195.32	0.08
2195.64	0.16
2195.96	0.28
2196.27	0.28
2196.59	0.6
2196.91	0.2
2197.22	0.2
2197.54	0.08
2197.86	0.28
2198.18	0.48
2198.49	0.52
2198.81	0.64
2199.13	0.64
2199.44	0.44
2199.76	0.44
2200.08	0.48
2200.39	0.28
2200.71	0.32
2201.03	0.44
2201.34	1
2201.66	1.08
2201.98	1.2
2202.29	1.16
2202.61	1.04
2202.93	0.8
2203.24	0.76
2203.56	0.72
2203.88	1.04
2204.19	1.04
2204.51	0.72
2204.83	0.56
2205.14	0.48
2205.46	0.2
2205.78	0.2
2206.09	0.08
2206.41	-0.08
2206.72	-0.28
2207.04	0.04
2207.36	-0.36
2207.67	-0.24
2207.99	0.12
2208.31	0.32
2208.62	0.04
2208.94	0.6
2209.25	0.68
2209.57	0.48
2209.89	0.48
2210.2	0.44
2210.52	0.28
2210.83	0.4
2211.15	0.4
2211.47	0.76
2211.78	0.8
2212.1	0.4
2212.41	0.04
2212.73	0.44
2213.05	0.08
2213.36	0.52
2213.68	0.92
2213.99	1
2214.31	0.72
2214.62	0.76
2214.94	0.6
2215.26	1.08
2215.57	1.4
2215.89	1.4
2216.2	1.72
2216.52	1.4
2216.83	1.12
2217.15	1
2217.46	1.36
2217.78	1.52
2218.1	1.4
2218.41	1.6
2218.73	1.32
2219.04	0.84
2219.36	0.52
2219.67	0.6
2219.99	0.28
2220.3	0.28
2220.62	0.28
2220.93	0.2
2221.25	0.2
2221.56	0.44
2221.88	0.48
2222.19	0.52
2222.51	0.6
2222.82	-0.76
2223.14	-1.08
2223.45	-0.96
2223.77	-0.84
2224.08	-0.8
2224.4	0.56
2224.71	0.6
2225.03	0.6
2225.34	0.48
2225.66	-1.16
2225.97	-0.92
2226.29	-0.48
2226.6	-0.48
2226.92	-0.52
2227.23	0.88
2227.55	0.64
2227.86	0.16
2228.18	0
2228.49	0.04
2228.81	0.24
2229.12	0.88
2229.44	1.4
2229.75	1.4
2230.07	1.36
2230.38	1.16
2230.69	0.52
2231.01	0.32
2231.32	0.52
2231.64	0.52
2231.95	1.16
2232.27	1.24
2232.58	1.12
2232.9	1.36
2233.21	1.36
2233.52	0.96
2233.84	1.08
2234.15	0.88
2234.47	0.48
2234.78	0.48
2235.1	0.24
2235.41	0.12
2235.72	0.2
2236.04	0.28
2236.35	1.12
2236.67	0.76
2236.98	0.68
2237.29	0.72
2237.61	0.68
2237.92	-0.16
2238.24	0.56
2238.55	0.56
2238.86	0.44
2239.18	0.36
2239.49	-0.44
2239.8	-0.8
2240.12	-0.44
2240.43	-0.24
2240.75	-0.2
2241.06	0.76
2241.37	1.04
2241.69	1.16
2242	1.16
2242.31	1.12
2242.63	0.96
2242.94	1.44
2243.26	1.16
2243.57	1.04
2243.88	1.2
2244.2	1.24
2244.51	0.6
2244.82	0.84
2245.14	1.04
2245.45	0.88
2245.76	1
2246.08	1.04
2246.39	0.6
2246.7	0.32
2247.02	0.4
2247.33	0.92
2247.64	0.84
2247.96	1.32
2248.27	1.52
2248.58	0.52
2248.9	-0.16
2249.21	-0.2
2249.52	-0.68
2249.83	-0.88
2250.15	0.24
2250.46	0.24
2250.77	0.28
2251.09	0.44
2251.4	0.48
2251.71	0.28
2252.03	0.28
2252.34	0.48
2252.65	0.44
2252.96	0.52
2253.28	0.64
2253.59	0.64
2253.9	0.36
2254.21	0.32
2254.53	1.12
2254.84	0.6
2255.15	0.6
2255.47	1
2255.78	1.16
2256.09	0.4
2256.4	0.88
2256.72	0.88
2257.03	0.56
2257.34	0.36
2257.65	0.2
2257.97	0.28
2258.28	0.44
2258.59	0.36
2258.9	0.44
2259.22	0.44
2259.53	0.6
2259.84	0.72
2260.15	0.96
2260.46	0.96
2260.78	0.96
2261.09	1.08
2261.4	0.96
2261.71	0.76
2262.03	1
2262.34	1.28
2262.65	1.28
2262.96	1.6
2263.27	1.56
2263.59	1.64
2263.9	1.36
2264.21	1.36
2264.52	1.2
2264.83	1.28
2265.15	0.84
2265.46	1
2265.77	0.72
2266.08	0.4
2266.39	0.36
2266.7	0.4
2267.02	0.36
2267.33	0.04
2267.64	0.16
2267.95	0.24
2268.26	0.24
2268.57	0.12
2268.89	0.52
2269.2	0.4
2269.51	0.4
2269.82	0.36
2270.13	0.6
2270.44	0.56
2270.76	0.28
2271.07	0.16
2271.38	-0.32
2271.69	-0.44
2272	-0.64
2272.31	-0.4
2272.62	-1.2
2272.93	-0.72
2273.25	-0.8
2273.56	-0.52
2273.87	-0.48
2274.18	0.32
2274.49	0.72
2274.8	0.68
2275.11	0.4
2275.42	0.72
2275.74	1.2
2276.05	0.8
2276.36	1
2276.67	1
2276.98	0.68
2277.29	0.28
2277.6	0.64
2277.91	0.44
2278.22	0.2
2278.53	0.2
2278.85	0.36
2279.16	-0.76
2279.47	-0.64
2279.78	-0.2
2280.09	-0.16
2280.4	-0.16
2280.71	0.76
2281.02	0.64
2281.33	0.68
2281.64	0.76
2281.95	0.52
2282.26	0.36
2282.57	0.4
2282.88	0.28
2283.19	0.24
2283.5	0.24
2283.82	0.24
2284.13	0.4
2284.44	0.52
2284.75	-0.04
2285.06	-3.33053e-18
2285.37	0.04
2285.68	-0.16
2285.99	-0.32
2286.3	0.4
2286.61	0.88
2286.92	0.92
2287.23	0.96
2287.54	1
2287.85	1.4
2288.16	1
2288.47	1.08
2288.78	1.08
2289.09	0.96
2289.4	1
2289.71	0.88
2290.02	0.84
2290.33	0.88
2290.64	1.16
2290.95	0.48
2291.26	0.64
2291.57	0.72
2291.88	0.24
2292.19	0.2
2292.5	0.2
2292.81	0.04
2293.12	-0.16
2293.43	0.24
2293.74	0
2294.05	0
2294.36	0
2294.67	0
2294.98	0
2295.29	0
2295.6	0
2295.91	0
2296.21	0
2296.52	0
2296.83	0
2297.14	0
2297.45	0
2297.76	0
2298.07	0
2298.38	0
2298.69	0
2299	0
2299.31	0
2299.62	0
2299.93	0
2300.24	0
2300.55	0
2300.85	0
2301.16	0
2301.47	0
2301.78	0
2302.09	0
2302.4	0
2302.71	0
2303.02	0
2303.33	0
2303.64	0
2303.94	0
2304.25	0
2304.56	0
2304.87	0
2305.18	0
2305.49	0
2305.8	0
2306.11	0
2306.42	0
2306.72	0
2307.03	0
2307.34	0
2307.65	0
2307.96	0
2308.27	0
2308.58	0
2308.88	0
2309.19	0
2309.5	0
2309.81	0
2310.12	0
2310.43	0
2310.74	0
2311.04	0
2311.35	0
2311.66	0
2311.97	0
2312.28	0
2312.59	0
2312.89	0
2313.2	0
2313.51	0
2313.82	0
2314.13	0
2314.43	0
2314.74	0
2315.05	0
2315.36	0
2315.67	0
2315.97	0
2316.28	0
2316.59	0
2316.9	0
2317.21	0
2317.51	0
2317.82	0
2318.13	0
2318.44	0
2318.75	0
2319.05	0
2319.36	0
2319.67	0
2319.98	0
2320.28	0
2320.59	0
2320.9	0
2321.21	0
2321.51	0
2321.82	0
2322.13	0
2322.44	0
2322.74	0
2323.05	0
2323.36	0
2323.67	0
2323.97	0
2324.28	0
2324.59	0
2324.9	0
2325.2	0
2325.51	0
2325.82	0
2326.13	0
2326.43	0
2326.74	0
2327.05	0
2327.35	0
2327.66	0
2327.97	0
2328.27	0
2328.58	0
2328.89	0
2329.2	0
2329.5	0
2329.81	0
2330.12	0
2330.42	0
2330.73	0
2331.04	0
2331.34	0
2331.65	0
2331.96	0
2332.26	0
2332.57	0
2332.88	0
2333.18	0
2333.49	0
2333.8	0
2334.1	0
2334.41	0
2334.72	0
2335.02	0
2335.33	0
2335.64	0
2335.94	0
2336.25	0
2336.56	0
2336.86	0
2337.17	0
2337.48	0
2337.78	0
2338.09	0
2338.39	0
2338.7	0
2339.01	0
2339.31	0
2339.62	0
2339.93	0
2340.23	0
2340.54	0
2340.84	0
2341.15	0
2341.46	0
2341.76	0
2342.07	0
2342.37	0
2342.68	0
2342.99	0
2343.29	0
2343.6	0
2343.9	0
2344.21	0
2344.51	0
2344.82	0
2345.13	0
2345.43	0
2345.74	0
2346.04	0
2346.35	0
2346.65	0
2346.96	0
2347.27	0
2347.57	0
2347.88	0
2348.18	0
2348.49	0
2348.79	0
2349.1	0
2349.4	0
2349.71	0
2350.01	0
2350.32	0
2350.63	0
2350.93	0
2351.24	0
2351.54	0
2351.85	0
2352.15	0
2352.46	0
2352.76	0
2353.07	0
2353.37	0
2353.68	0
2353.98	0
2354.29	0
2354.59	0
2354.9	0
2355.2	0
2355.51	0
2355.81	0
2356.12	0
2356.42	0
2356.73	0
2357.03	0
2357.34	0
2357.64	0
2357.95	0
2358.25	0
2358.55	0
2358.86	0
2359.16	0
2359.47	0
2359.77	0
2360.08	0
2360.38	0
2360.69	0
2360.99	0
2361.3	0
2361.6	0
2361.9	0
2362.21	0
2362.51	0
2362.82	0
2363.12	0
2363.43	0
2363.73	0
2364.04	0
2364.34	0
2364.64	0
2364.95	0
2365.25	0
2365.56	0
2365.86	0
2366.16	0
2366.47	0
2366.77	0
2367.08	0
2367.38	0
2367.68	0
2367.99	0
2368.29	0
2368.6	0
2368.9	0
2369.2	0
2369.51	0
2369.81	0
2370.12	0
2370.42	0
2370.72	0
2371.03	0
2371.33	0
2371.63	0
2371.94	0
2372.24	0
2372.55	0
2372.85	0
2373.15	0
2373.46	0
2373.76	0
2374.06	0
2374.37	0
2374.67	0
2374.97	0
2375.28	0
2375.58	0
2375.88	0
2376.19	0
2376.49	0
2376.79	0
2377.1	0
2377.4	0
2377.7	0
2378.01	0
2378.31	0
2378.61	0
2378.92	0
2379.22	0
2379.52	0
2379.82	0
2380.13	0
2380.43	0
2380.73	0
2381.04	0
2381.34	0
2381.64	0
2381.95	0
2382.25	0
2382.55	0
2382.85	0
2383.16	0
2383.46	0
2383.76	0
2384.06	0
2384.37	0
2384.67	0
2384.97	0
2385.28	0
2385.58	0
2385.88	0
2386.18	0
2386.49	0
2386.79	0
2387.09	0
2387.39	0
2387.69	0
2388	0
2388.3	0
2388.6	0
2388.9	0
2389.21	0
2389.51	0
2389.81	0
2390.11	0
2390.42	0
2390.72	0
2391.02	0
2391.32	0
2391.62	0
2391.93	0
2392.23	0
2392.53	0
2392.83	0
2393.13	0
2393.44	0
2393.74	0
2394.04	0
2394.34	0
2394.64	0
2394.95	0
2395.25	0
2395.55	0
2395.85	0
2396.15	0
2396.45	0
2396.76	0
2397.06	0
2397.36	0
2397.66	0
2397.96	0
2398.26	0
2398.57	0
2398.87	0
2399.17	0
2399.47	0
2399.77	0
2400.07	0
2400.37	0
2400.68	0
2400.98	0
2401.28	0
2401.58	0
2401.88	0
2402.18	0
2402.48	0
2402.79	0
2403.09	0
2403.39	0
2403.69	0
2403.99	0
2404.29	0
2404.59	0
2404.89	0
2405.19	0
2405.5	0
2405.8	0
2406.1	0
2406.4	0
2406.7	0
2407	0
2407.3	0
2407.6	0
2407.9	0
2408.2	0
2408.5	0
2408.8	0
2409.11	0
2409.41	0
2409.71	0
2410.01	0
2410.31	0
2410.61	0
2410.91	0
2411.21	0
2411.51	0
2411.81	0
2412.11	0
2412.41	0
2412.71	0
2413.01	0
2413.31	0
2413.61	0
2413.91	0
2414.21	0
2414.51	0
2414.81	0
2415.12	0
2415.42	0
2415.72	0
2416.02	0
2416.32	0
2416.62	0
2416.92	0
2417.22	0
2417.52	0
2417.82	0
2418.12	0
2418.42	0
2418.72	0
2419.02	0
2419.32	0
2419.62	0
2419.92	0
2420.22	0
2420.52	0
2420.82	0
2421.12	0
2421.42	0
2421.71	0
2422.01	0
2422.31	0
2422.61	0
2422.91	0
2423.21	0
2423.51	0
2423.81	0
2424.11	0
2424.41	0
2424.71	0
2425.01	0
2425.31	0
2425.61	0
2425.91	0
2426.21	0
2426.51	0
2426.81	0
2427.11	0
2427.41	0
2427.7	0
2428	0
2428.3	0
2428.6	0
2428.9	0
2429.2	0
2429.5	0
2429.8	0
2430.1	0
2430.4	0
2430.7	0
2430.99	0
2431.29	0
2431.59	0
2431.89	0
2432.19	0
2432.49	0
2432.79	0
2433.09	0
2433.39	0
2433.68	0
2433.98	0
2434.28	0
2434.58	0
2434.88	0
2435.18	0
2435.48	0
2435.78	0
2436.07	0
2436.37	0
2436.67	0
2436.97	0
2437.27	0
2437.57	0
2437.86	0
2438.16	0
2438.46	0
2438.76	0
2439.06	0
2439.36	0
2439.66	0
2439.95	0
2440.25	0
2440.55	0
2440.85	0
2441.15	0
2441.44	0
2441.74	0
2442.04	0
2442.34	0
2442.64	0
2442.93	0
2443.23	0
2443.53	0
2443.83	0
2444.13	0
2444.42	0
2444.72	0
2445.02	0
2445.32	0
2445.62	0
2445.91	0
2446.21	0
2446.51	0
2446.81	0
2447.1	0
2447.4	0
2447.7	0
2448	0
2448.3	0
2448.59	0
2448.89	0
2449.19	0
2449.49	0
2449.78	0
2450.08	0
2450.38	0
2450.68	0
2450.97	0
2451.27	0
2451.57	0
2451.87	0
2452.16	0
2452.46	0
2452.76	0
2453.05	0
2453.35	0
2453.65	0
2453.95	0
2454.24	0
2454.54	0
2454.84	0
2455.13	0
2455.43	0
2455.73	0
2456.03	0
2456.32	0
2456.62	0
2456.92	0
2457.21	0
2457.51	0
2457.81	0
2458.1	0
2458.4	0
2458.7	0
2458.99	0
2459.29	0
2459.59	0
2459.88	0
2460.18	0
2460.48	0
2460.77	0
2461.07	0
2461.37	0
2461.66	0
2461.96	0
2462.26	0
2462.55	0
2462.85	0
2463.15	0
2463.44	0
2463.74	0
2464.04	0
2464.33	0
2464.63	0
2464.92	0
2465.22	0
2465.52	0
2465.81	0
2466.11	0
2466.41	0
2466.7	0
2467	0
2467.29	0
2467.59	0
2467.89	0
2468.18	0
2468.48	0
2468.77	0
2469.07	0
2469.37	0
2469.66	0
2469.96	0
2470.25	0
2470.55	0
2470.84	0
2471.14	0
2471.44	0
2471.73	0
2472.03	0
2472.32	0
2472.62	0
2472.91	0
2473.21	0
2473.51	0
2473.8	0
2474.1	0
2474.39	0
2474.69	0
2474.98	0
2475.28	0
2475.57	0
2475.87	0
2476.17	0
2476.46	0
2476.76	0
2477.05	0
2477.35	0
2477.64	0
2477.94	0
2478.23	0
2478.53	0
2478.82	0
2479.12	0
2479.41	0
2479.71	0
2480	0
2480.3	0
2480.59	0
2480.89	0
2481.18	0
2481.48	0
2481.77	0
2482.07	0
2482.36	0
2482.66	0
2482.95	0
2483.25	0
2483.54	0
2483.84	0
2484.13	0
2484.43	0
2484.72	0
2485.02	0
2485.31	0
2485.6	0
2485.9	0
2486.19	0
2486.49	0
2486.78	0
2487.08	0
2487.37	0
2487.67	0
2487.96	0
2488.26	0
2488.55	0
2488.84	0
2489.14	0
2489.43	0
2489.73	0
2490.02	0
2490.32	0
2490.61	0
2490.9	0
2491.2	0
2491.49	0
2491.79	0
2492.08	0
2492.37	0
2492.67	0
2492.96	0
2493.26	0
2493.55	0
2493.84	0
2494.14	0
2494.43	0
2494.73	0
2495.02	0
2495.31	0
2495.61	0
2495.9	0
2496.2	0
2496.49	0
2496.78	0
2497.08	0
2497.37	0
2497.66	0
2497.96	0
2498.25	0
2498.54	0
2498.84	0
2499.13	0
2499.43	0
2499.72	0
2500.01	0
2500.31	0
2500.6	0
2500.89	0
2501.19	0
2501.48	0
2501.77	0
2502.07	0
2502.36	0
2502.65	0
2502.95	0
2503.24	0
2503.53	0
2503.82	0
2504.12	0
2504.41	0
2504.7	0
2505	0
2505.29	0
2505.58	0
2505.88	0
2506.17	0
2506.46	0
2506.76	0
2507.05	0
2507.34	0
2507.63	0
2507.93	0
2508.22	0
2508.51	0
2508.8	0
2509.1	0
2509.39	0
2509.68	0
2509.98	0
2510.27	0
2510.56	0
2510.85	0
2511.15	0
2511.44	0
2511.73	0
2512.02	0
2512.32	0
2512.61	0
2512.9	0
2513.19	0
2513.49	0
2513.78	0
2514.07	0
2514.36	0
2514.65	0
2514.95	0
2515.24	0
2515.53	0
2515.82	0
2516.12	0
2516.41	0
2516.7	0
2516.99	0
2517.28	0
2517.58	0
2517.87	0
2518.16	0
2518.45	0
2518.74	0
2519.04	0
2519.33	0
2519.62	0
2519.91	0
2520.2	0
2520.5	0
2520.79	0
2521.08	0
2521.37	0
2521.66	0
2521.95	0
2522.25	0
2522.54	0
2522.83	0
2523.12	0
2523.41	0
2523.7	0
2523.99	0
2524.29	0
2524.58	0
2524.87	0
2525.16	0
2525.45	0
2525.74	0
2526.03	0
2526.33	0
2526.62	0
2526.91	0
2527.2	0
2527.49	0
2527.78	0
2528.07	0
2528.36	0
2528.66	0
2528.95	0
2529.24	0
2529.53	0
2529.82	0
2530.11	0
2530.4	0
2530.69	0
2530.98	0
2531.27	0
2531.57	0
2531.86	0
2532.15	0
2532.44	0
2532.73	0
2533.02	0
2533.31	0
2533.6	0
2533.89	0
2534.18	0
2534.47	0
2534.76	0
2535.05	0
2535.35	0
2535.64	0
2535.93	0
2536.22	0
2536.51	0
2536.8	0
2537.09	0
2537.38	0
2537.67	0
2537.96	0
2538.25	0
2538.54	0
2538.83	0
2539.12	0
2539.41	0
2539.7	0
2539.99	0
2540.28	0
2540.57	0
2540.86	0
2541.15	0
2541.44	0
2541.73	0
2542.02	0
2542.31	0
2542.6	0
2542.89	0
2543.18	0
2543.47	0
2543.76	0
2544.05	0
2544.34	0
2544.63	0
2544.92	0
2545.21	0
2545.5	0
2545.79	0
2546.08	0
2546.37	0
2546.66	0
2546.95	0
2547.24	0
2547.53	0
2547.82	0
2548.11	0
2548.4	0
2548.69	0
2548.98	0
2549.27	0
2549.55	0
2549.84	0
2550.13	0
2550.42	0
2550.71	0
2551	0
2551.29	0
2551.58	0
2551.87	0
2552.16	0
2552.45	0
2552.74	0
2553.03	0
2553.31	0
2553.6	0
2553.89	0
2554.18	0
2554.47	0
2554.76	0
2555.05	0
2555.34	0
2555.63	0
2555.92	0
2556.2	0
2556.49	0
2556.78	0
2557.07	0
2557.36	0
2557.65	0
2557.94	0
2558.23	0
2558.51	0
2558.8	0
2559.09	0
2559.38	0
2559.67	0
2559.96	0
2560.25	0
2560.53	0
2560.82	0
2561.11	0
2561.4	0
2561.69	0
2561.98	0
2562.27	0
2562.55	0
2562.84	0
2563.13	0
2563.42	0
2563.71	0
2564	0
2564.28	0
2564.57	0
2564.86	0
2565.15	0
2565.44	0
2565.72	0
2566.01	0
2566.3	0
2566.59	0
2566.88	0
2567.16	0
2567.45	0
2567.74	0
2568.03	0
2568.32	0
2568.6	0
2568.89	0
2569.18	0
2569.47	0
2569.75	0

