Source: Spectrum Viewer

Chart: Pulse Spectrum

Series: 
Wavelength (nm)	S (a.u.)
1179.9	0
1180.29	0
1180.68	0
1181.06	0
1181.45	0
1181.83	0
1182.22	0
1182.6	0
1182.99	0
1183.38	0
1183.76	0
1184.15	0
1184.53	0
1184.92	0
1185.3	0
1185.69	0
1186.07	0
1186.46	0
1186.85	0
1187.23	0
1187.62	0
1188	0
1188.39	0
1188.77	0
1189.16	0
1189.54	0
1189.93	0
1190.31	0
1190.7	0
1191.08	0
1191.47	0
1191.85	0
1192.24	0
1192.62	0
1193.01	0
1193.39	0
1193.78	0
1194.16	0
1194.55	0
1194.93	0
1195.32	0
1195.7	0
1196.09	0
1196.47	0
1196.86	0
1197.24	0
1197.63	0
1198.01	0
1198.4	0
1198.78	0
1199.16	0
1199.55	0
1199.93	0
1200.32	0
1200.7	0
1201.09	0
1201.47	0
1201.86	0
1202.24	0
1202.63	0
1203.01	0
1203.39	0
1203.78	0
1204.16	0
1204.55	0
1204.93	0
1205.32	0
1205.7	0
1206.08	0
1206.47	0
1206.85	0
1207.24	0
1207.62	0
1208	0
1208.39	0
1208.77	0
1209.16	0
1209.54	0
1209.92	0
1210.31	0
1210.69	0
1211.08	0
1211.46	0
1211.84	0
1212.23	0
1212.61	0
1213	0
1213.38	0
1213.76	0
1214.15	0
1214.53	0
1214.91	0
1215.3	0
1215.68	0
1216.06	0
1216.45	0
1216.83	0
1217.22	0
1217.6	0
1217.98	0
1218.37	0
1218.75	0
1219.13	0
1219.52	0
1219.9	0
1220.28	0
1220.67	0
1221.05	0
1221.43	0
1221.82	0
1222.2	0
1222.58	0
1222.97	0
1223.35	0
1223.73	0
1224.11	0
1224.5	0
1224.88	0
1225.26	0
1225.65	0
1226.03	0
1226.41	0
1226.8	0
1227.18	0
1227.56	0
1227.94	0
1228.33	0
1228.71	0
1229.09	0
1229.47	0
1229.86	0
1230.24	0
1230.62	0
1231.01	0
1231.39	0
1231.77	0
1232.15	0
1232.54	0
1232.92	0
1233.3	0
1233.68	0
1234.07	0
1234.45	0
1234.83	0
1235.21	0
1235.6	0
1235.98	0
1236.36	0
1236.74	0
1237.12	0
1237.51	0
1237.89	0
1238.27	0
1238.65	0
1239.04	0
1239.42	0
1239.8	0
1240.18	0
1240.56	0
1240.95	0
1241.33	0
1241.71	0
1242.09	0
1242.47	0
1242.86	0
1243.24	0
1243.62	0
1244	0
1244.38	0
1244.77	0
1245.15	0
1245.53	0
1245.91	0
1246.29	0
1246.67	0
1247.06	0
1247.44	0
1247.82	0
1248.2	0
1248.58	0
1248.96	0
1249.34	0
1249.73	0
1250.11	0
1250.49	0
1250.87	0
1251.25	0
1251.63	0
1252.01	0
1252.4	0
1252.78	0
1253.16	0
1253.54	0
1253.92	0
1254.3	0
1254.68	0
1255.06	0
1255.45	0
1255.83	0
1256.21	0
1256.59	0
1256.97	0
1257.35	0
1257.73	0
1258.11	0
1258.49	0
1258.87	0
1259.26	0
1259.64	0
1260.02	0
1260.4	0
1260.78	0
1261.16	0
1261.54	0
1261.92	0
1262.3	0
1262.68	0
1263.06	0
1263.44	0
1263.82	0
1264.21	0
1264.59	0
1264.97	0
1265.35	0
1265.73	0
1266.11	0
1266.49	0
1266.87	0
1267.25	0
1267.63	0
1268.01	0
1268.39	0
1268.77	0
1269.15	0
1269.53	0
1269.91	0
1270.29	0
1270.67	0
1271.05	0
1271.43	0
1271.81	0
1272.19	0
1272.57	0
1272.95	0
1273.33	0
1273.71	0
1274.09	0
1274.47	0
1274.85	0
1275.23	0
1275.61	0
1275.99	0
1276.37	0
1276.75	0
1277.13	0
1277.51	0
1277.89	0
1278.27	0
1278.65	0
1279.03	0
1279.41	0
1279.79	0
1280.17	0
1280.55	0
1280.93	0
1281.31	0
1281.69	0
1282.07	0
1282.45	0
1282.82	0
1283.2	0
1283.58	0
1283.96	0
1284.34	0
1284.72	0
1285.1	0
1285.48	0
1285.86	0
1286.24	0
1286.62	0
1287	0
1287.38	0
1287.75	0
1288.13	0
1288.51	0
1288.89	0
1289.27	0
1289.65	0
1290.03	0
1290.41	0
1290.79	0
1291.17	0
1291.54	0
1291.92	0
1292.3	0
1292.68	0
1293.06	0
1293.44	0
1293.82	0
1294.2	0
1294.57	0
1294.95	0
1295.33	0
1295.71	0
1296.09	0
1296.47	0
1296.85	0
1297.22	0
1297.6	0
1297.98	0
1298.36	0
1298.74	0
1299.12	0
1299.5	0
1299.87	0
1300.25	0
1300.63	0
1301.01	0
1301.39	0
1301.77	0
1302.14	0
1302.52	0
1302.9	0
1303.28	0
1303.66	0
1304.03	0
1304.41	0
1304.79	0
1305.17	0
1305.55	0
1305.92	0
1306.3	0
1306.68	0
1307.06	0
1307.44	0
1307.81	0
1308.19	0
1308.57	0
1308.95	0
1309.32	0
1309.7	0
1310.08	0
1310.46	0
1310.84	0
1311.21	0
1311.59	0
1311.97	0
1312.35	0
1312.72	0
1313.1	0
1313.48	0
1313.86	0
1314.23	0
1314.61	0
1314.99	0
1315.37	0
1315.74	0
1316.12	0
1316.5	0
1316.87	0
1317.25	0
1317.63	0
1318.01	0
1318.38	0
1318.76	0
1319.14	0
1319.52	0
1319.89	0
1320.27	0
1320.65	0
1321.02	0
1321.4	0
1321.78	0
1322.15	0
1322.53	0
1322.91	0
1323.29	0
1323.66	0
1324.04	0
1324.42	0
1324.79	0
1325.17	0
1325.55	0
1325.92	0
1326.3	0
1326.68	0
1327.05	0
1327.43	0
1327.81	0
1328.18	0
1328.56	0
1328.94	0
1329.31	0
1329.69	0
1330.06	0
1330.44	0
1330.82	0
1331.19	0
1331.57	0
1331.95	0
1332.32	0
1332.7	0
1333.08	0
1333.45	0
1333.83	0
1334.2	0
1334.58	0
1334.96	0
1335.33	0
1335.71	0
1336.08	0
1336.46	0
1336.84	0
1337.21	0
1337.59	0
1337.96	0
1338.34	0
1338.72	0
1339.09	0
1339.47	0
1339.84	0
1340.22	0
1340.6	0
1340.97	0
1341.35	0
1341.72	0
1342.1	0
1342.47	0
1342.85	0
1343.23	0
1343.6	0
1343.98	0
1344.35	0
1344.73	0
1345.1	0
1345.48	0
1345.85	0
1346.23	0
1346.61	0
1346.98	0
1347.36	0
1347.73	0
1348.11	0
1348.48	0
1348.86	0
1349.23	0
1349.61	0
1349.98	0
1350.36	0
1350.73	0
1351.11	0
1351.48	0
1351.86	0
1352.23	0
1352.61	0
1352.98	0
1353.36	0
1353.73	0
1354.11	0
1354.48	0
1354.86	0
1355.23	0
1355.61	0
1355.98	0
1356.36	0
1356.73	0
1357.11	0
1357.48	0
1357.86	0
1358.23	0
1358.61	0
1358.98	0
1359.35	0
1359.73	0
1360.1	0
1360.48	0
1360.85	0
1361.23	0
1361.6	0
1361.98	0
1362.35	0
1362.72	0
1363.1	0
1363.47	0
1363.85	0
1364.22	0
1364.6	0
1364.97	0
1365.34	0
1365.72	0
1366.09	0
1366.47	0
1366.84	0
1367.22	0
1367.59	0
1367.96	0
1368.34	0
1368.71	0
1369.09	0
1369.46	0
1369.83	40
1370.21	35
1370.58	42
1370.96	41
1371.33	40
1371.7	40
1372.08	40
1372.45	42
1372.82	40
1373.2	40
1373.57	41
1373.95	41
1374.32	41
1374.69	41
1375.07	41
1375.44	39
1375.81	42
1376.19	39
1376.56	40
1376.93	40
1377.31	40
1377.68	41
1378.05	41
1378.43	41
1378.8	41
1379.17	42
1379.55	41
1379.92	42
1380.29	42
1380.67	39
1381.04	41
1381.41	42
1381.79	40
1382.16	40
1382.53	41
1382.91	41
1383.28	40
1383.65	35
1384.03	41
1384.4	41
1384.77	41
1385.14	42
1385.52	41
1385.89	40
1386.26	41
1386.64	41
1387.01	41
1387.38	40
1387.75	41
1388.13	41
1388.5	42
1388.87	40
1389.25	41
1389.62	42
1389.99	41
1390.36	41
1390.74	39
1391.11	40
1391.48	41
1391.85	41
1392.23	43
1392.6	42
1392.97	41
1393.34	42
1393.72	40
1394.09	40
1394.46	40
1394.83	41
1395.21	41
1395.58	42
1395.95	40
1396.32	41
1396.69	42
1397.07	41
1397.44	39
1397.81	41
1398.18	40
1398.55	42
1398.93	41
1399.3	41
1399.67	40
1400.04	40
1400.41	41
1400.79	41
1401.16	41
1401.53	41
1401.9	41
1402.27	41
1402.65	41
1403.02	42
1403.39	40
1403.76	40
1404.13	42
1404.51	39
1404.88	41
1405.25	40
1405.62	40
1405.99	41
1406.36	40
1406.74	40
1407.11	41
1407.48	40
1407.85	40
1408.22	41
1408.59	35
1408.96	42
1409.34	41
1409.71	40
1410.08	40
1410.45	41
1410.82	40
1411.19	40
1411.56	40
1411.93	39
1412.31	40
1412.68	41
1413.05	41
1413.42	41
1413.79	41
1414.16	41
1414.53	41
1414.9	41
1415.27	40
1415.65	40
1416.02	40
1416.39	40
1416.76	41
1417.13	41
1417.5	40
1417.87	41
1418.24	40
1418.61	40
1418.98	42
1419.35	41
1419.73	41
1420.1	41
1420.47	40
1420.84	42
1421.21	42
1421.58	40
1421.95	40
1422.32	41
1422.69	41
1423.06	40
1423.43	42
1423.8	40
1424.17	40
1424.54	42
1424.91	41
1425.28	41
1425.65	42
1426.02	40
1426.39	40
1426.76	41
1427.14	40
1427.51	38
1427.88	42
1428.25	42
1428.62	40
1428.99	42
1429.36	41
1429.73	42
1430.1	42
1430.47	40
1430.84	41
1431.21	41
1431.58	42
1431.95	41
1432.32	40
1432.69	41
1433.06	39
1433.43	42
1433.8	38
1434.17	40
1434.54	40
1434.91	41
1435.28	42
1435.64	40
1436.01	41
1436.38	40
1436.75	38
1437.12	41
1437.49	40
1437.86	41
1438.23	39
1438.6	41
1438.97	41
1439.34	42
1439.71	42
1440.08	41
1440.45	41
1440.82	42
1441.19	41
1441.56	39
1441.93	41
1442.3	42
1442.67	40
1443.03	41
1443.4	33
1443.77	41
1444.14	41
1444.51	38
1444.88	41
1445.25	40
1445.62	42
1445.99	42
1446.36	40
1446.73	42
1447.09	42
1447.46	42
1447.83	42
1448.2	42
1448.57	41
1448.94	41
1449.31	41
1449.68	42
1450.05	42
1450.41	41
1450.78	41
1451.15	42
1451.52	40
1451.89	41
1452.26	41
1452.63	40
1453	41
1453.36	41
1453.73	41
1454.1	42
1454.47	41
1454.84	41
1455.21	40
1455.57	42
1455.94	41
1456.31	39
1456.68	41
1457.05	41
1457.42	43
1457.78	41
1458.15	40
1458.52	41
1458.89	41
1459.26	40
1459.63	41
1459.99	41
1460.36	41
1460.73	40
1461.1	41
1461.47	42
1461.83	41
1462.2	41
1462.57	41
1462.94	41
1463.31	41
1463.67	41
1464.04	42
1464.41	41
1464.78	39
1465.15	41
1465.51	38
1465.88	41
1466.25	39
1466.62	43
1466.98	40
1467.35	41
1467.72	41
1468.09	42
1468.46	41
1468.82	42
1469.19	40
1469.56	40
1469.93	41
1470.29	42
1470.66	43
1471.03	43
1471.4	41
1471.76	40
1472.13	40
1472.5	41
1472.86	42
1473.23	41
1473.6	41
1473.97	41
1474.33	42
1474.7	41
1475.07	42
1475.44	40
1475.8	41
1476.17	41
1476.54	41
1476.9	40
1477.27	41
1477.64	40
1478	42
1478.37	41
1478.74	42
1479.11	42
1479.47	41
1479.84	40
1480.21	40
1480.57	41
1480.94	41
1481.31	41
1481.67	42
1482.04	42
1482.41	41
1482.77	42
1483.14	41
1483.51	40
1483.87	42
1484.24	42
1484.61	41
1484.97	43
1485.34	41
1485.71	42
1486.07	42
1486.44	35
1486.81	42
1487.17	42
1487.54	42
1487.9	42
1488.27	42
1488.64	41
1489	40
1489.37	39
1489.74	40
1490.1	41
1490.47	40
1490.83	42
1491.2	42
1491.57	41
1491.93	41
1492.3	43
1492.66	42
1493.03	41
1493.4	41
1493.76	40
1494.13	41
1494.49	42
1494.86	43
1495.23	41
1495.59	41
1495.96	41
1496.32	42
1496.69	36
1497.06	42
1497.42	42
1497.79	42
1498.15	38
1498.52	41
1498.88	40
1499.25	42
1499.62	41
1499.98	41
1500.35	39
1500.71	42
1501.08	41
1501.44	41
1501.81	43
1502.17	41
1502.54	42
1502.9	42
1503.27	41
1503.64	43
1504	42
1504.37	42
1504.73	42
1505.1	41
1505.46	43
1505.83	42
1506.19	43
1506.56	42
1506.92	40
1507.29	42
1507.65	41
1508.02	42
1508.38	42
1508.75	42
1509.11	42
1509.48	43
1509.84	42
1510.21	41
1510.57	41
1510.94	43
1511.3	42
1511.67	41
1512.03	41
1512.4	41
1512.76	41
1513.13	43
1513.49	41
1513.85	37
1514.22	41
1514.58	42
1514.95	42
1515.31	43
1515.68	43
1516.04	41
1516.41	42
1516.77	42
1517.14	42
1517.5	43
1517.86	41
1518.23	40
1518.59	42
1518.96	43
1519.32	41
1519.69	41
1520.05	43
1520.41	43
1520.78	42
1521.14	43
1521.51	44
1521.87	43
1522.24	42
1522.6	41
1522.96	41
1523.33	41
1523.69	43
1524.06	43
1524.42	42
1524.78	43
1525.15	43
1525.51	43
1525.88	44
1526.24	43
1526.6	42
1526.97	42
1527.33	42
1527.69	43
1528.06	44
1528.42	42
1528.79	43
1529.15	44
1529.51	43
1529.88	39
1530.24	43
1530.6	43
1530.97	43
1531.33	43
1531.69	43
1532.06	43
1532.42	44
1532.78	42
1533.15	43
1533.51	43
1533.87	43
1534.24	42
1534.6	43
1534.96	43
1535.33	41
1535.69	43
1536.05	43
1536.42	42
1536.78	43
1537.14	42
1537.51	43
1537.87	43
1538.23	44
1538.6	43
1538.96	41
1539.32	43
1539.68	44
1540.05	43
1540.41	41
1540.77	43
1541.14	42
1541.5	42
1541.86	43
1542.23	43
1542.59	41
1542.95	43
1543.31	43
1543.68	42
1544.04	45
1544.4	42
1544.76	43
1545.13	45
1545.49	43
1545.85	43
1546.21	43
1546.58	43
1546.94	44
1547.3	42
1547.66	44
1548.03	45
1548.39	44
1548.75	44
1549.11	45
1549.48	43
1549.84	44
1550.2	43
1550.56	44
1550.93	42
1551.29	46
1551.65	44
1552.01	43
1552.37	44
1552.74	45
1553.1	45
1553.46	45
1553.82	44
1554.18	45
1554.55	43
1554.91	44
1555.27	45
1555.63	44
1555.99	44
1556.36	43
1556.72	45
1557.08	45
1557.44	36
1557.8	43
1558.17	43
1558.53	44
1558.89	45
1559.25	45
1559.61	45
1559.97	45
1560.34	45
1560.7	45
1561.06	46
1561.42	45
1561.78	46
1562.14	46
1562.5	46
1562.87	44
1563.23	46
1563.59	48
1563.95	48
1564.31	45
1564.67	48
1565.03	48
1565.4	48
1565.76	46
1566.12	48
1566.48	46
1566.84	48
1567.2	47
1567.56	47
1567.92	47
1568.29	47
1568.65	47
1569.01	47
1569.37	47
1569.73	47
1570.09	46
1570.45	48
1570.81	48
1571.17	47
1571.53	48
1571.89	50
1572.26	48
1572.62	48
1572.98	48
1573.34	49
1573.7	48
1574.06	48
1574.42	50
1574.78	49
1575.14	48
1575.5	46
1575.86	50
1576.22	48
1576.58	44
1576.94	50
1577.3	48
1577.67	51
1578.03	48
1578.39	50
1578.75	49
1579.11	48
1579.47	50
1579.83	49
1580.19	49
1580.55	48
1580.91	50
1581.27	49
1581.63	49
1581.99	49
1582.35	48
1582.71	48
1583.07	49
1583.43	48
1583.79	48
1584.15	50
1584.51	49
1584.87	48
1585.23	48
1585.59	49
1585.95	47
1586.31	49
1586.67	49
1587.03	47
1587.39	49
1587.75	49
1588.11	48
1588.47	48
1588.83	49
1589.19	49
1589.55	46
1589.91	49
1590.27	47
1590.63	49
1590.99	49
1591.35	48
1591.71	48
1592.07	48
1592.42	47
1592.78	48
1593.14	49
1593.5	50
1593.86	50
1594.22	48
1594.58	48
1594.94	48
1595.3	50
1595.66	49
1596.02	49
1596.38	48
1596.74	47
1597.1	48
1597.46	50
1597.81	49
1598.17	50
1598.53	50
1598.89	50
1599.25	50
1599.61	50
1599.97	50
1600.33	50
1600.69	51
1601.05	52
1601.4	53
1601.76	52
1602.12	53
1602.48	50
1602.84	52
1603.2	54
1603.56	53
1603.92	53
1604.28	55
1604.63	54
1604.99	55
1605.35	57
1605.71	55
1606.07	57
1606.43	56
1606.79	55
1607.14	57
1607.5	58
1607.86	58
1608.22	58
1608.58	60
1608.94	61
1609.29	61
1609.65	60
1610.01	60
1610.37	62
1610.73	61
1611.09	63
1611.44	63
1611.8	64
1612.16	65
1612.52	65
1612.88	66
1613.24	67
1613.59	66
1613.95	67
1614.31	69
1614.67	71
1615.03	71
1615.38	73
1615.74	75
1616.1	74
1616.46	74
1616.82	75
1617.17	75
1617.53	75
1617.89	77
1618.25	76
1618.6	77
1618.96	78
1619.32	79
1619.68	82
1620.04	81
1620.39	81
1620.75	82
1621.11	84
1621.47	84
1621.82	85
1622.18	84
1622.54	85
1622.9	87
1623.25	86
1623.61	86
1623.97	80
1624.33	85
1624.68	86
1625.04	88
1625.4	87
1625.75	88
1626.11	87
1626.47	86
1626.83	89
1627.18	89
1627.54	90
1627.9	90
1628.26	92
1628.61	93
1628.97	92
1629.33	94
1629.68	94
1630.04	94
1630.4	91
1630.75	91
1631.11	89
1631.47	89
1631.83	90
1632.18	88
1632.54	92
1632.9	88
1633.25	89
1633.61	86
1633.97	87
1634.32	85
1634.68	87
1635.04	85
1635.39	86
1635.75	86
1636.11	86
1636.46	84
1636.82	84
1637.18	85
1637.53	82
1637.89	79
1638.25	80
1638.6	78
1638.96	78
1639.31	77
1639.67	77
1640.03	80
1640.38	78
1640.74	79
1641.1	75
1641.45	77
1641.81	73
1642.16	73
1642.52	74
1642.88	71
1643.23	72
1643.59	70
1643.95	68
1644.3	71
1644.66	72
1645.01	70
1645.37	69
1645.73	67
1646.08	70
1646.44	67
1646.79	66
1647.15	63
1647.51	59
1647.86	61
1648.22	63
1648.57	61
1648.93	61
1649.28	58
1649.64	60
1650	61
1650.35	60
1650.71	60
1651.06	59
1651.42	57
1651.77	59
1652.13	60
1652.48	57
1652.84	59
1653.2	62
1653.55	63
1653.91	63
1654.26	66
1654.62	65
1654.97	66
1655.33	65
1655.68	65
1656.04	64
1656.39	64
1656.75	64
1657.1	66
1657.46	66
1657.81	67
1658.17	71
1658.52	73
1658.88	73
1659.23	75
1659.59	77
1659.94	78
1660.3	80
1660.65	82
1661.01	84
1661.36	85
1661.72	88
1662.07	91
1662.43	90
1662.78	95
1663.14	94
1663.49	95
1663.85	96
1664.2	102
1664.56	103
1664.91	106
1665.27	113
1665.62	104
1665.98	117
1666.33	116
1666.69	118
1667.04	121
1667.39	124
1667.75	130
1668.1	135
1668.46	135
1668.81	134
1669.17	134
1669.52	136
1669.88	136
1670.23	138
1670.58	141
1670.94	148
1671.29	155
1671.65	159
1672	166
1672.36	162
1672.71	167
1673.06	170
1673.42	174
1673.77	174
1674.13	177
1674.48	182
1674.83	185
1675.19	188
1675.54	186
1675.9	190
1676.25	196
1676.6	191
1676.96	192
1677.31	197
1677.67	201
1678.02	204
1678.37	198
1678.73	200
1679.08	197
1679.43	202
1679.79	206
1680.14	206
1680.5	211
1680.85	210
1681.2	215
1681.56	224
1681.91	226
1682.26	224
1682.62	235
1682.97	235
1683.32	244
1683.68	243
1684.03	254
1684.38	247
1684.74	251
1685.09	258
1685.44	259
1685.8	263
1686.15	261
1686.5	266
1686.86	270
1687.21	266
1687.56	269
1687.92	269
1688.27	257
1688.62	267
1688.98	265
1689.33	269
1689.68	286
1690.03	274
1690.39	276
1690.74	279
1691.09	268
1691.45	276
1691.8	281
1692.15	285
1692.5	294
1692.86	294
1693.21	305
1693.56	307
1693.92	325
1694.27	324
1694.62	322
1694.97	319
1695.33	325
1695.68	338
1696.03	344
1696.38	345
1696.74	342
1697.09	342
1697.44	350
1697.79	353
1698.15	360
1698.5	354
1698.85	342
1699.2	355
1699.56	355
1699.91	360
1700.26	368
1700.61	368
1700.97	370
1701.32	378
1701.67	383
1702.02	389
1702.37	399
1702.73	395
1703.08	399
1703.43	406
1703.78	418
1704.13	407
1704.49	415
1704.84	416
1705.19	422
1705.54	427
1705.89	429
1706.25	429
1706.6	433
1706.95	431
1707.3	456
1707.65	452
1708.01	457
1708.36	462
1708.71	461
1709.06	475
1709.41	472
1709.76	471
1710.12	484
1710.47	466
1710.82	483
1711.17	472
1711.52	486
1711.87	496
1712.23	488
1712.58	495
1712.93	483
1713.28	491
1713.63	490
1713.98	471
1714.33	490
1714.69	479
1715.04	482
1715.39	489
1715.74	468
1716.09	472
1716.44	478
1716.79	463
1717.14	476
1717.5	454
1717.85	446
1718.2	456
1718.55	441
1718.9	452
1719.25	434
1719.6	413
1719.95	430
1720.3	412
1720.65	439
1721.01	423
1721.36	404
1721.71	417
1722.06	399
1722.41	416
1722.76	412
1723.11	393
1723.46	411
1723.81	363
1724.16	377
1724.51	422
1724.86	374
1725.21	375
1725.56	384
1725.92	366
1726.27	380
1726.62	356
1726.97	348
1727.32	362
1727.67	323
1728.02	332
1728.37	349
1728.72	321
1729.07	352
1729.42	309
1729.77	307
1730.12	360
1730.47	297
1730.82	332
1731.17	280
1731.52	266
1731.87	283
1732.22	262
1732.57	327
1732.92	260
1733.27	268
1733.62	274
1733.97	253
1734.32	290
1734.67	255
1735.02	259
1735.37	240
1735.72	231
1736.07	286
1736.42	231
1736.77	293
1737.12	250
1737.47	214
1737.82	224
1738.17	243
1738.52	265
1738.87	211
1739.22	250
1739.57	302
1739.92	243
1740.27	253
1740.62	312
1740.97	287
1741.32	212
1741.67	230
1742.02	306
1742.37	228
1742.72	205
1743.06	282
1743.41	348
1743.76	287
1744.11	241
1744.46	366
1744.81	361
1745.16	236
1745.51	294
1745.86	313
1746.21	310
1746.56	248
1746.91	259
1747.26	482
1747.6	455
1747.95	293
1748.3	395
1748.65	443
1749	356
1749.35	372
1749.7	341
1750.05	386
1750.4	408
1750.75	298
1751.09	542
1751.44	585
1751.79	434
1752.14	557
1752.49	542
1752.84	488
1753.19	507
1753.54	469
1753.88	708
1754.23	616
1754.58	513
1754.93	838
1755.28	829
1755.63	770
1755.98	875
1756.32	813
1756.67	922
1757.02	862
1757.37	693
1757.72	1083
1758.07	1125
1758.42	803
1758.76	1210
1759.11	1292
1759.46	1329
1759.81	1290
1760.16	1156
1760.5	1488
1760.85	1492
1761.2	1104
1761.55	1597
1761.9	1665
1762.25	1445
1762.59	1668
1762.94	1618
1763.29	2250
1763.64	1996
1763.99	1516
1764.33	2178
1764.68	2139
1765.03	1762
1765.38	2201
1765.73	1851
1766.07	2356
1766.42	2248
1766.77	2181
1767.12	3231
1767.46	2536
1767.81	2260
1768.16	3322
1768.51	2606
1768.85	2819
1769.2	3101
1769.55	2695
1769.9	3494
1770.25	2758
1770.59	3043
1770.94	4353
1771.29	2849
1771.64	3329
1771.98	4125
1772.33	3283
1772.68	3927
1773.02	3683
1773.37	4403
1773.72	4704
1774.07	3611
1774.41	4703
1774.76	5450
1775.11	4248
1775.46	4646
1775.8	4443
1776.15	3860
1776.5	4763
1776.84	4623
1777.19	4991
1777.54	6193
1777.89	4924
1778.23	5463
1778.58	6792
1778.93	5675
1779.27	5724
1779.62	6231
1779.97	5639
1780.31	5959
1780.66	6549
1781.01	5021
1781.35	5827
1781.7	6592
1782.05	6444
1782.39	7109
1782.74	6636
1783.09	6433
1783.43	7406
1783.78	6742
1784.13	8064
1784.47	7990
1784.82	6645
1785.17	7406
1785.51	6738
1785.86	6133
1786.21	8731
1786.55	8219
1786.9	8850
1787.25	9541
1787.59	8163
1787.94	8724
1788.29	9968
1788.63	6904
1788.98	7895
1789.32	9569
1789.67	8188
1790.02	9603
1790.36	7109
1790.71	5669
1791.06	10867
1791.4	10515
1791.75	9022
1792.09	11165
1792.44	10435
1792.79	11690
1793.13	12161
1793.48	11520
1793.82	11249
1794.17	13569
1794.52	10650
1794.86	10050
1795.21	12858
1795.55	10222
1795.9	9503
1796.24	9730
1796.59	7696
1796.94	5968
1797.28	13240
1797.63	15283
1797.97	13749
1798.32	14784
1798.66	10668
1799.01	11622
1799.36	11818
1799.7	12574
1800.05	13869
1800.39	10152
1800.74	12543
1801.08	13387
1801.43	8727
1801.77	16878
1802.12	17585
1802.46	14432
1802.81	12335
1803.15	11169
1803.5	15280
1803.85	13508
1804.19	11265
1804.54	12822
1804.88	9366
1805.23	8314
1805.57	15352
1805.92	11452
1806.26	8772
1806.61	14425
1806.95	15377
1807.3	14133
1807.64	9817
1807.99	12017
1808.33	21155
1808.68	16117
1809.02	14460
1809.37	12845
1809.71	9906
1810.06	19040
1810.4	19138
1810.75	15700
1811.09	15195
1811.43	11007
1811.78	9728
1812.12	20192
1812.47	21388
1812.81	20004
1813.16	20096
1813.5	17289
1813.85	15599
1814.19	18414
1814.54	15286
1814.88	14453
1815.23	16923
1815.57	12971
1815.91	11759
1816.26	10706
1816.6	7534
1816.95	5267
1817.29	15159
1817.64	19822
1817.98	11853
1818.32	13895
1818.67	15266
1819.01	19718
1819.36	20674
1819.7	16660
1820.05	15722
1820.39	13946
1820.73	13126
1821.08	16291
1821.42	15706
1821.77	13695
1822.11	13461
1822.45	13152
1822.8	8628
1823.14	10787
1823.49	12818
1823.83	6978
1824.17	14824
1824.52	21379
1824.86	17356
1825.2	17795
1825.55	15210
1825.89	12747
1826.24	11173
1826.58	10106
1826.92	12449
1827.27	19522
1827.61	15151
1827.95	12709
1828.3	14827
1828.64	13313
1828.98	11112
1829.33	9288
1829.67	9227
1830.02	8648
1830.36	17933
1830.7	15742
1831.05	12562
1831.39	16785
1831.73	14771
1832.08	13383
1832.42	12469
1832.76	13107
1833.1	10316
1833.45	10190
1833.79	11649
1834.13	9179
1834.48	8618
1834.82	9480
1835.16	9925
1835.51	10382
1835.85	9935
1836.19	8610
1836.54	8059
1836.88	8812
1837.22	5956
1837.56	5242
1837.91	3947
1838.25	5510
1838.59	7037
1838.94	9102
1839.28	10065
1839.62	7567
1839.96	6781
1840.31	6405
1840.65	6707
1840.99	5149
1841.34	4325
1841.68	7414
1842.02	12228
1842.36	10088
1842.71	7779
1843.05	8030
1843.39	4536
1843.73	5046
1844.08	10805
1844.42	11296
1844.76	9355
1845.1	10346
1845.45	8611
1845.79	5719
1846.13	5454
1846.47	8016
1846.81	6906
1847.16	5977
1847.5	4330
1847.84	4909
1848.18	9234
1848.53	9394
1848.87	6343
1849.21	6081
1849.55	5930
1849.89	5107
1850.24	5407
1850.58	5004
1850.92	4349
1851.26	4025
1851.6	4636
1851.95	4105
1852.29	4191
1852.63	3989
1852.97	3507
1853.31	3490
1853.66	2816
1854	2574
1854.34	2237
1854.68	2536
1855.02	4507
1855.36	4583
1855.71	3969
1856.05	2988
1856.39	2721
1856.73	2293
1857.07	2517
1857.41	1892
1857.76	1768
1858.1	1997
1858.44	1871
1858.78	2026
1859.12	1583
1859.46	1682
1859.8	1546
1860.15	1777
1860.49	1336
1860.83	1695
1861.17	3073
1861.51	2639
1861.85	2056
1862.19	1225
1862.53	1099
1862.88	871
1863.22	996
1863.56	1137
1863.9	1160
1864.24	1091
1864.58	1293
1864.92	1628
1865.26	1067
1865.6	1017
1865.94	893
1866.29	896
1866.63	825
1866.97	841
1867.31	823
1867.65	994
1867.99	1255
1868.33	1397
1868.67	1396
1869.01	1290
1869.35	1444
1869.69	1485
1870.03	2681
1870.37	3253
1870.72	1385
1871.06	1619
1871.4	1224
1871.74	925
1872.08	1173
1872.42	1332
1872.76	1728
1873.1	2852
1873.44	3434
1873.78	1354
1874.12	1043
1874.46	1507
1874.8	1765
1875.14	2296
1875.48	3977
1875.82	2917
1876.16	1295
1876.5	1539
1876.84	2519
1877.18	1768
1877.52	1070
1877.86	1359
1878.2	1504
1878.54	1905
1878.88	1930
1879.22	1956
1879.56	2125
1879.9	2415
1880.24	2657
1880.58	2729
1880.92	2720
1881.26	2873
1881.6	3264
1881.94	2593
1882.28	2625
1882.62	3009
1882.96	3516
1883.3	4111
1883.64	4130
1883.98	2859
1884.32	2064
1884.66	2597
1885	2827
1885.34	3195
1885.68	3254
1886.02	3875
1886.36	3518
1886.7	3399
1887.04	3283
1887.38	3530
1887.72	3624
1888.06	3931
1888.39	4262
1888.73	4401
1889.07	4891
1889.41	5083
1889.75	5753
1890.09	4387
1890.43	4763
1890.77	4785
1891.11	2939
1891.45	2977
1891.79	3492
1892.13	3983
1892.47	4287
1892.8	4616
1893.14	4481
1893.48	4804
1893.82	4879
1894.16	5199
1894.5	4271
1894.84	4267
1895.18	4493
1895.52	4883
1895.86	4798
1896.19	5192
1896.53	5134
1896.87	5293
1897.21	5008
1897.55	4912
1897.89	4842
1898.23	5304
1898.57	5656
1898.9	5347
1899.24	4650
1899.58	4941
1899.92	5324
1900.26	5384
1900.6	5476
1900.94	5068
1901.27	5349
1901.61	5257
1901.95	5542
1902.29	5277
1902.63	5608
1902.97	5607
1903.3	5284
1903.64	5601
1903.98	5685
1904.32	5393
1904.66	5140
1905	5447
1905.33	5371
1905.67	5617
1906.01	5581
1906.35	5818
1906.69	5508
1907.02	5173
1907.36	4915
1907.7	5448
1908.04	5317
1908.38	5587
1908.71	5109
1909.05	5309
1909.39	5266
1909.73	5258
1910.07	5128
1910.4	5043
1910.74	5015
1911.08	5202
1911.42	5180
1911.76	5256
1912.09	5243
1912.43	5136
1912.77	5099
1913.11	5288
1913.44	5079
1913.78	5110
1914.12	5136
1914.46	5208
1914.79	4942
1915.13	5085
1915.47	5053
1915.81	4849
1916.14	4928
1916.48	5062
1916.82	4947
1917.16	4857
1917.49	5037
1917.83	5058
1918.17	4781
1918.5	4817
1918.84	4792
1919.18	4678
1919.52	4773
1919.85	4723
1920.19	4582
1920.53	4508
1920.87	4647
1921.2	4590
1921.54	4499
1921.88	4451
1922.21	4519
1922.55	4355
1922.89	4423
1923.22	4283
1923.56	4323
1923.9	4211
1924.23	4223
1924.57	4108
1924.91	4148
1925.25	4085
1925.58	4183
1925.92	4015
1926.26	4055
1926.59	3992
1926.93	4014
1927.27	3960
1927.6	4037
1927.94	3919
1928.28	3889
1928.61	3911
1928.95	3960
1929.29	3874
1929.62	3867
1929.96	3849
1930.29	3809
1930.63	3817
1930.97	3834
1931.3	3839
1931.64	3707
1931.98	3773
1932.31	3693
1932.65	3707
1932.99	3644
1933.32	3755
1933.66	3554
1933.99	3684
1934.33	3605
1934.67	3670
1935	3593
1935.34	3677
1935.67	3525
1936.01	3527
1936.35	3621
1936.68	3545
1937.02	3582
1937.35	3511
1937.69	3482
1938.03	3458
1938.36	3580
1938.7	3502
1939.03	3469
1939.37	3504
1939.7	3496
1940.04	3540
1940.38	3553
1940.71	3597
1941.05	3485
1941.38	3622
1941.72	3562
1942.05	3549
1942.39	3548
1942.73	3608
1943.06	3550
1943.4	3506
1943.73	3669
1944.07	3506
1944.4	3646
1944.74	3720
1945.07	3715
1945.41	3544
1945.74	3746
1946.08	3634
1946.42	3672
1946.75	3606
1947.09	3765
1947.42	3574
1947.76	3709
1948.09	3829
1948.43	3734
1948.76	3576
1949.1	3740
1949.43	3650
1949.77	3652
1950.1	3760
1950.44	3903
1950.77	3704
1951.11	3638
1951.44	3864
1951.78	3663
1952.11	3744
1952.45	3769
1952.78	3698
1953.12	3618
1953.45	3658
1953.79	3812
1954.12	3762
1954.46	3560
1954.79	3674
1955.12	3546
1955.46	3533
1955.79	3649
1956.13	3642
1956.46	3427
1956.8	3480
1957.13	3635
1957.47	3532
1957.8	3518
1958.14	3660
1958.47	3526
1958.8	3377
1959.14	3551
1959.47	3640
1959.81	3463
1960.14	3392
1960.48	3514
1960.81	3381
1961.14	3394
1961.48	3489
1961.81	3758
1962.15	3319
1962.48	3248
1962.82	3293
1963.15	3488
1963.48	3445
1963.82	3250
1964.15	3356
1964.49	3086
1964.82	3309
1965.15	3484
1965.49	3403
1965.82	3176
1966.16	3097
1966.49	3253
1966.82	3041
1967.16	3172
1967.49	3061
1967.83	2989
1968.16	2899
1968.49	3101
1968.83	2817
1969.16	3127
1969.49	2880
1969.83	2825
1970.16	2977
1970.49	2816
1970.83	2870
1971.16	2950
1971.5	3002
1971.83	2698
1972.16	2795
1972.5	2771
1972.83	2802
1973.16	2718
1973.5	2693
1973.83	2475
1974.16	2466
1974.5	2461
1974.83	2689
1975.16	2486
1975.5	2446
1975.83	2244
1976.16	2393
1976.49	2435
1976.83	2197
1977.16	2248
1977.49	2217
1977.83	2206
1978.16	2198
1978.49	2253
1978.83	2100
1979.16	1998
1979.49	1921
1979.83	1998
1980.16	1968
1980.49	2006
1980.82	1930
1981.16	1804
1981.49	1796
1981.82	1804
1982.15	1884
1982.49	1798
1982.82	1737
1983.15	1734
1983.49	1774
1983.82	1660
1984.15	1675
1984.48	1622
1984.82	1572
1985.15	1459
1985.48	1443
1985.81	1501
1986.15	1419
1986.48	1413
1986.81	1425
1987.14	1334
1987.48	1306
1987.81	1325
1988.14	1407
1988.47	1230
1988.81	1231
1989.14	1249
1989.47	1253
1989.8	1218
1990.13	1243
1990.47	1174
1990.8	1105
1991.13	1120
1991.46	1185
1991.79	1143
1992.13	1088
1992.46	1084
1992.79	1041
1993.12	1056
1993.45	1046
1993.79	1091
1994.12	1058
1994.45	1035
1994.78	1070
1995.11	1091
1995.45	1024
1995.78	1081
1996.11	1075
1996.44	1095
1996.77	1004
1997.1	1091
1997.44	1108
1997.77	1110
1998.1	1047
1998.43	1102
1998.76	1088
1999.09	1114
1999.43	1124
1999.76	1144
2000.09	1114
2000.42	1107
2000.75	1157
2001.08	1179
2001.41	1162
2001.75	1200
2002.08	1218
2002.41	1207
2002.74	1220
2003.07	1317
2003.4	1270
2003.73	1300
2004.06	1312
2004.4	1339
2004.73	1316
2005.06	1405
2005.39	1415
2005.72	1381
2006.05	1359
2006.38	1472
2006.71	1432
2007.04	1476
2007.37	1526
2007.71	1522
2008.04	1499
2008.37	1586
2008.7	1581
2009.03	1596
2009.36	1574
2009.69	1661
2010.02	1631
2010.35	1657
2010.68	1688
2011.01	1708
2011.34	1669
2011.67	1702
2012.01	1750
2012.34	1767
2012.67	1755
2013	1808
2013.33	1781
2013.66	1762
2013.99	1797
2014.32	1872
2014.65	1829
2014.98	1826
2015.31	1836
2015.64	1895
2015.97	1849
2016.3	1891
2016.63	1912
2016.96	1875
2017.29	1841
2017.62	1905
2017.95	1981
2018.28	1925
2018.61	1899
2018.94	1878
2019.27	1948
2019.6	1861
2019.93	1930
2020.26	1941
2020.59	1910
2020.92	1859
2021.25	1907
2021.58	1902
2021.91	1898
2022.24	1861
2022.57	1869
2022.9	1850
2023.23	1784
2023.56	1842
2023.89	1873
2024.22	1793
2024.55	1775
2024.88	1816
2025.21	1800
2025.54	1798
2025.87	1736
2026.2	1818
2026.53	1760
2026.86	1730
2027.19	1734
2027.52	1753
2027.85	1712
2028.18	1657
2028.51	1628
2028.84	1657
2029.16	1650
2029.49	1623
2029.82	1625
2030.15	1610
2030.48	1571
2030.81	1598
2031.14	1596
2031.47	1602
2031.8	1526
2032.13	1490
2032.46	1495
2032.79	1527
2033.12	1470
2033.44	1490
2033.77	1457
2034.1	1432
2034.43	1444
2034.76	1445
2035.09	1438
2035.42	1359
2035.75	1365
2036.08	1382
2036.41	1377
2036.73	1328
2037.06	1350
2037.39	1305
2037.72	1323
2038.05	1275
2038.38	1282
2038.71	1271
2039.04	1258
2039.36	1190
2039.69	1194
2040.02	1180
2040.35	1198
2040.68	1185
2041.01	1183
2041.34	1128
2041.66	1125
2041.99	1128
2042.32	1163
2042.65	1142
2042.98	1106
2043.31	1071
2043.63	1075
2043.96	1096
2044.29	1107
2044.62	1059
2044.95	1061
2045.28	1042
2045.6	1026
2045.93	1043
2046.26	1060
2046.59	1047
2046.92	1040
2047.24	983
2047.57	1043
2047.9	1030
2048.23	990
2048.56	964
2048.88	955
2049.21	955
2049.54	989
2049.87	972
2050.2	960
2050.52	907
2050.85	923
2051.18	939
2051.51	935
2051.83	936
2052.16	920
2052.49	947
2052.82	967
2053.15	977
2053.47	948
2053.8	979
2054.13	929
2054.46	913
2054.78	905
2055.11	922
2055.44	915
2055.77	877
2056.09	836
2056.42	850
2056.75	845
2057.08	830
2057.4	878
2057.73	857
2058.06	840
2058.38	833
2058.71	838
2059.04	883
2059.37	887
2059.69	882
2060.02	843
2060.35	860
2060.67	843
2061	856
2061.33	879
2061.66	832
2061.98	830
2062.31	829
2062.64	832
2062.96	825
2063.29	802
2063.62	798
2063.94	784
2064.27	811
2064.6	798
2064.92	815
2065.25	788
2065.58	776
2065.91	772
2066.23	785
2066.56	785
2066.89	789
2067.21	756
2067.54	763
2067.87	754
2068.19	755
2068.52	744
2068.84	741
2069.17	727
2069.5	720
2069.82	729
2070.15	745
2070.48	736
2070.8	720
2071.13	697
2071.46	696
2071.78	705
2072.11	722
2072.43	720
2072.76	694
2073.09	704
2073.41	688
2073.74	693
2074.07	697
2074.39	680
2074.72	671
2075.04	659
2075.37	679
2075.7	672
2076.02	679
2076.35	679
2076.67	673
2077	669
2077.33	669
2077.65	668
2077.98	660
2078.3	645
2078.63	636
2078.95	642
2079.28	641
2079.61	651
2079.93	640
2080.26	633
2080.58	627
2080.91	633
2081.23	630
2081.56	627
2081.89	627
2082.21	608
2082.54	613
2082.86	619
2083.19	617
2083.51	631
2083.84	619
2084.16	608
2084.49	601
2084.81	602
2085.14	612
2085.46	600
2085.79	597
2086.12	597
2086.44	598
2086.77	604
2087.09	602
2087.42	589
2087.74	587
2088.07	587
2088.39	599
2088.72	601
2089.04	601
2089.37	589
2089.69	582
2090.02	578
2090.34	588
2090.67	584
2090.99	561
2091.32	559
2091.64	538
2091.97	563
2092.29	572
2092.62	560
2092.94	554
2093.26	544
2093.59	537
2093.91	552
2094.24	532
2094.56	522
2094.89	529
2095.21	526
2095.54	522
2095.86	537
2096.19	529
2096.51	518
2096.84	508
2097.16	513
2097.48	513
2097.81	518
2098.13	520
2098.46	506
2098.78	502
2099.11	507
2099.43	506
2099.75	506
2100.08	504
2100.4	496
2100.73	482
2101.05	470
2101.38	482
2101.7	484
2102.02	478
2102.35	462
2102.67	457
2103	463
2103.32	470
2103.64	478
2103.97	465
2104.29	468
2104.62	456
2104.94	461
2105.26	457
2105.59	459
2105.91	448
2106.23	443
2106.56	440
2106.88	444
2107.21	441
2107.53	444
2107.85	437
2108.18	434
2108.5	442
2108.82	442
2109.15	439
2109.47	440
2109.79	422
2110.12	420
2110.44	423
2110.76	422
2111.09	418
2111.41	413
2111.73	410
2112.06	410
2112.38	409
2112.7	408
2113.03	406
2113.35	393
2113.67	396
2114	397
2114.32	396
2114.64	399
2114.97	393
2115.29	395
2115.61	387
2115.94	391
2116.26	390
2116.58	388
2116.91	391
2117.23	380
2117.55	377
2117.87	383
2118.2	387
2118.52	380
2118.84	377
2119.17	383
2119.49	383
2119.81	385
2120.13	385
2120.46	380
2120.78	380
2121.1	377
2121.42	371
2121.75	379
2122.07	382
2122.39	383
2122.72	376
2123.04	377
2123.36	381
2123.68	385
2124.01	384
2124.33	384
2124.65	379
2124.97	380
2125.29	382
2125.62	384
2125.94	381
2126.26	383
2126.58	379
2126.91	381
2127.23	384
2127.55	376
2127.87	376
2128.2	374
2128.52	376
2128.84	379
2129.16	381
2129.48	381
2129.81	374
2130.13	366
2130.45	373
2130.77	376
2131.09	374
2131.42	370
2131.74	366
2132.06	365
2132.38	371
2132.7	371
2133.02	373
2133.35	367
2133.67	364
2133.99	359
2134.31	360
2134.63	363
2134.96	356
2135.28	353
2135.6	354
2135.92	353
2136.24	346
2136.56	347
2136.88	348
2137.21	344
2137.53	338
2137.85	346
2138.17	345
2138.49	346
2138.81	331
2139.13	334
2139.46	336
2139.78	330
2140.1	336
2140.42	331
2140.74	332
2141.06	328
2141.38	323
2141.7	326
2142.03	322
2142.35	322
2142.67	316
2142.99	313
2143.31	317
2143.63	315
2143.95	315
2144.27	313
2144.59	311
2144.91	311
2145.24	315
2145.56	307
2145.88	310
2146.2	303
2146.52	302
2146.84	302
2147.16	302
2147.48	303
2147.8	299
2148.12	294
2148.44	294
2148.76	297
2149.08	296
2149.41	296
2149.73	294
2150.05	294
2150.37	291
2150.69	294
2151.01	293
2151.33	295
2151.65	288
2151.97	284
2152.29	286
2152.61	285
2152.93	286
2153.25	280
2153.57	280
2153.89	279
2154.21	282
2154.53	283
2154.85	284
2155.17	277
2155.49	277
2155.81	277
2156.13	276
2156.45	275
2156.77	275
2157.09	274
2157.41	271
2157.73	272
2158.05	273
2158.37	274
2158.69	272
2159.01	270
2159.33	266
2159.65	267
2159.97	268
2160.29	268
2160.61	262
2160.93	264
2161.25	264
2161.57	262
2161.89	264
2162.21	262
2162.53	258
2162.85	257
2163.17	259
2163.49	252
2163.81	256
2164.13	252
2164.45	250
2164.77	248
2165.08	244
2165.4	248
2165.72	250
2166.04	249
2166.36	246
2166.68	245
2167	243
2167.32	248
2167.64	241
2167.96	242
2168.28	238
2168.6	237
2168.92	237
2169.24	238
2169.55	239
2169.87	232
2170.19	231
2170.51	230
2170.83	231
2171.15	230
2171.47	229
2171.79	227
2172.11	225
2172.43	229
2172.74	229
2173.06	229
2173.38	225
2173.7	224
2174.02	220
2174.34	222
2174.66	222
2174.98	222
2175.29	221
2175.61	221
2175.93	219
2176.25	220
2176.57	222
2176.89	219
2177.21	216
2177.52	216
2177.84	218
2178.16	212
2178.48	214
2178.8	214
2179.12	211
2179.43	212
2179.75	211
2180.07	210
2180.39	205
2180.71	206
2181.03	205
2181.34	202
2181.66	204
2181.98	204
2182.3	203
2182.62	202
2182.93	200
2183.25	202
2183.57	199
2183.89	202
2184.21	197
2184.52	198
2184.84	199
2185.16	200
2185.48	200
2185.8	201
2186.11	199
2186.43	196
2186.75	195
2187.07	195
2187.39	195
2187.7	194
2188.02	190
2188.34	193
2188.66	194
2188.97	192
2189.29	195
2189.61	193
2189.93	190
2190.24	188
2190.56	188
2190.88	190
2191.2	189
2191.51	188
2191.83	184
2192.15	185
2192.47	185
2192.78	186
2193.1	183
2193.42	183
2193.74	182
2194.05	183
2194.37	182
2194.69	181
2195	180
2195.32	179
2195.64	176
2195.96	180
2196.27	178
2196.59	179
2196.91	174
2197.22	169
2197.54	173
2197.86	172
2198.18	173
2198.49	171
2198.81	172
2199.13	171
2199.44	173
2199.76	172
2200.08	173
2200.39	169
2200.71	169
2201.03	170
2201.34	170
2201.66	171
2201.98	169
2202.29	166
2202.61	166
2202.93	165
2203.24	164
2203.56	162
2203.88	161
2204.19	162
2204.51	161
2204.83	163
2205.14	162
2205.46	162
2205.78	160
2206.09	161
2206.41	161
2206.72	162
2207.04	163
2207.36	158
2207.67	160
2207.99	158
2208.31	159
2208.62	161
2208.94	159
2209.25	158
2209.57	156
2209.89	157
2210.2	154
2210.52	157
2210.83	157
2211.15	155
2211.47	156
2211.78	154
2212.1	154
2212.41	153
2212.73	152
2213.05	152
2213.36	152
2213.68	155
2213.99	152
2214.31	152
2214.62	149
2214.94	149
2215.26	150
2215.57	149
2215.89	150
2216.2	148
2216.52	148
2216.83	145
2217.15	145
2217.46	145
2217.78	144
2218.1	145
2218.41	143
2218.73	142
2219.04	144
2219.36	146
2219.67	143
2219.99	142
2220.3	141
2220.62	141
2220.93	139
2221.25	143
2221.56	142
2221.88	142
2222.19	141
2222.51	139
2222.82	140
2223.14	139
2223.45	136
2223.77	139
2224.08	138
2224.4	137
2224.71	137
2225.03	139
2225.34	136
2225.66	137
2225.97	134
2226.29	129
2226.6	137
2226.92	134
2227.23	134
2227.55	136
2227.86	136
2228.18	136
2228.49	136
2228.81	136
2229.12	135
2229.44	133
2229.75	134
2230.07	134
2230.38	135
2230.69	136
2231.01	135
2231.32	135
2231.64	136
2231.95	135
2232.27	137
2232.58	135
2232.9	135
2233.21	136
2233.52	133
2233.84	132
2234.15	132
2234.47	130
2234.78	131
2235.1	131
2235.41	130
2235.72	132
2236.04	132
2236.35	133
2236.67	128
2236.98	129
2237.29	125
2237.61	128
2237.92	129
2238.24	129
2238.55	131
2238.86	132
2239.18	129
2239.49	128
2239.8	127
2240.12	123
2240.43	129
2240.75	127
2241.06	127
2241.37	127
2241.69	126
2242	127
2242.31	122
2242.63	125
2242.94	123
2243.26	124
2243.57	121
2243.88	119
2244.2	119
2244.51	120
2244.82	120
2245.14	118
2245.45	118
2245.76	118
2246.08	117
2246.39	119
2246.7	115
2247.02	116
2247.33	117
2247.64	115
2247.96	114
2248.27	117
2248.58	117
2248.9	117
2249.21	110
2249.52	115
2249.83	114
2250.15	114
2250.46	113
2250.77	112
2251.09	113
2251.4	111
2251.71	110
2252.03	111
2252.34	109
2252.65	109
2252.96	111
2253.28	110
2253.59	110
2253.9	108
2254.21	108
2254.53	107
2254.84	108
2255.15	108
2255.47	105
2255.78	108
2256.09	107
2256.4	107
2256.72	107
2257.03	108
2257.34	108
2257.65	107
2257.97	107
2258.28	106
2258.59	106
2258.9	107
2259.22	106
2259.53	106
2259.84	106
2260.15	105
2260.46	104
2260.78	105
2261.09	104
2261.4	106
2261.71	104
2262.03	104
2262.34	104
2262.65	104
2262.96	101
2263.27	101
2263.59	102
2263.9	103
2264.21	101
2264.52	103
2264.83	103
2265.15	102
2265.46	102
2265.77	102
2266.08	101
2266.39	101
2266.7	100
2267.02	99
2267.33	99
2267.64	99
2267.95	96
2268.26	97
2268.57	99
2268.89	99
2269.2	98
2269.51	97
2269.82	96
2270.13	95
2270.44	97
2270.76	97
2271.07	96
2271.38	93
2271.69	96
2272	92
2272.31	95
2272.62	96
2272.93	94
2273.25	92
2273.56	95
2273.87	94
2274.18	95
2274.49	95
2274.8	91
2275.11	93
2275.42	94
2275.74	94
2276.05	92
2276.36	94
2276.67	92
2276.98	91
2277.29	91
2277.6	91
2277.91	92
2278.22	91
2278.53	90
2278.85	89
2279.16	91
2279.47	92
2279.78	85
2280.09	90
2280.4	90
2280.71	90
2281.02	89
2281.33	89
2281.64	89
2281.95	90
2282.26	89
2282.57	91
2282.88	89
2283.19	91
2283.5	89
2283.82	90
2284.13	87
2284.44	88
2284.75	87
2285.06	89
2285.37	84
2285.68	88
2285.99	85
2286.3	86
2286.61	85
2286.92	87
2287.23	86
2287.54	86
2287.85	85
2288.16	85
2288.47	86
2288.78	83
2289.09	85
2289.4	83
2289.71	84
2290.02	83
2290.33	83
2290.64	83
2290.95	83
2291.26	82
2291.57	81
2291.88	83
2292.19	83
2292.5	80
2292.81	82
2293.12	0
2293.43	0
2293.74	0
2294.05	0
2294.36	0
2294.67	0
2294.98	0
2295.29	0
2295.6	0
2295.91	0
2296.21	0
2296.52	0
2296.83	0
2297.14	0
2297.45	0
2297.76	0
2298.07	0
2298.38	0
2298.69	0
2299	0
2299.31	0
2299.62	0
2299.93	0
2300.24	0
2300.55	0
2300.85	0
2301.16	0
2301.47	0
2301.78	0
2302.09	0
2302.4	0
2302.71	0
2303.02	0
2303.33	0
2303.64	0
2303.94	0
2304.25	0
2304.56	0
2304.87	0
2305.18	0
2305.49	0
2305.8	0
2306.11	0
2306.42	0
2306.72	0
2307.03	0
2307.34	0
2307.65	0
2307.96	0
2308.27	0
2308.58	0
2308.88	0
2309.19	0
2309.5	0
2309.81	0
2310.12	0
2310.43	0
2310.74	0
2311.04	0
2311.35	0
2311.66	0
2311.97	0
2312.28	0
2312.59	0
2312.89	0
2313.2	0
2313.51	0
2313.82	0
2314.13	0
2314.43	0
2314.74	0
2315.05	0
2315.36	0
2315.67	0
2315.97	0
2316.28	0
2316.59	0
2316.9	0
2317.21	0
2317.51	0
2317.82	0
2318.13	0
2318.44	0
2318.75	0
2319.05	0
2319.36	0
2319.67	0
2319.98	0
2320.28	0
2320.59	0
2320.9	0
2321.21	0
2321.51	0
2321.82	0
2322.13	0
2322.44	0
2322.74	0
2323.05	0
2323.36	0
2323.67	0
2323.97	0
2324.28	0
2324.59	0
2324.9	0
2325.2	0
2325.51	0
2325.82	0
2326.13	0
2326.43	0
2326.74	0
2327.05	0
2327.35	0
2327.66	0
2327.97	0
2328.27	0
2328.58	0
2328.89	0
2329.2	0
2329.5	0
2329.81	0
2330.12	0
2330.42	0
2330.73	0
2331.04	0
2331.34	0
2331.65	0
2331.96	0
2332.26	0
2332.57	0
2332.88	0
2333.18	0
2333.49	0
2333.8	0
2334.1	0
2334.41	0
2334.72	0
2335.02	0
2335.33	0
2335.64	0
2335.94	0
2336.25	0
2336.56	0
2336.86	0
2337.17	0
2337.48	0
2337.78	0
2338.09	0
2338.39	0
2338.7	0
2339.01	0
2339.31	0
2339.62	0
2339.93	0
2340.23	0
2340.54	0
2340.84	0
2341.15	0
2341.46	0
2341.76	0
2342.07	0
2342.37	0
2342.68	0
2342.99	0
2343.29	0
2343.6	0
2343.9	0
2344.21	0
2344.51	0
2344.82	0
2345.13	0
2345.43	0
2345.74	0
2346.04	0
2346.35	0
2346.65	0
2346.96	0
2347.27	0
2347.57	0
2347.88	0
2348.18	0
2348.49	0
2348.79	0
2349.1	0
2349.4	0
2349.71	0
2350.01	0
2350.32	0
2350.63	0
2350.93	0
2351.24	0
2351.54	0
2351.85	0
2352.15	0
2352.46	0
2352.76	0
2353.07	0
2353.37	0
2353.68	0
2353.98	0
2354.29	0
2354.59	0
2354.9	0
2355.2	0
2355.51	0
2355.81	0
2356.12	0
2356.42	0
2356.73	0
2357.03	0
2357.34	0
2357.64	0
2357.95	0
2358.25	0
2358.55	0
2358.86	0
2359.16	0
2359.47	0
2359.77	0
2360.08	0
2360.38	0
2360.69	0
2360.99	0
2361.3	0
2361.6	0
2361.9	0
2362.21	0
2362.51	0
2362.82	0
2363.12	0
2363.43	0
2363.73	0
2364.04	0
2364.34	0
2364.64	0
2364.95	0
2365.25	0
2365.56	0
2365.86	0
2366.16	0
2366.47	0
2366.77	0
2367.08	0
2367.38	0
2367.68	0
2367.99	0
2368.29	0
2368.6	0
2368.9	0
2369.2	0
2369.51	0
2369.81	0
2370.12	0
2370.42	0
2370.72	0
2371.03	0
2371.33	0
2371.63	0
2371.94	0
2372.24	0
2372.55	0
2372.85	0
2373.15	0
2373.46	0
2373.76	0
2374.06	0
2374.37	0
2374.67	0
2374.97	0
2375.28	0
2375.58	0
2375.88	0
2376.19	0
2376.49	0
2376.79	0
2377.1	0
2377.4	0
2377.7	0
2378.01	0
2378.31	0
2378.61	0
2378.92	0
2379.22	0
2379.52	0
2379.82	0
2380.13	0
2380.43	0
2380.73	0
2381.04	0
2381.34	0
2381.64	0
2381.95	0
2382.25	0
2382.55	0
2382.85	0
2383.16	0
2383.46	0
2383.76	0
2384.06	0
2384.37	0
2384.67	0
2384.97	0
2385.28	0
2385.58	0
2385.88	0
2386.18	0
2386.49	0
2386.79	0
2387.09	0
2387.39	0
2387.69	0
2388	0
2388.3	0
2388.6	0
2388.9	0
2389.21	0
2389.51	0
2389.81	0
2390.11	0
2390.42	0
2390.72	0
2391.02	0
2391.32	0
2391.62	0
2391.93	0
2392.23	0
2392.53	0
2392.83	0
2393.13	0
2393.44	0
2393.74	0
2394.04	0
2394.34	0
2394.64	0
2394.95	0
2395.25	0
2395.55	0
2395.85	0
2396.15	0
2396.45	0
2396.76	0
2397.06	0
2397.36	0
2397.66	0
2397.96	0
2398.26	0
2398.57	0
2398.87	0
2399.17	0
2399.47	0
2399.77	0
2400.07	0
2400.37	0
2400.68	0
2400.98	0
2401.28	0
2401.58	0
2401.88	0
2402.18	0
2402.48	0
2402.79	0
2403.09	0
2403.39	0
2403.69	0
2403.99	0
2404.29	0
2404.59	0
2404.89	0
2405.19	0
2405.5	0
2405.8	0
2406.1	0
2406.4	0
2406.7	0
2407	0
2407.3	0
2407.6	0
2407.9	0
2408.2	0
2408.5	0
2408.8	0
2409.11	0
2409.41	0
2409.71	0
2410.01	0
2410.31	0
2410.61	0
2410.91	0
2411.21	0
2411.51	0
2411.81	0
2412.11	0
2412.41	0
2412.71	0
2413.01	0
2413.31	0
2413.61	0
2413.91	0
2414.21	0
2414.51	0
2414.81	0
2415.12	0
2415.42	0
2415.72	0
2416.02	0
2416.32	0
2416.62	0
2416.92	0
2417.22	0
2417.52	0
2417.82	0
2418.12	0
2418.42	0
2418.72	0
2419.02	0
2419.32	0
2419.62	0
2419.92	0
2420.22	0
2420.52	0
2420.82	0
2421.12	0
2421.42	0
2421.71	0
2422.01	0
2422.31	0
2422.61	0
2422.91	0
2423.21	0
2423.51	0
2423.81	0
2424.11	0
2424.41	0
2424.71	0
2425.01	0
2425.31	0
2425.61	0
2425.91	0
2426.21	0
2426.51	0
2426.81	0
2427.11	0
2427.41	0
2427.7	0
2428	0
2428.3	0
2428.6	0
2428.9	0
2429.2	0
2429.5	0
2429.8	0
2430.1	0
2430.4	0
2430.7	0
2430.99	0
2431.29	0
2431.59	0
2431.89	0
2432.19	0
2432.49	0
2432.79	0
2433.09	0
2433.39	0
2433.68	0
2433.98	0
2434.28	0
2434.58	0
2434.88	0
2435.18	0
2435.48	0
2435.78	0
2436.07	0
2436.37	0
2436.67	0
2436.97	0
2437.27	0
2437.57	0
2437.86	0
2438.16	0
2438.46	0
2438.76	0
2439.06	0
2439.36	0
2439.66	0
2439.95	0
2440.25	0
2440.55	0
2440.85	0
2441.15	0
2441.44	0
2441.74	0
2442.04	0
2442.34	0
2442.64	0
2442.93	0
2443.23	0
2443.53	0
2443.83	0
2444.13	0
2444.42	0
2444.72	0
2445.02	0
2445.32	0
2445.62	0
2445.91	0
2446.21	0
2446.51	0
2446.81	0
2447.1	0
2447.4	0
2447.7	0
2448	0
2448.3	0
2448.59	0
2448.89	0
2449.19	0
2449.49	0
2449.78	0
2450.08	0
2450.38	0
2450.68	0
2450.97	0
2451.27	0
2451.57	0
2451.87	0
2452.16	0
2452.46	0
2452.76	0
2453.05	0
2453.35	0
2453.65	0
2453.95	0
2454.24	0
2454.54	0
2454.84	0
2455.13	0
2455.43	0
2455.73	0
2456.03	0
2456.32	0
2456.62	0
2456.92	0
2457.21	0
2457.51	0
2457.81	0
2458.1	0
2458.4	0
2458.7	0
2458.99	0
2459.29	0
2459.59	0
2459.88	0
2460.18	0
2460.48	0
2460.77	0
2461.07	0
2461.37	0
2461.66	0
2461.96	0
2462.26	0
2462.55	0
2462.85	0
2463.15	0
2463.44	0
2463.74	0
2464.04	0
2464.33	0
2464.63	0
2464.92	0
2465.22	0
2465.52	0
2465.81	0
2466.11	0
2466.41	0
2466.7	0
2467	0
2467.29	0
2467.59	0
2467.89	0
2468.18	0
2468.48	0
2468.77	0
2469.07	0
2469.37	0
2469.66	0
2469.96	0
2470.25	0
2470.55	0
2470.84	0
2471.14	0
2471.44	0
2471.73	0
2472.03	0
2472.32	0
2472.62	0
2472.91	0
2473.21	0
2473.51	0
2473.8	0
2474.1	0
2474.39	0
2474.69	0
2474.98	0
2475.28	0
2475.57	0
2475.87	0
2476.17	0
2476.46	0
2476.76	0
2477.05	0
2477.35	0
2477.64	0
2477.94	0
2478.23	0
2478.53	0
2478.82	0
2479.12	0
2479.41	0
2479.71	0
2480	0
2480.3	0
2480.59	0
2480.89	0
2481.18	0
2481.48	0
2481.77	0
2482.07	0
2482.36	0
2482.66	0
2482.95	0
2483.25	0
2483.54	0
2483.84	0
2484.13	0
2484.43	0
2484.72	0
2485.02	0
2485.31	0
2485.6	0
2485.9	0
2486.19	0
2486.49	0
2486.78	0
2487.08	0
2487.37	0
2487.67	0
2487.96	0
2488.26	0
2488.55	0
2488.84	0
2489.14	0
2489.43	0
2489.73	0
2490.02	0
2490.32	0
2490.61	0
2490.9	0
2491.2	0
2491.49	0
2491.79	0
2492.08	0
2492.37	0
2492.67	0
2492.96	0
2493.26	0
2493.55	0
2493.84	0
2494.14	0
2494.43	0
2494.73	0
2495.02	0
2495.31	0
2495.61	0
2495.9	0
2496.2	0
2496.49	0
2496.78	0
2497.08	0
2497.37	0
2497.66	0
2497.96	0
2498.25	0
2498.54	0
2498.84	0
2499.13	0
2499.43	0
2499.72	0
2500.01	0
2500.31	0
2500.6	0
2500.89	0
2501.19	0
2501.48	0
2501.77	0
2502.07	0
2502.36	0
2502.65	0
2502.95	0
2503.24	0
2503.53	0
2503.82	0
2504.12	0
2504.41	0
2504.7	0
2505	0
2505.29	0
2505.58	0
2505.88	0
2506.17	0
2506.46	0
2506.76	0
2507.05	0
2507.34	0
2507.63	0
2507.93	0
2508.22	0
2508.51	0
2508.8	0
2509.1	0
2509.39	0
2509.68	0
2509.98	0
2510.27	0
2510.56	0
2510.85	0
2511.15	0
2511.44	0
2511.73	0
2512.02	0
2512.32	0
2512.61	0
2512.9	0
2513.19	0
2513.49	0
2513.78	0
2514.07	0
2514.36	0
2514.65	0
2514.95	0
2515.24	0
2515.53	0
2515.82	0
2516.12	0
2516.41	0
2516.7	0
2516.99	0
2517.28	0
2517.58	0
2517.87	0
2518.16	0
2518.45	0
2518.74	0
2519.04	0
2519.33	0
2519.62	0
2519.91	0
2520.2	0
2520.5	0
2520.79	0
2521.08	0
2521.37	0
2521.66	0
2521.95	0
2522.25	0
2522.54	0
2522.83	0
2523.12	0
2523.41	0
2523.7	0
2523.99	0
2524.29	0
2524.58	0
2524.87	0
2525.16	0
2525.45	0
2525.74	0
2526.03	0
2526.33	0
2526.62	0
2526.91	0
2527.2	0
2527.49	0
2527.78	0
2528.07	0
2528.36	0
2528.66	0
2528.95	0
2529.24	0
2529.53	0
2529.82	0
2530.11	0
2530.4	0
2530.69	0
2530.98	0
2531.27	0
2531.57	0
2531.86	0
2532.15	0
2532.44	0
2532.73	0
2533.02	0
2533.31	0
2533.6	0
2533.89	0
2534.18	0
2534.47	0
2534.76	0
2535.05	0
2535.35	0
2535.64	0
2535.93	0
2536.22	0
2536.51	0
2536.8	0
2537.09	0
2537.38	0
2537.67	0
2537.96	0
2538.25	0
2538.54	0
2538.83	0
2539.12	0
2539.41	0
2539.7	0
2539.99	0
2540.28	0
2540.57	0
2540.86	0
2541.15	0
2541.44	0
2541.73	0
2542.02	0
2542.31	0
2542.6	0
2542.89	0
2543.18	0
2543.47	0
2543.76	0
2544.05	0
2544.34	0
2544.63	0
2544.92	0
2545.21	0
2545.5	0
2545.79	0
2546.08	0
2546.37	0
2546.66	0
2546.95	0
2547.24	0
2547.53	0
2547.82	0
2548.11	0
2548.4	0
2548.69	0
2548.98	0
2549.27	0
2549.55	0
2549.84	0
2550.13	0
2550.42	0
2550.71	0
2551	0
2551.29	0
2551.58	0
2551.87	0
2552.16	0
2552.45	0
2552.74	0
2553.03	0
2553.31	0
2553.6	0
2553.89	0
2554.18	0
2554.47	0
2554.76	0
2555.05	0
2555.34	0
2555.63	0
2555.92	0
2556.2	0
2556.49	0
2556.78	0
2557.07	0
2557.36	0
2557.65	0
2557.94	0
2558.23	0
2558.51	0
2558.8	0
2559.09	0
2559.38	0
2559.67	0
2559.96	0
2560.25	0
2560.53	0
2560.82	0
2561.11	0
2561.4	0
2561.69	0
2561.98	0
2562.27	0
2562.55	0
2562.84	0
2563.13	0
2563.42	0
2563.71	0
2564	0
2564.28	0
2564.57	0
2564.86	0
2565.15	0
2565.44	0
2565.72	0
2566.01	0
2566.3	0
2566.59	0
2566.88	0
2567.16	0
2567.45	0
2567.74	0
2568.03	0
2568.32	0
2568.6	0
2568.89	0
2569.18	0
2569.47	0
2569.75	0

