Source: Spectrum Viewer

Chart: Pulse Spectrum

Series: 
Wavelength (nm)	S (a.u.)
1179.9	0
1180.29	0
1180.68	0
1181.06	0
1181.45	0
1181.83	0
1182.22	0
1182.6	0
1182.99	0
1183.38	0
1183.76	0
1184.15	0
1184.53	0
1184.92	0
1185.3	0
1185.69	0
1186.07	0
1186.46	0
1186.85	0
1187.23	0
1187.62	0
1188	0
1188.39	0
1188.77	0
1189.16	0
1189.54	0
1189.93	0
1190.31	0
1190.7	0
1191.08	0
1191.47	0
1191.85	0
1192.24	0
1192.62	0
1193.01	0
1193.39	0
1193.78	0
1194.16	0
1194.55	0
1194.93	0
1195.32	0
1195.7	0
1196.09	0
1196.47	0
1196.86	0
1197.24	0
1197.63	0
1198.01	0
1198.4	0
1198.78	0
1199.16	0
1199.55	0
1199.93	0
1200.32	0
1200.7	0
1201.09	0
1201.47	0
1201.86	0
1202.24	0
1202.63	0
1203.01	0
1203.39	0
1203.78	0
1204.16	0
1204.55	0
1204.93	0
1205.32	0
1205.7	0
1206.08	0
1206.47	0
1206.85	0
1207.24	0
1207.62	0
1208	0
1208.39	0
1208.77	0
1209.16	0
1209.54	0
1209.92	0
1210.31	0
1210.69	0
1211.08	0
1211.46	0
1211.84	0
1212.23	0
1212.61	0
1213	0
1213.38	0
1213.76	0
1214.15	0
1214.53	0
1214.91	0
1215.3	0
1215.68	0
1216.06	0
1216.45	0
1216.83	0
1217.22	0
1217.6	0
1217.98	0
1218.37	0
1218.75	0
1219.13	0
1219.52	0
1219.9	0
1220.28	0
1220.67	0
1221.05	0
1221.43	0
1221.82	0
1222.2	0
1222.58	0
1222.97	0
1223.35	0
1223.73	0
1224.11	0
1224.5	0
1224.88	0
1225.26	0
1225.65	0
1226.03	0
1226.41	0
1226.8	0
1227.18	0
1227.56	0
1227.94	0
1228.33	0
1228.71	0
1229.09	0
1229.47	0
1229.86	0
1230.24	0
1230.62	0
1231.01	0
1231.39	0
1231.77	0
1232.15	0
1232.54	0
1232.92	0
1233.3	0
1233.68	0
1234.07	0
1234.45	0
1234.83	0
1235.21	0
1235.6	0
1235.98	0
1236.36	0
1236.74	0
1237.12	0
1237.51	0
1237.89	0
1238.27	0
1238.65	0
1239.04	0
1239.42	0
1239.8	0
1240.18	0
1240.56	0
1240.95	0
1241.33	0
1241.71	0
1242.09	0
1242.47	0
1242.86	0
1243.24	0
1243.62	0
1244	0
1244.38	0
1244.77	0
1245.15	0
1245.53	0
1245.91	0
1246.29	0
1246.67	0
1247.06	0
1247.44	0
1247.82	0
1248.2	0
1248.58	0
1248.96	0
1249.34	0
1249.73	0
1250.11	0
1250.49	0
1250.87	0
1251.25	0
1251.63	0
1252.01	0
1252.4	0
1252.78	0
1253.16	0
1253.54	0
1253.92	0
1254.3	0
1254.68	0
1255.06	0
1255.45	0
1255.83	0
1256.21	0
1256.59	0
1256.97	0
1257.35	0
1257.73	0
1258.11	0
1258.49	0
1258.87	0
1259.26	0
1259.64	0
1260.02	0
1260.4	0
1260.78	0
1261.16	0
1261.54	0
1261.92	0
1262.3	0
1262.68	0
1263.06	0
1263.44	0
1263.82	0
1264.21	0
1264.59	0
1264.97	0
1265.35	0
1265.73	0
1266.11	0
1266.49	0
1266.87	0
1267.25	0
1267.63	0
1268.01	0
1268.39	0
1268.77	0
1269.15	0
1269.53	0
1269.91	0
1270.29	0
1270.67	0
1271.05	0
1271.43	0
1271.81	0
1272.19	0
1272.57	0
1272.95	0
1273.33	0
1273.71	0
1274.09	0
1274.47	0
1274.85	0
1275.23	0
1275.61	0
1275.99	0
1276.37	0
1276.75	0
1277.13	0
1277.51	0
1277.89	0
1278.27	0
1278.65	0
1279.03	0
1279.41	0
1279.79	0
1280.17	0
1280.55	0
1280.93	0
1281.31	0
1281.69	0
1282.07	0
1282.45	0
1282.82	0
1283.2	0
1283.58	0
1283.96	0
1284.34	0
1284.72	0
1285.1	0
1285.48	0
1285.86	0
1286.24	0
1286.62	0
1287	0
1287.38	0
1287.75	0
1288.13	0
1288.51	0
1288.89	0
1289.27	0
1289.65	0
1290.03	0
1290.41	0
1290.79	0
1291.17	0
1291.54	0
1291.92	0
1292.3	0
1292.68	0
1293.06	0
1293.44	0
1293.82	0
1294.2	0
1294.57	0
1294.95	0
1295.33	0
1295.71	0
1296.09	0
1296.47	0
1296.85	0
1297.22	0
1297.6	0
1297.98	0
1298.36	0
1298.74	0
1299.12	0
1299.5	0
1299.87	0
1300.25	0
1300.63	0
1301.01	0
1301.39	0
1301.77	0
1302.14	0
1302.52	0
1302.9	0
1303.28	0
1303.66	0
1304.03	0
1304.41	0
1304.79	0
1305.17	0
1305.55	0
1305.92	0
1306.3	0
1306.68	0
1307.06	0
1307.44	0
1307.81	0
1308.19	0
1308.57	0
1308.95	0
1309.32	0
1309.7	0
1310.08	0
1310.46	0
1310.84	0
1311.21	0
1311.59	0
1311.97	0
1312.35	0
1312.72	0
1313.1	0
1313.48	0
1313.86	0
1314.23	0
1314.61	0
1314.99	0
1315.37	0
1315.74	0
1316.12	0
1316.5	0
1316.87	0
1317.25	0
1317.63	0
1318.01	0
1318.38	0
1318.76	0
1319.14	0
1319.52	0
1319.89	0
1320.27	0
1320.65	0
1321.02	0
1321.4	0
1321.78	0
1322.15	0
1322.53	0
1322.91	0
1323.29	0
1323.66	0
1324.04	0
1324.42	0
1324.79	0
1325.17	0
1325.55	0
1325.92	0
1326.3	0
1326.68	0
1327.05	0
1327.43	0
1327.81	0
1328.18	0
1328.56	0
1328.94	0
1329.31	0
1329.69	0
1330.06	0
1330.44	0
1330.82	0
1331.19	0
1331.57	0
1331.95	0
1332.32	0
1332.7	0
1333.08	0
1333.45	0
1333.83	0
1334.2	0
1334.58	0
1334.96	0
1335.33	0
1335.71	0
1336.08	0
1336.46	0
1336.84	0
1337.21	0
1337.59	0
1337.96	0
1338.34	0
1338.72	0
1339.09	0
1339.47	0
1339.84	0
1340.22	0
1340.6	0
1340.97	0
1341.35	0
1341.72	0
1342.1	0
1342.47	0
1342.85	0
1343.23	0
1343.6	0
1343.98	0
1344.35	0
1344.73	0
1345.1	0
1345.48	0
1345.85	0
1346.23	0
1346.61	0
1346.98	0
1347.36	0
1347.73	0
1348.11	0
1348.48	0
1348.86	0
1349.23	0
1349.61	0
1349.98	0
1350.36	0
1350.73	0
1351.11	0
1351.48	0
1351.86	0
1352.23	0
1352.61	0
1352.98	0
1353.36	0
1353.73	0
1354.11	0
1354.48	0
1354.86	0
1355.23	0
1355.61	0
1355.98	0
1356.36	0
1356.73	0
1357.11	0
1357.48	0
1357.86	0
1358.23	0
1358.61	0
1358.98	0
1359.35	0
1359.73	0
1360.1	0
1360.48	0
1360.85	0
1361.23	0
1361.6	0
1361.98	0
1362.35	0
1362.72	0
1363.1	0
1363.47	0
1363.85	0
1364.22	0
1364.6	0
1364.97	0
1365.34	0
1365.72	0
1366.09	0
1366.47	0
1366.84	0
1367.22	0
1367.59	0
1367.96	0
1368.34	0
1368.71	0
1369.09	0
1369.46	-0.88
1369.83	-0.88
1370.21	-0.48
1370.58	-0.28
1370.96	-0.08
1371.33	0.8
1371.7	0.88
1372.08	0.48
1372.45	0.28
1372.82	0.16
1373.2	0.6
1373.57	0.52
1373.95	0.76
1374.32	0.76
1374.69	1
1375.07	0.68
1375.44	0.72
1375.81	0.48
1376.19	0.48
1376.56	0.44
1376.93	0.32
1377.31	0.28
1377.68	0.28
1378.05	0.28
1378.43	0
1378.8	0
1379.17	0
1379.55	0
1379.92	0.04
1380.29	0.04
1380.67	0.24
1381.04	0.24
1381.41	0.4
1381.79	0.4
1382.16	0.84
1382.53	0.64
1382.91	-0.36
1383.28	-0.44
1383.65	-0.48
1384.03	-0.88
1384.4	-0.88
1384.77	0.24
1385.14	0.16
1385.52	0.28
1385.89	0.24
1386.26	0.24
1386.64	0.36
1387.01	0.36
1387.38	0.4
1387.75	0.72
1388.13	0.72
1388.5	0.48
1388.87	0.48
1389.25	0.88
1389.62	0.36
1389.99	0.36
1390.36	0.56
1390.74	0.56
1391.11	0
1391.48	0.2
1391.85	0.2
1392.23	0
1392.6	0
1392.97	0.36
1393.34	0.48
1393.72	0.64
1394.09	0.64
1394.46	0.64
1394.83	0.28
1395.21	0.16
1395.58	0.24
1395.95	0.28
1396.32	0.76
1396.69	1.04
1397.07	1.04
1397.44	0.8
1397.81	0.88
1398.18	0.84
1398.55	0.56
1398.93	0.96
1399.3	0.96
1399.67	0.92
1400.04	0.52
1400.41	0.52
1400.79	0.12
1401.16	0.32
1401.53	0.28
1401.9	0.28
1402.27	0.32
1402.65	0.48
1403.02	0.28
1403.39	0.24
1403.76	-0.2
1404.13	-0.08
1404.51	-0.24
1404.88	-0.08
1405.25	-0.08
1405.62	0.32
1405.99	0.2
1406.36	0.2
1406.74	0.16
1407.11	0.28
1407.48	0.44
1407.85	-0.68
1408.22	-0.68
1408.59	-0.8
1408.96	-0.8
1409.34	-0.84
1409.71	0.24
1410.08	0.4
1410.45	0.56
1410.82	0.48
1411.19	0.6
1411.56	0.84
1411.93	0.68
1412.31	0.52
1412.68	0.92
1413.05	0.96
1413.42	1.04
1413.79	1.12
1414.16	1.08
1414.53	0.84
1414.9	0.36
1415.27	0.04
1415.65	0.08
1416.02	0.36
1416.39	0.16
1416.76	0.36
1417.13	0.36
1417.5	0.32
1417.87	0.24
1418.24	0.44
1418.61	0.44
1418.98	0.44
1419.35	0.4
1419.73	0.24
1420.1	0.08
1420.47	0.12
1420.84	0.12
1421.21	0.08
1421.58	0.08
1421.95	0.04
1422.32	0.16
1422.69	0.52
1423.06	0.88
1423.43	0.88
1423.8	1.08
1424.17	0.92
1424.54	0.56
1424.91	0.2
1425.28	0.24
1425.65	0.04
1426.02	0.16
1426.39	0.16
1426.76	-0.44
1427.14	-0.32
1427.51	-0.32
1427.88	-0.4
1428.25	-0.2
1428.62	0.4
1428.99	0.24
1429.36	0.24
1429.73	0.24
1430.1	0.04
1430.47	0.08
1430.84	0.12
1431.21	0.12
1431.58	0.32
1431.95	0.68
1432.32	0.44
1432.69	1.04
1433.06	1.2
1433.43	1.04
1433.8	0.68
1434.17	0.88
1434.54	0.44
1434.91	0.28
1435.28	0.32
1435.64	0.32
1436.01	-0.24
1436.38	-0.44
1436.75	-0.24
1437.12	-0.36
1437.49	-0.24
1437.86	0.36
1438.23	0.48
1438.6	0.28
1438.97	0.52
1439.34	0.6
1439.71	0.68
1440.08	0.8
1440.45	1.16
1440.82	0.44
1441.19	0.24
1441.56	0.12
1441.93	-0.12
1442.3	-0.44
1442.67	-1.56
1443.03	-1.56
1443.4	-1.44
1443.77	-1.24
1444.14	-1
1444.51	0.6
1444.88	0.6
1445.25	0.64
1445.62	0.48
1445.99	0.4
1446.36	0.72
1446.73	0.8
1447.09	0.64
1447.46	0.68
1447.83	0.48
1448.2	0.16
1448.57	-0.12
1448.94	0.04
1449.31	0.12
1449.68	0.28
1450.05	0.4
1450.41	0.76
1450.78	0.2
1451.15	0.16
1451.52	6.66107e-18
1451.89	-0.12
1452.26	-0.2
1452.63	0.2
1453	0.24
1453.36	0.28
1453.73	0.48
1454.1	0.4
1454.47	0.4
1454.84	0.56
1455.21	0.64
1455.57	0.16
1455.94	0.24
1456.31	0.64
1456.68	0.44
1457.05	0.68
1457.42	1.08
1457.78	1
1458.15	0.96
1458.52	1.24
1458.89	0.96
1459.26	0.88
1459.63	0.96
1459.99	0.68
1460.36	0.44
1460.73	0.36
1461.1	0.56
1461.47	0.48
1461.83	0.52
1462.2	0.4
1462.57	0.44
1462.94	0.24
1463.31	0.32
1463.67	0.2
1464.04	-0.04
1464.41	0.2
1464.78	-0.44
1465.15	-0.52
1465.51	-0.52
1465.88	-0.32
1466.25	-0.6
1466.62	0
1466.98	0
1467.35	0.08
1467.72	0.2
1468.09	0.2
1468.46	0.2
1468.82	0.28
1469.19	1
1469.56	1.12
1469.93	1.12
1470.29	1.12
1470.66	1.08
1471.03	0.44
1471.4	0.4
1471.76	0.56
1472.13	0.92
1472.5	0.88
1472.86	0.72
1473.23	0.52
1473.6	0.36
1473.97	0.08
1474.33	0.08
1474.7	0.32
1475.07	0.32
1475.44	0.52
1475.8	0.44
1476.17	0.44
1476.54	0.2
1476.9	0.2
1477.27	0
1477.64	0
1478	0.24
1478.37	0.24
1478.74	0.24
1479.11	0.24
1479.47	0.28
1479.84	0.52
1480.21	0.56
1480.57	0.96
1480.94	1.12
1481.31	1.2
1481.67	0.72
1482.04	0.68
1482.41	0.28
1482.77	0.12
1483.14	0
1483.51	0
1483.87	0.2
1484.24	0.24
1484.61	0.28
1484.97	0.84
1485.34	0.84
1485.71	-0.36
1486.07	-0.4
1486.44	-0.32
1486.81	-0.84
1487.17	-0.84
1487.54	0.2
1487.9	0.2
1488.27	0.16
1488.64	0.2
1489	0.2
1489.37	0.24
1489.74	0.32
1490.1	0.24
1490.47	0.24
1490.83	0.24
1491.2	0.6
1491.57	0.56
1491.93	0.64
1492.3	0.6
1492.66	0.72
1493.03	0.44
1493.4	0.52
1493.76	0.52
1494.13	0.48
1494.49	0.52
1494.86	0.52
1495.23	0.4
1495.59	0.32
1495.96	-0.88
1496.32	-1.04
1496.69	-0.92
1497.06	-0.92
1497.42	-1.52
1497.79	-0.32
1498.15	0.04
1498.52	-0.24
1498.88	-0.24
1499.25	0.52
1499.62	0.36
1499.98	1.33221e-17
1500.35	1.33221e-17
1500.71	0.16
1501.08	0.12
1501.44	0.32
1501.81	0.68
1502.17	0.68
1502.54	0.72
1502.9	0.92
1503.27	0.88
1503.64	0.8
1504	1
1504.37	0.8
1504.73	0.48
1505.1	0.48
1505.46	0.24
1505.83	0.04
1506.19	0.08
1506.56	0.08
1506.92	0.2
1507.29	0.24
1507.65	0.28
1508.02	0.32
1508.38	0.4
1508.75	0.36
1509.11	0.32
1509.48	0.28
1509.84	0.2
1510.21	0.4
1510.57	0.32
1510.94	0.6
1511.3	0.64
1511.67	1.04
1512.03	0.76
1512.4	0.76
1512.76	0.48
1513.13	-0.56
1513.49	-1.16
1513.85	-1.04
1514.22	-1.04
1514.58	-0.96
1514.95	0.12
1515.31	0.32
1515.68	0.2
1516.04	0.2
1516.41	0.08
1516.77	0
1517.14	0.2
1517.5	0.28
1517.86	0.32
1518.23	0.48
1518.59	0.48
1518.96	0.28
1519.32	0.28
1519.69	0.56
1520.05	0.52
1520.41	0.64
1520.78	0.64
1521.14	0.76
1521.51	0.6
1521.87	0.6
1522.24	0.48
1522.6	0.48
1522.96	0.68
1523.33	0.6
1523.69	0.48
1524.06	0.48
1524.42	0.48
1524.78	0.36
1525.15	0.6
1525.51	0.96
1525.88	1.16
1526.24	1.16
1526.6	0.96
1526.97	0.64
1527.33	0.28
1527.69	0.24
1528.06	0.24
1528.42	0.16
1528.79	0.4
1529.15	-0.4
1529.51	-0.56
1529.88	-0.04
1530.24	-3.33053e-18
1530.6	-0.24
1530.97	0.88
1531.33	0.88
1531.69	0.44
1532.06	0.4
1532.42	0.4
1532.78	0.16
1533.15	0.16
1533.51	0.16
1533.87	0.32
1534.24	0.44
1534.6	0.36
1534.96	0.36
1535.33	0.32
1535.69	0.28
1536.05	0.24
1536.42	0.48
1536.78	0.8
1537.14	0.76
1537.51	0.64
1537.87	0.56
1538.23	0.32
1538.6	0
1538.96	0.12
1539.32	0.12
1539.68	0.12
1540.05	0.12
1540.41	0.16
1540.77	0.04
1541.14	0.28
1541.5	0.32
1541.86	0.68
1542.23	0.76
1542.59	0.76
1542.95	0.52
1543.31	0.48
1543.68	0.12
1544.04	0
1544.4	0
1544.76	0
1545.13	0.32
1545.49	0.32
1545.85	0.32
1546.21	0.44
1546.58	0.44
1546.94	0.12
1547.3	0.12
1547.66	0.16
1548.03	0.04
1548.39	0.04
1548.75	0.28
1549.11	0.28
1549.48	0.24
1549.84	0.24
1550.2	0.48
1550.56	0.64
1550.93	0.68
1551.29	0.68
1551.65	0.84
1552.01	0.72
1552.37	0.44
1552.74	0.4
1553.1	0.4
1553.46	0.4
1553.82	0.36
1554.18	0.32
1554.55	0.32
1554.91	0.36
1555.27	0.44
1555.63	0.36
1555.99	0.36
1556.36	0.36
1556.72	-1.16
1557.08	-0.72
1557.44	-0.72
1557.8	-0.72
1558.17	-0.68
1558.53	0.88
1558.89	0.24
1559.25	0.36
1559.61	0.28
1559.97	0.56
1560.34	0.56
1560.7	0.52
1561.06	0.44
1561.42	0.44
1561.78	0.48
1562.14	0
1562.5	0
1562.87	0.52
1563.23	0.6
1563.59	-0.16
1563.95	0.28
1564.31	0.6
1564.67	0.04
1565.03	0.44
1565.4	0.84
1565.76	0.8
1566.12	0.64
1566.48	0.68
1566.84	0.28
1567.2	0.28
1567.56	0.24
1567.92	0.24
1568.29	0.28
1568.65	0.4
1569.01	0.44
1569.37	0.08
1569.73	-6.66107e-18
1570.09	-0.08
1570.45	-0.08
1570.81	-0.04
1571.17	0.48
1571.53	0.4
1571.89	0.52
1572.26	0.6
1572.62	0.8
1572.98	0.68
1573.34	0.68
1573.7	0.88
1574.06	0.64
1574.42	0.52
1574.78	0.4
1575.14	0.48
1575.5	0.16
1575.86	-0.68
1576.22	-0.84
1576.58	-0.68
1576.94	-0.64
1577.3	-0.64
1577.67	0.24
1578.03	0.24
1578.39	0.4
1578.75	0.28
1579.11	0.28
1579.47	0.36
1579.83	0.44
1580.19	0.36
1580.55	0.6
1580.91	0.6
1581.27	0.48
1581.63	0.48
1581.99	0.64
1582.35	0.84
1582.71	0.84
1583.07	0.84
1583.43	0.76
1583.79	0.48
1584.15	0.24
1584.51	0.28
1584.87	0.28
1585.23	0.32
1585.59	0.4
1585.95	0.28
1586.31	0.28
1586.67	0.24
1587.03	0.28
1587.39	0.2
1587.75	0.48
1588.11	0.64
1588.47	0.68
1588.83	0.72
1589.19	0.8
1589.55	0.76
1589.91	1.04
1590.27	1
1590.63	0.92
1590.99	1.24
1591.35	0.92
1591.71	0.52
1592.07	0.68
1592.42	0.68
1592.78	0.28
1593.14	0.52
1593.5	0.44
1593.86	0.44
1594.22	0.4
1594.58	0.4
1594.94	0.48
1595.3	0.68
1595.66	0.52
1596.02	0.52
1596.38	0.64
1596.74	0.32
1597.1	0.2
1597.46	0.48
1597.81	0.64
1598.17	0.56
1598.53	0.72
1598.89	1.04
1599.25	0.84
1599.61	0.68
1599.97	0.68
1600.33	0.52
1600.69	0.44
1601.05	0.4
1601.4	0.56
1601.76	0.36
1602.12	0.6
1602.48	0.28
1602.84	0.44
1603.2	0.44
1603.56	0.64
1603.92	0.4
1604.28	0.64
1604.63	0.44
1604.99	0.28
1605.35	0.64
1605.71	0.64
1606.07	0.4
1606.43	0.48
1606.79	0.48
1607.14	0.28
1607.5	0.28
1607.86	0.28
1608.22	0.4
1608.58	0.8
1608.94	0.6
1609.29	0.64
1609.65	0.72
1610.01	0.76
1610.37	0.36
1610.73	0.36
1611.09	0.32
1611.44	0.24
1611.8	0.24
1612.16	0.24
1612.52	0.24
1612.88	0.24
1613.24	0.28
1613.59	0.56
1613.95	0.92
1614.31	1.16
1614.67	1.24
1615.03	1.76
1615.38	1.44
1615.74	1.2
1616.1	0.96
1616.46	1.08
1616.82	0.64
1617.17	0.56
1617.53	0.44
1617.89	1.2
1618.25	1.32
1618.6	1.32
1618.96	1.64
1619.32	1.64
1619.68	0.88
1620.04	0.6
1620.39	0.32
1620.75	-7.21672e-18
1621.11	0.08
1621.47	0.36
1621.82	0.32
1622.18	0.6
1622.54	0.64
1622.9	0.6
1623.25	-0.56
1623.61	-0.52
1623.97	-0.64
1624.33	-0.6
1624.68	-0.8
1625.04	0.08
1625.4	0.32
1625.75	-0.2
1626.11	-0.32
1626.47	-4.10777e-17
1626.83	0.48
1627.18	0.36
1627.54	1.32
1627.9	1.64
1628.26	1.64
1628.61	1.16
1628.97	1.04
1629.33	0.88
1629.68	0.48
1630.04	0.52
1630.4	0.24
1630.75	0.24
1631.11	2.4425e-17
1631.47	-0.2
1631.83	-0.4
1632.18	-0.12
1632.54	-0.16
1632.9	0.2
1633.25	0.48
1633.61	0.6
1633.97	0.6
1634.32	0.64
1634.68	0.56
1635.04	0.6
1635.39	0.72
1635.75	0.72
1636.11	1.12
1636.46	0.96
1636.82	0.96
1637.18	0.84
1637.53	0.84
1637.89	0.4
1638.25	0.64
1638.6	1
1638.96	1
1639.31	1.04
1639.67	1.24
1640.03	1.2
1640.38	0.72
1640.74	0.96
1641.1	1
1641.45	1.12
1641.81	0.88
1642.16	0.88
1642.52	0.56
1642.88	0.48
1643.23	-0.44
1643.59	-0.56
1643.95	-0.56
1644.3	-0.6
1644.66	-0.44
1645.01	0.2
1645.37	0.44
1645.73	0.68
1646.08	0.68
1646.44	0.64
1646.79	0.08
1647.15	-0.16
1647.51	-0.24
1647.86	-0.08
1648.22	-0.08
1648.57	0.08
1648.93	0.08
1649.28	0.2
1649.64	0.04
1650	-0.08
1650.35	0.4
1650.71	0.52
1651.06	0.24
1651.42	0.32
1651.77	0.24
1652.13	0.12
1652.48	6.66107e-18
1652.84	0.28
1653.2	1.24
1653.55	1.52
1653.91	1.72
1654.26	1.88
1654.62	1.64
1654.97	0.88
1655.33	0.8
1655.68	0.64
1656.04	0.6
1656.39	0.8
1656.75	0.64
1657.1	0.52
1657.46	0.8
1657.81	0.92
1658.17	0.68
1658.52	0.64
1658.88	0.96
1659.23	1.32
1659.59	1.32
1659.94	1.64
1660.3	1.96
1660.65	1.68
1661.01	1
1661.36	0.84
1661.72	0.64
1662.07	0.28
1662.43	0.48
1662.78	0.48
1663.14	0.56
1663.49	0.44
1663.85	0.4
1664.2	0.28
1664.56	0.52
1664.91	-1.12
1665.27	-0.72
1665.62	-0.72
1665.98	-0.64
1666.33	-0.88
1666.69	0.76
1667.04	0.84
1667.39	0.88
1667.75	0.68
1668.1	0.68
1668.46	1.08
1668.81	1
1669.17	1.28
1669.52	1.28
1669.88	1.44
1670.23	0.88
1670.58	0.8
1670.94	0.6
1671.29	0.72
1671.65	0.68
1672	0.68
1672.36	0.36
1672.71	0.64
1673.06	0.76
1673.42	0.76
1673.77	1.32
1674.13	1.84
1674.48	1.48
1674.83	1.72
1675.19	1.6
1675.54	1.24
1675.9	1.28
1676.25	1.36
1676.6	0.88
1676.96	1.56
1677.31	1.48
1677.67	0.92
1678.02	1.4
1678.37	1.52
1678.73	0.84
1679.08	1.2
1679.43	1.32
1679.79	0.92
1680.14	0.8
1680.5	0.48
1680.85	0.28
1681.2	0.76
1681.56	0.88
1681.91	0.92
1682.26	1.72
1682.62	1.56
1682.97	1.4
1683.32	1.28
1683.68	1.24
1684.03	0.84
1684.38	1
1684.74	0.76
1685.09	0.8
1685.44	0.92
1685.8	1.08
1686.15	0.96
1686.5	0.96
1686.86	0.96
1687.21	0.76
1687.56	0.52
1687.92	0.4
1688.27	0.48
1688.62	0.36
1688.98	0.6
1689.33	0.8
1689.68	0.76
1690.03	0.68
1690.39	0.6
1690.74	0.88
1691.09	0.68
1691.45	0.64
1691.8	0.64
1692.15	1.6
1692.5	1.24
1692.86	1.32
1693.21	1.4
1693.56	1.24
1693.92	0.48
1694.27	-0.16
1694.62	0.32
1694.97	0.96
1695.33	1.44
1695.68	1.2
1696.03	2.16
1696.38	1.6
1696.74	0.92
1697.09	0.36
1697.44	0.36
1697.79	0.32
1698.15	0.88
1698.5	1.4
1698.85	1.76
1699.2	1.44
1699.56	1.08
1699.91	0.68
1700.26	0.8
1700.61	0.68
1700.97	1.56
1701.32	1.64
1701.67	1.8
1702.02	1.44
1702.37	1.52
1702.73	1.24
1703.08	1.16
1703.43	1.08
1703.78	1.08
1704.13	1.08
1704.49	1.6
1704.84	1.72
1705.19	1.68
1705.54	1.72
1705.89	1.72
1706.25	1
1706.6	1.28
1706.95	1.36
1707.3	1.08
1707.65	1.44
1708.01	1.36
1708.36	1.4
1708.71	1.4
1709.06	1.84
1709.41	1.64
1709.76	1.92
1710.12	1.64
1710.47	1.36
1710.82	1.56
1711.17	1.44
1711.52	1.44
1711.87	1.28
1712.23	1.64
1712.58	1.08
1712.93	0.88
1713.28	0.64
1713.63	0.76
1713.98	0.4
1714.33	0.52
1714.69	0.4
1715.04	0.6
1715.39	0.6
1715.74	0.8
1716.09	0.76
1716.44	0.84
1716.79	0.64
1717.14	0.84
1717.5	0.64
1717.85	0.44
1718.2	0.56
1718.55	0.6
1718.9	0.56
1719.25	0.68
1719.6	0.72
1719.95	1.08
1720.3	1.08
1720.65	0.8
1721.01	1.08
1721.36	1.2
1721.71	0.88
1722.06	0.36
1722.41	0.44
1722.76	0.16
1723.11	0.56
1723.46	0.56
1723.81	1.12
1724.16	1.04
1724.51	1
1724.86	0.44
1725.21	0.28
1725.56	0.64
1725.92	1.32
1726.27	1.52
1726.62	1.76
1726.97	2.2
1727.32	1.64
1727.67	0.96
1728.02	0.84
1728.37	0.6
1728.72	0.08
1729.07	0.32
1729.42	0.48
1729.77	0.68
1730.12	0.68
1730.47	0.68
1730.82	0.56
1731.17	0.48
1731.52	0.12
1731.87	0.2
1732.22	0.4
1732.57	0.88
1732.92	0.92
1733.27	1.16
1733.62	1.32
1733.97	1.64
1734.32	1.12
1734.67	1.56
1735.02	0.92
1735.37	0.84
1735.72	0.4
1736.07	0.68
1736.42	0.56
1736.77	1.32
1737.12	1.16
1737.47	1.8
1737.82	1.52
1738.17	1.16
1738.52	1.44
1738.87	1.6
1739.22	1.12
1739.57	1.24
1739.92	1.64
1740.27	1.32
1740.62	1.32
1740.97	1.16
1741.32	1.64
1741.67	1.68
1742.02	1.56
1742.37	1.76
1742.72	2.2
1743.06	2.2
1743.41	1.8
1743.76	1.84
1744.11	0.36
1744.46	0.32
1744.81	-0.08
1745.16	0
1745.51	0.24
1745.86	1.56
1746.21	1.16
1746.56	1.88
1746.91	2.32
1747.26	2.92
1747.6	3.36
1747.95	4.16
1748.3	4.16
1748.65	3.88
1749	3.12
1749.35	2.52
1749.7	2.32
1750.05	1.96
1750.4	3
1750.75	3.52
1751.09	4
1751.44	4
1751.79	3.48
1752.14	3.6
1752.49	3.68
1752.84	3.72
1753.19	4.24
1753.54	5.28
1753.88	4.12
1754.23	4.8
1754.58	5.36
1754.93	4.6
1755.28	5.32
1755.63	5.64
1755.98	4.16
1756.32	4.68
1756.67	5.4
1757.02	4.8
1757.37	5.52
1757.72	6.76
1758.07	7.28
1758.42	7.92
1758.76	8.24
1759.11	7.72
1759.46	9.28
1759.81	9.04
1760.16	7.76
1760.5	8.12
1760.85	9.44
1761.2	8.16
1761.55	7.52
1761.9	8.68
1762.25	8.28
1762.59	8.2
1762.94	7.76
1763.29	7.72
1763.64	7.92
1763.99	8.76
1764.33	7.44
1764.68	8.12
1765.03	8.36
1765.38	7.84
1765.73	7.36
1766.07	8.16
1766.42	7.8
1766.77	8.36
1767.12	8.6
1767.46	9.12
1767.81	8.6
1768.16	8.32
1768.51	8.32
1768.85	7.84
1769.2	7.44
1769.55	7.64
1769.9	7.48
1770.25	6.36
1770.59	6.04
1770.94	5.84
1771.29	5.88
1771.64	6.28
1771.98	7.24
1772.33	7.36
1772.68	6.52
1773.02	6.16
1773.37	6.08
1773.72	6.28
1774.07	7.04
1774.41	7
1774.76	7.24
1775.11	6.44
1775.46	5.44
1775.8	4.88
1776.15	4.96
1776.5	4.4
1776.84	5.08
1777.19	4.56
1777.54	4.16
1777.89	3.84
1778.23	3.6
1778.58	3.48
1778.93	3.8
1779.27	3.88
1779.62	4.2
1779.97	5.56
1780.31	5.08
1780.66	4.64
1781.01	4.92
1781.35	4.84
1781.7	3.52
1782.05	3.64
1782.39	4.24
1782.74	3.88
1783.09	3.24
1783.43	3.6
1783.78	3.28
1784.13	2.76
1784.47	1.76
1784.82	2.28
1785.17	1.72
1785.51	1.52
1785.86	1.08
1786.21	2
1786.55	2.2
1786.9	2.24
1787.25	2.12
1787.59	2.04
1787.94	1.72
1788.29	0.84
1788.63	0.56
1788.98	0.8
1789.32	1.16
1789.67	0.84
1790.02	1.52
1790.36	1.76
1790.71	1.4
1791.06	1.04
1791.4	1.56
1791.75	0.92
1792.09	0.72
1792.44	0.36
1792.79	-0.88
1793.13	-1.36
1793.48	-1.48
1793.82	-1.36
1794.17	-3.16
1794.52	-1.92
1794.86	-1.92
1795.21	-1.92
1795.55	-1.88
1795.9	-0.04
1796.24	0.16
1796.59	0.48
1796.94	0.64
1797.28	0.44
1797.63	0.84
1797.97	0.68
1798.32	0.56
1798.66	0.56
1799.01	0.56
1799.36	0.76
1799.7	1.32
1800.05	1.08
1800.39	1.04
1800.74	2
1801.08	1.8
1801.43	1.4
1801.77	1.4
1802.12	1.32
1802.46	0.4
1802.81	0.6
1803.15	0.44
1803.5	0.6
1803.85	0.68
1804.19	1.12
1804.54	0.8
1804.88	0.92
1805.23	0.84
1805.57	1.44
1805.92	1.16
1806.26	1.4
1806.61	1.52
1806.95	2.92
1807.3	3
1807.64	3.2
1807.99	3.48
1808.33	3.48
1808.68	2.36
1809.02	2.64
1809.37	3.96
1809.71	4.28
1810.06	4.32
1810.4	4.48
1810.75	3.96
1811.09	4.16
1811.43	6.4
1811.78	8.08
1812.12	8.68
1812.47	8.8
1812.81	7.56
1813.16	5.72
1813.5	3.92
1813.85	3.04
1814.19	3.16
1814.54	2.56
1814.88	1.32
1815.23	2
1815.57	2.16
1815.91	1.64
1816.26	3.6
1816.6	7.32
1816.95	7.96
1817.29	8.04
1817.64	9.52
1817.98	9.52
1818.32	8.96
1818.67	9.92
1819.01	10.88
1819.36	10.04
1819.7	9.28
1820.05	7.36
1820.39	7.68
1820.73	7.68
1821.08	7.64
1821.42	6.72
1821.77	6.32
1822.11	4.04
1822.45	2.92
1822.8	2.8
1823.14	4.12
1823.49	5.52
1823.83	10.6
1824.17	15.52
1824.52	18.08
1824.86	20.08
1825.2	19.96
1825.55	15.48
1825.89	11.56
1826.24	9.36
1826.58	10.52
1826.92	12.8
1827.27	13.8
1827.61	14.68
1827.95	17.04
1828.3	13.36
1828.64	10.56
1828.98	9.36
1829.33	9.12
1829.67	10.76
1830.02	13.88
1830.36	17.36
1830.7	21.48
1831.05	24.28
1831.39	22.44
1831.73	21.56
1832.08	21.28
1832.42	19.28
1832.76	17.8
1833.1	17.28
1833.45	16.08
1833.79	13.24
1834.13	13.48
1834.48	13.32
1834.82	13.6
1835.16	14.92
1835.51	15.68
1835.85	14.6
1836.19	15
1836.54	14.2
1836.88	12.8
1837.22	11.04
1837.56	9.96
1837.91	8.76
1838.25	10.88
1838.59	13.44
1838.94	14.96
1839.28	17.28
1839.62	17.6
1839.96	16.8
1840.31	15.04
1840.65	14.2
1840.99	13.24
1841.34	16.56
1841.68	18.56
1842.02	19.32
1842.36	21.84
1842.71	22.32
1843.05	18.76
1843.39	17.24
1843.73	21.04
1844.08	23.04
1844.42	26.36
1844.76	32.4
1845.1	32.76
1845.45	28.52
1845.79	26.72
1846.13	26.04
1846.47	22.2
1846.81	21.08
1847.16	21.96
1847.5	22.64
1847.84	23.24
1848.18	25.6
1848.53	27.52
1848.87	28.68
1849.21	28.32
1849.55	26.28
1849.89	24.48
1850.24	23.2
1850.58	21.56
1850.92	21.6
1851.26	22
1851.6	20.92
1851.95	20.44
1852.29	21.28
1852.63	19.6
1852.97	18.72
1853.31	17.64
1853.66	16.96
1854	17.2
1854.34	17.16
1854.68	18.68
1855.02	20.12
1855.36	21.88
1855.71	20.08
1856.05	20.32
1856.39	18
1856.73	16.32
1857.07	15.68
1857.41	16.76
1857.76	16.84
1858.1	17.84
1858.44	17
1858.78	15.88
1859.12	14.52
1859.46	13.96
1859.8	11.48
1860.15	11.6
1860.49	10.76
1860.83	12.48
1861.17	14.88
1861.51	16.08
1861.85	17.24
1862.19	18.4
1862.53	16.76
1862.88	16.08
1863.22	15.96
1863.56	15.04
1863.9	14.32
1864.24	15.72
1864.58	13.48
1864.92	13.6
1865.26	14.36
1865.6	13.88
1865.94	11.88
1866.29	11.48
1866.63	11.28
1866.97	11.12
1867.31	11.28
1867.65	10.88
1867.99	12.12
1868.33	11.32
1868.67	9.52
1869.01	9.28
1869.35	9.56
1869.69	10.6
1870.03	12.52
1870.37	14.68
1870.72	15.88
1871.06	17.56
1871.4	17.44
1871.74	15.48
1872.08	13.36
1872.42	11.92
1872.76	10.8
1873.1	10.36
1873.44	12.12
1873.78	13.4
1874.12	13.6
1874.46	12.8
1874.8	11.88
1875.14	11.76
1875.48	10.8
1875.82	10.44
1876.16	11.68
1876.5	11.92
1876.84	12.24
1877.18	14.52
1877.52	14.6
1877.86	13.72
1878.2	13.44
1878.54	10.72
1878.88	8.44
1879.22	9.64
1879.56	9.24
1879.9	7.24
1880.24	8.04
1880.58	7.24
1880.92	6.52
1881.26	6.96
1881.6	7.48
1881.94	7.92
1882.28	8.08
1882.62	7.08
1882.96	6.52
1883.3	7.76
1883.64	8.24
1883.98	9.64
1884.32	10.68
1884.66	11.4
1885	10.64
1885.34	11.28
1885.68	10.8
1886.02	9.76
1886.36	8.2
1886.7	8.12
1887.04	6.32
1887.38	6.48
1887.72	6.8
1888.06	6.28
1888.39	5.28
1888.73	4.6
1889.07	3.28
1889.41	3.32
1889.75	4.04
1890.09	4.08
1890.43	4.48
1890.77	5.92
1891.11	6.04
1891.45	6.68
1891.79	7.16
1892.13	7.96
1892.47	6.76
1892.8	6.52
1893.14	6.36
1893.48	6.4
1893.82	5.52
1894.16	6.44
1894.5	6.44
1894.84	6.4
1895.18	5.68
1895.52	6
1895.86	5.28
1896.19	4.84
1896.53	5.28
1896.87	5.4
1897.21	4.6
1897.55	3.8
1897.89	4
1898.23	2.64
1898.57	2.56
1898.9	2.92
1899.24	3.08
1899.58	2.8
1899.92	3.04
1900.26	3.08
1900.6	2.64
1900.94	2.6
1901.27	2.6
1901.61	2.68
1901.95	3.2
1902.29	4.16
1902.63	3.92
1902.97	4
1903.3	3.28
1903.64	3.12
1903.98	1.72
1904.32	2.52
1904.66	2
1905	3.48
1905.33	3.48
1905.67	4
1906.01	3.64
1906.35	3.96
1906.69	2.76
1907.02	2.72
1907.36	2.52
1907.7	2.12
1908.04	1.96
1908.38	1.96
1908.71	1.8
1909.05	1.68
1909.39	1.92
1909.73	2.16
1910.07	1.96
1910.4	1.64
1910.74	1.6
1911.08	1.48
1911.42	1.6
1911.76	2.52
1912.09	2.56
1912.43	2.76
1912.77	3.2
1913.11	3.24
1913.44	2.24
1913.78	1.76
1914.12	1.72
1914.46	2.04
1914.79	1.8
1915.13	2.2
1915.47	2.2
1915.81	2.32
1916.14	1.56
1916.48	1.32
1916.82	1.36
1917.16	1.2
1917.49	1.6
1917.83	1.36
1918.17	1.48
1918.5	1.6
1918.84	2.12
1919.18	1.28
1919.52	2
1919.85	2.12
1920.19	1.76
1920.53	2.48
1920.87	2.76
1921.2	3.08
1921.54	2.72
1921.88	2.64
1922.21	1.76
1922.55	1.84
1922.89	0.92
1923.22	1.12
1923.56	1.84
1923.9	2.04
1924.23	2.24
1924.57	1.56
1924.91	1.64
1925.25	1.04
1925.58	1.44
1925.92	1.4
1926.26	2.32
1926.59	2.56
1926.93	3.24
1927.27	2.88
1927.6	2.44
1927.94	2.4
1928.28	2.08
1928.61	1.48
1928.95	1.56
1929.29	1.6
1929.62	1.56
1929.96	1.16
1930.29	0.92
1930.63	0.64
1930.97	1.08
1931.3	1.04
1931.64	1.52
1931.98	1.4
1932.31	0.68
1932.65	0.44
1932.99	0.68
1933.32	0.84
1933.66	1.36
1933.99	3.52
1934.33	3.2
1934.67	3.2
1935	3.32
1935.34	3.28
1935.67	2.76
1936.01	3.16
1936.35	3.48
1936.68	3.12
1937.02	3.04
1937.35	2.04
1937.69	1.76
1938.03	2.08
1938.36	0.64
1938.7	0.68
1939.03	1.28
1939.37	1.68
1939.7	0.88
1940.04	2.28
1940.38	2.16
1940.71	1.92
1941.05	2
1941.38	2
1941.72	1.72
1942.05	2.2
1942.39	2.2
1942.73	2.24
1943.06	2.6
1943.4	2.92
1943.73	2.44
1944.07	2.4
1944.4	2.4
1944.74	2.04
1945.07	1.76
1945.41	1.76
1945.74	2.48
1946.08	2.28
1946.42	2.56
1946.75	4
1947.09	3.72
1947.42	3.44
1947.76	3.76
1948.09	3.64
1948.43	3.12
1948.76	3.48
1949.1	3
1949.43	2.96
1949.77	3.88
1950.1	3.28
1950.44	3.44
1950.77	3.72
1951.11	3.44
1951.44	2.8
1951.78	2.6
1952.11	2.08
1952.45	1.92
1952.78	2.32
1953.12	1.92
1953.45	2.2
1953.79	2.8
1954.12	2.68
1954.46	2.2
1954.79	2.48
1955.12	2.92
1955.46	3.08
1955.79	3.32
1956.13	5.08
1956.46	5.44
1956.8	4.2
1957.13	3.92
1957.47	3.88
1957.8	2.76
1958.14	2.72
1958.47	3.56
1958.8	4.04
1959.14	4.48
1959.47	4.16
1959.81	3.48
1960.14	3.28
1960.48	2.24
1960.81	1.68
1961.14	1.52
1961.48	2.48
1961.81	2.36
1962.15	3.04
1962.48	3.12
1962.82	3.24
1963.15	2.76
1963.48	3.28
1963.82	3
1964.15	3.2
1964.49	3.28
1964.82	3
1965.15	3.32
1965.49	3.64
1965.82	3.88
1966.16	4.36
1966.49	4.52
1966.82	4.4
1967.16	4.04
1967.49	3.68
1967.83	3
1968.16	3.28
1968.49	3.24
1968.83	3.76
1969.16	3.44
1969.49	3.32
1969.83	2.84
1970.16	3
1970.49	2.44
1970.83	3
1971.16	3.08
1971.5	2.72
1971.83	2
1972.16	2.56
1972.5	2.08
1972.83	2
1973.16	2.2
1973.5	2.56
1973.83	1.88
1974.16	1.88
1974.5	1.56
1974.83	1.68
1975.16	1
1975.5	0.8
1975.83	0.84
1976.16	1.04
1976.49	0.92
1976.83	1.24
1977.16	1.4
1977.49	1.36
1977.83	1.32
1978.16	1.4
1978.49	1.08
1978.83	1.2
1979.16	0.96
1979.49	0.84
1979.83	0.64
1980.16	0.72
1980.49	1
1980.82	1
1981.16	0.88
1981.49	0.72
1981.82	0.8
1982.15	0.24
1982.49	0.24
1982.82	0.6
1983.15	0.6
1983.49	1.44
1983.82	1.88
1984.15	2
1984.48	1.64
1984.82	2.04
1985.15	1.24
1985.48	0.8
1985.81	0.84
1986.15	0.96
1986.48	0.88
1986.81	0.64
1987.14	0.64
1987.48	0.68
1987.81	0.8
1988.14	0.48
1988.47	0.64
1988.81	0.68
1989.14	0.6
1989.47	0.6
1989.8	0.72
1990.13	0.76
1990.47	0.88
1990.8	0.88
1991.13	0.64
1991.46	0.52
1991.79	0.08
1992.13	-0.76
1992.46	-0.88
1992.79	-0.64
1993.12	-0.52
1993.45	-0.8
1993.79	-0.12
1994.12	0.24
1994.45	-5.55112e-17
1994.78	-0.12
1995.11	0.48
1995.45	0.52
1995.78	0.44
1996.11	0.48
1996.44	0.48
1996.77	0.4
1997.1	0.4
1997.44	0.28
1997.77	0.28
1998.1	0.28
1998.43	0.36
1998.76	0.32
1999.09	0.12
1999.43	-0.8
1999.76	-0.76
2000.09	-0.68
2000.42	-0.52
2000.75	-1.64
2001.08	-0.68
2001.41	-0.56
2001.75	-0.6
2002.08	-0.64
2002.41	0.48
2002.74	0.36
2003.07	0.6
2003.4	0.76
2003.73	0.88
2004.06	1.12
2004.4	1.24
2004.73	1.12
2005.06	0.76
2005.39	1
2005.72	0.68
2006.05	0.8
2006.38	0.84
2006.71	1.24
2007.04	1.08
2007.37	1.24
2007.71	1.04
2008.04	1.2
2008.37	1.24
2008.7	1.28
2009.03	2.04
2009.36	2.12
2009.69	2.16
2010.02	2.64
2010.35	2.72
2010.68	2.36
2011.01	2.28
2011.34	2.16
2011.67	1.56
2012.01	1.32
2012.34	1.6
2012.67	1.92
2013	1.68
2013.33	1.44
2013.66	2.04
2013.99	2.12
2014.32	2.4
2014.65	3
2014.98	3.2
2015.31	2.92
2015.64	2.36
2015.97	2.44
2016.3	2.12
2016.63	2.52
2016.96	2.68
2017.29	2.16
2017.62	2.04
2017.95	2.12
2018.28	1.72
2018.61	1.32
2018.94	2.2
2019.27	2.16
2019.6	1.88
2019.93	1.96
2020.26	1.96
2020.59	1.72
2020.92	1.56
2021.25	2.64
2021.58	2.68
2021.91	3
2022.24	3.24
2022.57	3.68
2022.9	2.64
2023.23	3.36
2023.56	4.12
2023.89	4.28
2024.22	4.24
2024.55	4.52
2024.88	4.4
2025.21	3.6
2025.54	4.16
2025.87	4.6
2026.2	4.56
2026.53	4.08
2026.86	4.08
2027.19	3.24
2027.52	2.72
2027.85	3.6
2028.18	4.28
2028.51	4.72
2028.84	4.96
2029.16	5.2
2029.49	4.16
2029.82	4.08
2030.15	3.84
2030.48	2.96
2030.81	2.96
2031.14	2.8
2031.47	2.36
2031.8	2.12
2032.13	3
2032.46	2.36
2032.79	2.8
2033.12	2.96
2033.44	3.32
2033.77	2.92
2034.1	2.92
2034.43	2.8
2034.76	2.64
2035.09	2.2
2035.42	2.24
2035.75	2.28
2036.08	2.44
2036.41	2.56
2036.73	2.6
2037.06	2.8
2037.39	2.68
2037.72	2.2
2038.05	2.44
2038.38	2.04
2038.71	1.92
2039.04	0.76
2039.36	1.04
2039.69	1
2040.02	1
2040.35	0.68
2040.68	1.72
2041.01	1.56
2041.34	1.28
2041.66	1.72
2041.99	1.88
2042.32	2.08
2042.65	2.28
2042.98	2.28
2043.31	1.88
2043.63	1.8
2043.96	1.6
2044.29	1.16
2044.62	0.88
2044.95	0.84
2045.28	1
2045.6	1
2045.93	1.2
2046.26	0.84
2046.59	1
2046.92	0.76
2047.24	0.84
2047.57	0.56
2047.9	0.72
2048.23	0.48
2048.56	0.48
2048.88	0.6
2049.21	0.6
2049.54	0.44
2049.87	0.48
2050.2	0.32
2050.52	0.44
2050.85	0.72
2051.18	1
2051.51	1.2
2051.83	1.2
2052.16	1
2052.49	0.72
2052.82	0.44
2053.15	0
2053.47	0
2053.8	-0.2
2054.13	0.08
2054.46	0.08
2054.78	0.28
2055.11	0.36
2055.44	0.6
2055.77	0.32
2056.09	0.72
2056.42	0.72
2056.75	0.72
2057.08	0.56
2057.4	0.6
2057.73	0.2
2058.06	0.2
2058.38	0.16
2058.71	0.08
2059.04	0.04
2059.37	0.08
2059.69	0.08
2060.02	0.04
2060.35	0.04
2060.67	0.12
2061	0.36
2061.33	0.28
2061.66	0.32
2061.98	0.32
2062.31	0.64
2062.64	0.36
2062.96	0.6
2063.29	0.56
2063.62	0.6
2063.94	0.2
2064.27	0.2
2064.6	-0.52
2064.92	-0.48
2065.25	-0.52
2065.58	-0.48
2065.91	-0.48
2066.23	0.08
2066.56	0.32
2066.89	0.76
2067.21	0.72
2067.54	0.72
2067.87	0.8
2068.19	0.52
2068.52	0.08
2068.84	0.2
2069.17	0.76
2069.5	0.84
2069.82	0.64
2070.15	0.68
2070.48	0.6
2070.8	0.24
2071.13	0.08
2071.46	0.64
2071.78	0.72
2072.11	0.76
2072.43	0.6
2072.76	0.6
2073.09	0.36
2073.41	0.32
2073.74	0.52
2074.07	0.56
2074.39	0.72
2074.72	0.6
2075.04	0.52
2075.37	0.24
2075.7	0.24
2076.02	0.08
2076.35	0.6
2076.67	0.6
2077	0.68
2077.33	0.84
2077.65	1.32
2077.98	1.16
2078.3	1.24
2078.63	1.24
2078.95	1.2
2079.28	0.72
2079.61	-0.16
2079.93	-0.2
2080.26	-0.28
2080.58	-0.48
2080.91	-0.48
2081.23	0.2
2081.56	0.36
2081.89	0.64
2082.21	1.36
2082.54	1.36
2082.86	1.24
2083.19	1.16
2083.51	1
2083.84	0.4
2084.16	0.6
2084.49	0.56
2084.81	0.76
2085.14	0.72
2085.46	0.64
2085.79	0.44
2086.12	0.92
2086.44	1.84
2086.77	1.96
2087.09	2.12
2087.42	2.4
2087.74	2.2
2088.07	1
2088.39	0.88
2088.72	1.16
2089.04	1.08
2089.37	0.8
2089.69	1.08
2090.02	1.12
2090.34	0.36
2090.67	0.32
2090.99	-1.84
2091.32	-2.16
2091.64	-1.92
2091.97	-1.64
2092.29	-1.68
2092.62	0.76
2092.94	0.76
2093.26	0.72
2093.59	0.92
2093.91	-0.28
2094.24	-0.48
2094.56	-0.48
2094.89	-0.32
2095.21	-0.4
2095.54	0.92
2095.86	1.16
2096.19	1.16
2096.51	0.72
2096.84	0.84
2097.16	0.68
2097.48	0.36
2097.81	0.36
2098.13	0.4
2098.46	-0.2
2098.78	-0.24
2099.11	-0.08
2099.43	0.2
2099.75	0.48
2100.08	0.84
2100.4	0.8
2100.73	0.64
2101.05	0.52
2101.38	0.28
2101.7	0.28
2102.02	0.56
2102.35	0.56
2102.67	0.56
2103	0.52
2103.32	0.52
2103.64	0.56
2103.97	0.68
2104.29	0.68
2104.62	0.64
2104.94	0.68
2105.26	-0.16
2105.59	-2.88669e-17
2105.91	-0.16
2106.23	0.24
2106.56	0.4
2106.88	0.92
2107.21	0.8
2107.53	0.88
2107.85	0.52
2108.18	0.32
2108.5	0.32
2108.82	0.16
2109.15	0.32
2109.47	0.28
2109.79	0.28
2110.12	0.28
2110.44	0.28
2110.76	0.24
2111.09	0.2
2111.41	0.28
2111.73	0.96
2112.06	1.36
2112.38	1.24
2112.7	0.64
2113.03	0.68
2113.35	6.66107e-18
2113.67	-0.32
2114	-0.4
2114.32	0.48
2114.64	0.52
2114.97	0.64
2115.29	0.56
2115.61	0.6
2115.94	0.52
2116.26	0.36
2116.58	0.24
2116.91	-0.44
2117.23	-0.48
2117.55	-0.68
2117.87	-0.36
2118.2	-0.36
2118.52	0.4
2118.84	0.52
2119.17	1.12
2119.49	1.12
2119.81	1.12
2120.13	1.04
2120.46	1.44
2120.78	-0.04
2121.1	-0.36
2121.42	-0.36
2121.75	-0.36
2122.07	-0.88
2122.39	0.08
2122.72	0.08
2123.04	0.08
2123.36	0.48
2123.68	0.48
2124.01	0.52
2124.33	0.6
2124.65	0.64
2124.97	0.48
2125.29	0.56
2125.62	0.64
2125.94	0.6
2126.26	0.56
2126.58	0.32
2126.91	-0.76
2127.23	-0.88
2127.55	-0.56
2127.87	-0.28
2128.2	-0.04
2128.52	1.08
2128.84	1.4
2129.16	1.2
2129.48	1.2
2129.81	0.96
2130.13	0.84
2130.45	0.52
2130.77	0.4
2131.09	0.6
2131.42	0.84
2131.74	1
2132.06	0.92
2132.38	1
2132.7	0.68
2133.02	0.6
2133.35	0.44
2133.67	0.44
2133.99	0.36
2134.31	2.77556e-17
2134.63	-0.16
2134.96	-0.08
2135.28	0.16
2135.6	0.28
2135.92	0.48
2136.24	0.76
2136.56	0.84
2136.88	0.6
2137.21	0.52
2137.53	0.64
2137.85	0.44
2138.17	-0.2
2138.49	0.08
2138.81	2.66443e-17
2139.13	-0.12
2139.46	-0.2
2139.78	0.28
2140.1	0
2140.42	0.12
2140.74	0.12
2141.06	0.32
2141.38	0.84
2141.7	0.84
2142.03	0.72
2142.35	0.88
2142.67	0.8
2142.99	0.28
2143.31	0.32
2143.63	0.48
2143.95	0.32
2144.27	0.48
2144.59	0.48
2144.91	0.24
2145.24	0.08
2145.56	0.08
2145.88	-0.2
2146.2	-0.2
2146.52	0
2146.84	0.56
2147.16	0.96
2147.48	1.24
2147.8	1.36
2148.12	1.52
2148.44	1.12
2148.76	0.88
2149.08	0.8
2149.41	0.68
2149.73	0.52
2150.05	0.36
2150.37	0.28
2150.69	0.12
2151.01	0.36
2151.33	0.36
2151.65	0.68
2151.97	0.64
2152.29	0.76
2152.61	0.16
2152.93	0.16
2153.25	1.44334e-17
2153.57	1.05473e-17
2153.89	-0.16
2154.21	-0.04
2154.53	0.16
2154.85	2.77556e-17
2155.17	-0.04
2155.49	-0.12
2155.81	0.12
2156.13	0.28
2156.45	0.28
2156.77	0.44
2157.09	0.52
2157.41	0.6
2157.73	0.32
2158.05	0.44
2158.37	0.28
2158.69	0.28
2159.01	0.28
2159.33	0.24
2159.65	0.16
2159.97	0.52
2160.29	0.52
2160.61	0.6
2160.93	0.6
2161.25	0.76
2161.57	0.68
2161.89	0.76
2162.21	0.6
2162.53	0.68
2162.85	-0.04
2163.17	-0.2
2163.49	-0.04
2163.81	-7.27195e-17
2164.13	-2.10945e-17
2164.45	0.2
2164.77	0.12
2165.08	-0.12
2165.4	-0.16
2165.72	-0.28
2166.04	0.04
2166.36	0
2166.68	0.04
2167	0.24
2167.32	0.32
2167.64	0.48
2167.96	0.52
2168.28	0.64
2168.6	0.52
2168.92	0.68
2169.24	0.68
2169.55	0.88
2169.87	0.8
2170.19	0.72
2170.51	0.48
2170.83	0.36
2171.15	0.12
2171.47	0.24
2171.79	0.52
2172.11	0.72
2172.43	1
2172.74	1
2173.06	1.2
2173.38	0.96
2173.7	0.76
2174.02	0.64
2174.34	0.8
2174.66	0.4
2174.98	0.68
2175.29	0.68
2175.61	0.52
2175.93	0.6
2176.25	0.6
2176.57	0.28
2176.89	0.44
2177.21	0.44
2177.52	0.48
2177.84	0.48
2178.16	0.48
2178.48	0.44
2178.8	0.8
2179.12	0.52
2179.43	0.52
2179.75	-0.28
2180.07	-0.32
2180.39	-0.72
2180.71	-0.64
2181.03	-0.56
2181.34	0.28
2181.66	0.32
2181.98	0.32
2182.3	0.52
2182.62	0.6
2182.93	0.4
2183.25	0.6
2183.57	0.72
2183.89	0.6
2184.21	0.48
2184.52	0.76
2184.84	0.68
2185.16	0.56
2185.48	0.76
2185.8	0.88
2186.11	0.76
2186.43	0.64
2186.75	0.64
2187.07	0.04
2187.39	-0.92
2187.7	-0.76
2188.02	-1.32
2188.34	-1.12
2188.66	-0.72
2188.97	0.08
2189.29	-0.08
2189.61	0.36
2189.93	0.32
2190.24	0.24
2190.56	0.28
2190.88	0.32
2191.2	0.32
2191.51	0.36
2191.83	0.28
2192.15	0.36
2192.47	0.36
2192.78	0.4
2193.1	0.56
2193.42	0.88
2193.74	0.8
2194.05	1.04
2194.37	1
2194.69	0.96
2195	0.24
2195.32	0.4
2195.64	0.32
2195.96	0.32
2196.27	0.04
2196.59	0.32
2196.91	0.12
2197.22	-6.66107e-18
2197.54	0.04
2197.86	0.32
2198.18	0.76
2198.49	0.76
2198.81	1
2199.13	1.04
2199.44	0.72
2199.76	0.68
2200.08	0.68
2200.39	0.44
2200.71	0.56
2201.03	0.76
2201.34	0.48
2201.66	0.48
2201.98	0.44
2202.29	0.28
2202.61	0.08
2202.93	0.08
2203.24	0.24
2203.56	0.32
2203.88	0.6
2204.19	0.6
2204.51	0.68
2204.83	0.64
2205.14	0.72
2205.46	0.72
2205.78	0.72
2206.09	0.72
2206.41	0.52
2206.72	0.28
2207.04	0.28
2207.36	-0.12
2207.67	-0.12
2207.99	1.74861e-17
2208.31	0.04
2208.62	-0.16
2208.94	0.24
2209.25	0.16
2209.57	0.12
2209.89	0.16
2210.2	0.12
2210.52	0.32
2210.83	0.6
2211.15	0.6
2211.47	0.56
2211.78	0.48
2212.1	-0.08
2212.41	-0.36
2212.73	-1.33357e-17
2213.05	0.04
2213.36	0.52
2213.68	1
2213.99	1.28
2214.31	1.04
2214.62	1.2
2214.94	0.72
2215.26	0.6
2215.57	0.48
2215.89	0.44
2216.2	0.24
2216.52	0.6
2216.83	0.68
2217.15	0.64
2217.46	0.56
2217.78	0.76
2218.1	0.44
2218.41	0.36
2218.73	0.24
2219.04	0.24
2219.36	0.32
2219.67	0.44
2219.99	0.44
2220.3	0.44
2220.62	0.44
2220.93	0.2
2221.25	0.24
2221.56	0.48
2221.88	0.52
2222.19	0.56
2222.51	0.8
2222.82	-0.8
2223.14	-0.64
2223.45	-0.68
2223.77	-0.24
2224.08	-0.28
2224.4	1.28
2224.71	0.88
2225.03	0.96
2225.34	0.48
2225.66	-1.16
2225.97	-1.12
2226.29	-0.96
2226.6	-1.04
2226.92	-0.92
2227.23	0.52
2227.55	0.44
2227.86	0.6
2228.18	0.64
2228.49	0.52
2228.81	0.48
2229.12	0.36
2229.44	0.16
2229.75	0.12
2230.07	0.12
2230.38	0.16
2230.69	0.56
2231.01	0.44
2231.32	0.48
2231.64	1.04
2231.95	1
2232.27	0.84
2232.58	0.84
2232.9	0.8
2233.21	0.24
2233.52	0.6
2233.84	0.4
2234.15	0.4
2234.47	0.56
2234.78	0.56
2235.1	0.52
2235.41	0.48
2235.72	0.52
2236.04	0.36
2236.35	0.52
2236.67	-0.4
2236.98	-0.4
2237.29	-0.44
2237.61	-0.4
2237.92	-0.4
2238.24	0.2
2238.55	0.32
2238.86	0.32
2239.18	0.32
2239.49	-0.56
2239.8	-0.4
2240.12	-0.4
2240.43	-0.32
2240.75	-0.36
2241.06	0.36
2241.37	0.2
2241.69	0.12
2242	0.8
2242.31	0.8
2242.63	1.2
2242.94	1.52
2243.26	1.16
2243.57	0.4
2243.88	0.52
2244.2	0.12
2244.51	-0.2
2244.82	0.12
2245.14	0.16
2245.45	0.04
2245.76	0.28
2246.08	0.28
2246.39	0.28
2246.7	0.36
2247.02	0.44
2247.33	0.2
2247.64	0.2
2247.96	0.48
2248.27	0.68
2248.58	-0.4
2248.9	-0.4
2249.21	-0.32
2249.52	-0.6
2249.83	-0.92
2250.15	0.36
2250.46	0.36
2250.77	0.32
2251.09	0.36
2251.4	0.36
2251.71	0.16
2252.03	0.4
2252.34	0.36
2252.65	0.52
2252.96	0.52
2253.28	0.44
2253.59	0.32
2253.9	0.56
2254.21	0.52
2254.53	0.68
2254.84	0.32
2255.15	0.48
2255.47	0.24
2255.78	0.08
2256.09	-0.08
2256.4	0.28
2256.72	0.2
2257.03	0.36
2257.34	0.84
2257.65	0.84
2257.97	0.96
2258.28	0.88
2258.59	0.8
2258.9	0.32
2259.22	0.32
2259.53	0.32
2259.84	0.2
2260.15	0.24
2260.46	0.36
2260.78	0.52
2261.09	0.56
2261.4	0.64
2261.71	0.52
2262.03	0.4
2262.34	0.24
2262.65	0.08
2262.96	0.04
2263.27	0.04
2263.59	0.04
2263.9	0.24
2264.21	0.32
2264.52	0.28
2264.83	0.32
2265.15	0.32
2265.46	0.12
2265.77	0.08
2266.08	0.12
2266.39	0.12
2266.7	0.44
2267.02	0.44
2267.33	5.55112e-17
2267.64	2.4425e-17
2267.95	-0.04
2268.26	-0.08
2268.57	-0.04
2268.89	0.48
2269.2	0.76
2269.51	0.76
2269.82	0.6
2270.13	0.64
2270.44	0.6
2270.76	-0.12
2271.07	0.04
2271.38	-0.68
2271.69	-0.64
2272	-0.28
2272.31	-0.08
2272.62	-0.92
2272.93	-0.32
2273.25	-0.36
2273.56	-0.8
2273.87	-0.6
2274.18	0.2
2274.49	0.2
2274.8	0.36
2275.11	0.36
2275.42	0.36
2275.74	0.24
2276.05	0.4
2276.36	0.16
2276.67	0.24
2276.98	0.44
2277.29	0.56
2277.6	0.4
2277.91	0.44
2278.22	0.2
2278.53	-1.44334e-17
2278.85	-0.12
2279.16	-1.12
2279.47	-1.16
2279.78	-0.96
2280.09	-0.72
2280.4	-0.72
2280.71	0.28
2281.02	0.64
2281.33	0.76
2281.64	0.52
2281.95	0.52
2282.26	0.52
2282.57	0.16
2282.88	0.56
2283.19	0.56
2283.5	0.72
2283.82	0.96
2284.13	1.16
2284.44	0.72
2284.75	0.12
2285.06	2.4425e-17
2285.37	0.04
2285.68	-0.16
2285.99	-0.16
2286.3	0.48
2286.61	0.6
2286.92	0.4
2287.23	0.8
2287.54	0.88
2287.85	0.84
2288.16	0.84
2288.47	0.76
2288.78	0.52
2289.09	0.36
2289.4	0.36
2289.71	0.48
2290.02	0.64
2290.33	0.64
2290.64	0.6
2290.95	0.48
2291.26	0.2
2291.57	0.04
2291.88	-0.52
2292.19	-0.48
2292.5	-0.36
2292.81	-0.36
2293.12	-0.36
2293.43	0.04
2293.74	0
2294.05	0
2294.36	0
2294.67	0
2294.98	0
2295.29	0
2295.6	0
2295.91	0
2296.21	0
2296.52	0
2296.83	0
2297.14	0
2297.45	0
2297.76	0
2298.07	0
2298.38	0
2298.69	0
2299	0
2299.31	0
2299.62	0
2299.93	0
2300.24	0
2300.55	0
2300.85	0
2301.16	0
2301.47	0
2301.78	0
2302.09	0
2302.4	0
2302.71	0
2303.02	0
2303.33	0
2303.64	0
2303.94	0
2304.25	0
2304.56	0
2304.87	0
2305.18	0
2305.49	0
2305.8	0
2306.11	0
2306.42	0
2306.72	0
2307.03	0
2307.34	0
2307.65	0
2307.96	0
2308.27	0
2308.58	0
2308.88	0
2309.19	0
2309.5	0
2309.81	0
2310.12	0
2310.43	0
2310.74	0
2311.04	0
2311.35	0
2311.66	0
2311.97	0
2312.28	0
2312.59	0
2312.89	0
2313.2	0
2313.51	0
2313.82	0
2314.13	0
2314.43	0
2314.74	0
2315.05	0
2315.36	0
2315.67	0
2315.97	0
2316.28	0
2316.59	0
2316.9	0
2317.21	0
2317.51	0
2317.82	0
2318.13	0
2318.44	0
2318.75	0
2319.05	0
2319.36	0
2319.67	0
2319.98	0
2320.28	0
2320.59	0
2320.9	0
2321.21	0
2321.51	0
2321.82	0
2322.13	0
2322.44	0
2322.74	0
2323.05	0
2323.36	0
2323.67	0
2323.97	0
2324.28	0
2324.59	0
2324.9	0
2325.2	0
2325.51	0
2325.82	0
2326.13	0
2326.43	0
2326.74	0
2327.05	0
2327.35	0
2327.66	0
2327.97	0
2328.27	0
2328.58	0
2328.89	0
2329.2	0
2329.5	0
2329.81	0
2330.12	0
2330.42	0
2330.73	0
2331.04	0
2331.34	0
2331.65	0
2331.96	0
2332.26	0
2332.57	0
2332.88	0
2333.18	0
2333.49	0
2333.8	0
2334.1	0
2334.41	0
2334.72	0
2335.02	0
2335.33	0
2335.64	0
2335.94	0
2336.25	0
2336.56	0
2336.86	0
2337.17	0
2337.48	0
2337.78	0
2338.09	0
2338.39	0
2338.7	0
2339.01	0
2339.31	0
2339.62	0
2339.93	0
2340.23	0
2340.54	0
2340.84	0
2341.15	0
2341.46	0
2341.76	0
2342.07	0
2342.37	0
2342.68	0
2342.99	0
2343.29	0
2343.6	0
2343.9	0
2344.21	0
2344.51	0
2344.82	0
2345.13	0
2345.43	0
2345.74	0
2346.04	0
2346.35	0
2346.65	0
2346.96	0
2347.27	0
2347.57	0
2347.88	0
2348.18	0
2348.49	0
2348.79	0
2349.1	0
2349.4	0
2349.71	0
2350.01	0
2350.32	0
2350.63	0
2350.93	0
2351.24	0
2351.54	0
2351.85	0
2352.15	0
2352.46	0
2352.76	0
2353.07	0
2353.37	0
2353.68	0
2353.98	0
2354.29	0
2354.59	0
2354.9	0
2355.2	0
2355.51	0
2355.81	0
2356.12	0
2356.42	0
2356.73	0
2357.03	0
2357.34	0
2357.64	0
2357.95	0
2358.25	0
2358.55	0
2358.86	0
2359.16	0
2359.47	0
2359.77	0
2360.08	0
2360.38	0
2360.69	0
2360.99	0
2361.3	0
2361.6	0
2361.9	0
2362.21	0
2362.51	0
2362.82	0
2363.12	0
2363.43	0
2363.73	0
2364.04	0
2364.34	0
2364.64	0
2364.95	0
2365.25	0
2365.56	0
2365.86	0
2366.16	0
2366.47	0
2366.77	0
2367.08	0
2367.38	0
2367.68	0
2367.99	0
2368.29	0
2368.6	0
2368.9	0
2369.2	0
2369.51	0
2369.81	0
2370.12	0
2370.42	0
2370.72	0
2371.03	0
2371.33	0
2371.63	0
2371.94	0
2372.24	0
2372.55	0
2372.85	0
2373.15	0
2373.46	0
2373.76	0
2374.06	0
2374.37	0
2374.67	0
2374.97	0
2375.28	0
2375.58	0
2375.88	0
2376.19	0
2376.49	0
2376.79	0
2377.1	0
2377.4	0
2377.7	0
2378.01	0
2378.31	0
2378.61	0
2378.92	0
2379.22	0
2379.52	0
2379.82	0
2380.13	0
2380.43	0
2380.73	0
2381.04	0
2381.34	0
2381.64	0
2381.95	0
2382.25	0
2382.55	0
2382.85	0
2383.16	0
2383.46	0
2383.76	0
2384.06	0
2384.37	0
2384.67	0
2384.97	0
2385.28	0
2385.58	0
2385.88	0
2386.18	0
2386.49	0
2386.79	0
2387.09	0
2387.39	0
2387.69	0
2388	0
2388.3	0
2388.6	0
2388.9	0
2389.21	0
2389.51	0
2389.81	0
2390.11	0
2390.42	0
2390.72	0
2391.02	0
2391.32	0
2391.62	0
2391.93	0
2392.23	0
2392.53	0
2392.83	0
2393.13	0
2393.44	0
2393.74	0
2394.04	0
2394.34	0
2394.64	0
2394.95	0
2395.25	0
2395.55	0
2395.85	0
2396.15	0
2396.45	0
2396.76	0
2397.06	0
2397.36	0
2397.66	0
2397.96	0
2398.26	0
2398.57	0
2398.87	0
2399.17	0
2399.47	0
2399.77	0
2400.07	0
2400.37	0
2400.68	0
2400.98	0
2401.28	0
2401.58	0
2401.88	0
2402.18	0
2402.48	0
2402.79	0
2403.09	0
2403.39	0
2403.69	0
2403.99	0
2404.29	0
2404.59	0
2404.89	0
2405.19	0
2405.5	0
2405.8	0
2406.1	0
2406.4	0
2406.7	0
2407	0
2407.3	0
2407.6	0
2407.9	0
2408.2	0
2408.5	0
2408.8	0
2409.11	0
2409.41	0
2409.71	0
2410.01	0
2410.31	0
2410.61	0
2410.91	0
2411.21	0
2411.51	0
2411.81	0
2412.11	0
2412.41	0
2412.71	0
2413.01	0
2413.31	0
2413.61	0
2413.91	0
2414.21	0
2414.51	0
2414.81	0
2415.12	0
2415.42	0
2415.72	0
2416.02	0
2416.32	0
2416.62	0
2416.92	0
2417.22	0
2417.52	0
2417.82	0
2418.12	0
2418.42	0
2418.72	0
2419.02	0
2419.32	0
2419.62	0
2419.92	0
2420.22	0
2420.52	0
2420.82	0
2421.12	0
2421.42	0
2421.71	0
2422.01	0
2422.31	0
2422.61	0
2422.91	0
2423.21	0
2423.51	0
2423.81	0
2424.11	0
2424.41	0
2424.71	0
2425.01	0
2425.31	0
2425.61	0
2425.91	0
2426.21	0
2426.51	0
2426.81	0
2427.11	0
2427.41	0
2427.7	0
2428	0
2428.3	0
2428.6	0
2428.9	0
2429.2	0
2429.5	0
2429.8	0
2430.1	0
2430.4	0
2430.7	0
2430.99	0
2431.29	0
2431.59	0
2431.89	0
2432.19	0
2432.49	0
2432.79	0
2433.09	0
2433.39	0
2433.68	0
2433.98	0
2434.28	0
2434.58	0
2434.88	0
2435.18	0
2435.48	0
2435.78	0
2436.07	0
2436.37	0
2436.67	0
2436.97	0
2437.27	0
2437.57	0
2437.86	0
2438.16	0
2438.46	0
2438.76	0
2439.06	0
2439.36	0
2439.66	0
2439.95	0
2440.25	0
2440.55	0
2440.85	0
2441.15	0
2441.44	0
2441.74	0
2442.04	0
2442.34	0
2442.64	0
2442.93	0
2443.23	0
2443.53	0
2443.83	0
2444.13	0
2444.42	0
2444.72	0
2445.02	0
2445.32	0
2445.62	0
2445.91	0
2446.21	0
2446.51	0
2446.81	0
2447.1	0
2447.4	0
2447.7	0
2448	0
2448.3	0
2448.59	0
2448.89	0
2449.19	0
2449.49	0
2449.78	0
2450.08	0
2450.38	0
2450.68	0
2450.97	0
2451.27	0
2451.57	0
2451.87	0
2452.16	0
2452.46	0
2452.76	0
2453.05	0
2453.35	0
2453.65	0
2453.95	0
2454.24	0
2454.54	0
2454.84	0
2455.13	0
2455.43	0
2455.73	0
2456.03	0
2456.32	0
2456.62	0
2456.92	0
2457.21	0
2457.51	0
2457.81	0
2458.1	0
2458.4	0
2458.7	0
2458.99	0
2459.29	0
2459.59	0
2459.88	0
2460.18	0
2460.48	0
2460.77	0
2461.07	0
2461.37	0
2461.66	0
2461.96	0
2462.26	0
2462.55	0
2462.85	0
2463.15	0
2463.44	0
2463.74	0
2464.04	0
2464.33	0
2464.63	0
2464.92	0
2465.22	0
2465.52	0
2465.81	0
2466.11	0
2466.41	0
2466.7	0
2467	0
2467.29	0
2467.59	0
2467.89	0
2468.18	0
2468.48	0
2468.77	0
2469.07	0
2469.37	0
2469.66	0
2469.96	0
2470.25	0
2470.55	0
2470.84	0
2471.14	0
2471.44	0
2471.73	0
2472.03	0
2472.32	0
2472.62	0
2472.91	0
2473.21	0
2473.51	0
2473.8	0
2474.1	0
2474.39	0
2474.69	0
2474.98	0
2475.28	0
2475.57	0
2475.87	0
2476.17	0
2476.46	0
2476.76	0
2477.05	0
2477.35	0
2477.64	0
2477.94	0
2478.23	0
2478.53	0
2478.82	0
2479.12	0
2479.41	0
2479.71	0
2480	0
2480.3	0
2480.59	0
2480.89	0
2481.18	0
2481.48	0
2481.77	0
2482.07	0
2482.36	0
2482.66	0
2482.95	0
2483.25	0
2483.54	0
2483.84	0
2484.13	0
2484.43	0
2484.72	0
2485.02	0
2485.31	0
2485.6	0
2485.9	0
2486.19	0
2486.49	0
2486.78	0
2487.08	0
2487.37	0
2487.67	0
2487.96	0
2488.26	0
2488.55	0
2488.84	0
2489.14	0
2489.43	0
2489.73	0
2490.02	0
2490.32	0
2490.61	0
2490.9	0
2491.2	0
2491.49	0
2491.79	0
2492.08	0
2492.37	0
2492.67	0
2492.96	0
2493.26	0
2493.55	0
2493.84	0
2494.14	0
2494.43	0
2494.73	0
2495.02	0
2495.31	0
2495.61	0
2495.9	0
2496.2	0
2496.49	0
2496.78	0
2497.08	0
2497.37	0
2497.66	0
2497.96	0
2498.25	0
2498.54	0
2498.84	0
2499.13	0
2499.43	0
2499.72	0
2500.01	0
2500.31	0
2500.6	0
2500.89	0
2501.19	0
2501.48	0
2501.77	0
2502.07	0
2502.36	0
2502.65	0
2502.95	0
2503.24	0
2503.53	0
2503.82	0
2504.12	0
2504.41	0
2504.7	0
2505	0
2505.29	0
2505.58	0
2505.88	0
2506.17	0
2506.46	0
2506.76	0
2507.05	0
2507.34	0
2507.63	0
2507.93	0
2508.22	0
2508.51	0
2508.8	0
2509.1	0
2509.39	0
2509.68	0
2509.98	0
2510.27	0
2510.56	0
2510.85	0
2511.15	0
2511.44	0
2511.73	0
2512.02	0
2512.32	0
2512.61	0
2512.9	0
2513.19	0
2513.49	0
2513.78	0
2514.07	0
2514.36	0
2514.65	0
2514.95	0
2515.24	0
2515.53	0
2515.82	0
2516.12	0
2516.41	0
2516.7	0
2516.99	0
2517.28	0
2517.58	0
2517.87	0
2518.16	0
2518.45	0
2518.74	0
2519.04	0
2519.33	0
2519.62	0
2519.91	0
2520.2	0
2520.5	0
2520.79	0
2521.08	0
2521.37	0
2521.66	0
2521.95	0
2522.25	0
2522.54	0
2522.83	0
2523.12	0
2523.41	0
2523.7	0
2523.99	0
2524.29	0
2524.58	0
2524.87	0
2525.16	0
2525.45	0
2525.74	0
2526.03	0
2526.33	0
2526.62	0
2526.91	0
2527.2	0
2527.49	0
2527.78	0
2528.07	0
2528.36	0
2528.66	0
2528.95	0
2529.24	0
2529.53	0
2529.82	0
2530.11	0
2530.4	0
2530.69	0
2530.98	0
2531.27	0
2531.57	0
2531.86	0
2532.15	0
2532.44	0
2532.73	0
2533.02	0
2533.31	0
2533.6	0
2533.89	0
2534.18	0
2534.47	0
2534.76	0
2535.05	0
2535.35	0
2535.64	0
2535.93	0
2536.22	0
2536.51	0
2536.8	0
2537.09	0
2537.38	0
2537.67	0
2537.96	0
2538.25	0
2538.54	0
2538.83	0
2539.12	0
2539.41	0
2539.7	0
2539.99	0
2540.28	0
2540.57	0
2540.86	0
2541.15	0
2541.44	0
2541.73	0
2542.02	0
2542.31	0
2542.6	0
2542.89	0
2543.18	0
2543.47	0
2543.76	0
2544.05	0
2544.34	0
2544.63	0
2544.92	0
2545.21	0
2545.5	0
2545.79	0
2546.08	0
2546.37	0
2546.66	0
2546.95	0
2547.24	0
2547.53	0
2547.82	0
2548.11	0
2548.4	0
2548.69	0
2548.98	0
2549.27	0
2549.55	0
2549.84	0
2550.13	0
2550.42	0
2550.71	0
2551	0
2551.29	0
2551.58	0
2551.87	0
2552.16	0
2552.45	0
2552.74	0
2553.03	0
2553.31	0
2553.6	0
2553.89	0
2554.18	0
2554.47	0
2554.76	0
2555.05	0
2555.34	0
2555.63	0
2555.92	0
2556.2	0
2556.49	0
2556.78	0
2557.07	0
2557.36	0
2557.65	0
2557.94	0
2558.23	0
2558.51	0
2558.8	0
2559.09	0
2559.38	0
2559.67	0
2559.96	0
2560.25	0
2560.53	0
2560.82	0
2561.11	0
2561.4	0
2561.69	0
2561.98	0
2562.27	0
2562.55	0
2562.84	0
2563.13	0
2563.42	0
2563.71	0
2564	0
2564.28	0
2564.57	0
2564.86	0
2565.15	0
2565.44	0
2565.72	0
2566.01	0
2566.3	0
2566.59	0
2566.88	0
2567.16	0
2567.45	0
2567.74	0
2568.03	0
2568.32	0
2568.6	0
2568.89	0
2569.18	0
2569.47	0
2569.75	0

