Source: Spectrum Viewer

Chart: Pulse Spectrum

Series: 
Wavelength (nm)	S (a.u.)
1179.9	0
1180.29	0
1180.68	0
1181.06	0
1181.45	0
1181.83	0
1182.22	0
1182.6	0
1182.99	0
1183.38	0
1183.76	0
1184.15	0
1184.53	0
1184.92	0
1185.3	0
1185.69	0
1186.07	0
1186.46	0
1186.85	0
1187.23	0
1187.62	0
1188	0
1188.39	0
1188.77	0
1189.16	0
1189.54	0
1189.93	0
1190.31	0
1190.7	0
1191.08	0
1191.47	0
1191.85	0
1192.24	0
1192.62	0
1193.01	0
1193.39	0
1193.78	0
1194.16	0
1194.55	0
1194.93	0
1195.32	0
1195.7	0
1196.09	0
1196.47	0
1196.86	0
1197.24	0
1197.63	0
1198.01	0
1198.4	0
1198.78	0
1199.16	0
1199.55	0
1199.93	0
1200.32	0
1200.7	0
1201.09	0
1201.47	0
1201.86	0
1202.24	0
1202.63	0
1203.01	0
1203.39	0
1203.78	0
1204.16	0
1204.55	0
1204.93	0
1205.32	0
1205.7	0
1206.08	0
1206.47	0
1206.85	0
1207.24	0
1207.62	0
1208	0
1208.39	0
1208.77	0
1209.16	0
1209.54	0
1209.92	0
1210.31	0
1210.69	0
1211.08	0
1211.46	0
1211.84	0
1212.23	0
1212.61	0
1213	0
1213.38	0
1213.76	0
1214.15	0
1214.53	0
1214.91	0
1215.3	0
1215.68	0
1216.06	0
1216.45	0
1216.83	0
1217.22	0
1217.6	0
1217.98	0
1218.37	0
1218.75	0
1219.13	0
1219.52	0
1219.9	0
1220.28	0
1220.67	0
1221.05	0
1221.43	0
1221.82	0
1222.2	0
1222.58	0
1222.97	0
1223.35	0
1223.73	0
1224.11	0
1224.5	0
1224.88	0
1225.26	0
1225.65	0
1226.03	0
1226.41	0
1226.8	0
1227.18	0
1227.56	0
1227.94	0
1228.33	0
1228.71	0
1229.09	0
1229.47	0
1229.86	0
1230.24	0
1230.62	0
1231.01	0
1231.39	0
1231.77	0
1232.15	0
1232.54	0
1232.92	0
1233.3	0
1233.68	0
1234.07	0
1234.45	0
1234.83	0
1235.21	0
1235.6	0
1235.98	0
1236.36	0
1236.74	0
1237.12	0
1237.51	0
1237.89	0
1238.27	0
1238.65	0
1239.04	0
1239.42	0
1239.8	0
1240.18	0
1240.56	0
1240.95	0
1241.33	0
1241.71	0
1242.09	0
1242.47	0
1242.86	0
1243.24	0
1243.62	0
1244	0
1244.38	0
1244.77	0
1245.15	0
1245.53	0
1245.91	0
1246.29	0
1246.67	0
1247.06	0
1247.44	0
1247.82	0
1248.2	0
1248.58	0
1248.96	0
1249.34	0
1249.73	0
1250.11	0
1250.49	0
1250.87	0
1251.25	0
1251.63	0
1252.01	0
1252.4	0
1252.78	0
1253.16	0
1253.54	0
1253.92	0
1254.3	0
1254.68	0
1255.06	0
1255.45	0
1255.83	0
1256.21	0
1256.59	0
1256.97	0
1257.35	0
1257.73	0
1258.11	0
1258.49	0
1258.87	0
1259.26	0
1259.64	0
1260.02	0
1260.4	0
1260.78	0
1261.16	0
1261.54	0
1261.92	0
1262.3	0
1262.68	0
1263.06	0
1263.44	0
1263.82	0
1264.21	0
1264.59	0
1264.97	0
1265.35	0
1265.73	0
1266.11	0
1266.49	0
1266.87	0
1267.25	0
1267.63	0
1268.01	0
1268.39	0
1268.77	0
1269.15	0
1269.53	0
1269.91	0
1270.29	0
1270.67	0
1271.05	0
1271.43	0
1271.81	0
1272.19	0
1272.57	0
1272.95	0
1273.33	0
1273.71	0
1274.09	0
1274.47	0
1274.85	0
1275.23	0
1275.61	0
1275.99	0
1276.37	0
1276.75	0
1277.13	0
1277.51	0
1277.89	0
1278.27	0
1278.65	0
1279.03	0
1279.41	0
1279.79	0
1280.17	0
1280.55	0
1280.93	0
1281.31	0
1281.69	0
1282.07	0
1282.45	0
1282.82	0
1283.2	0
1283.58	0
1283.96	0
1284.34	0
1284.72	0
1285.1	0
1285.48	0
1285.86	0
1286.24	0
1286.62	0
1287	0
1287.38	0
1287.75	0
1288.13	0
1288.51	0
1288.89	0
1289.27	0
1289.65	0
1290.03	0
1290.41	0
1290.79	0
1291.17	0
1291.54	0
1291.92	0
1292.3	0
1292.68	0
1293.06	0
1293.44	0
1293.82	0
1294.2	0
1294.57	0
1294.95	0
1295.33	0
1295.71	0
1296.09	0
1296.47	0
1296.85	0
1297.22	0
1297.6	0
1297.98	0
1298.36	0
1298.74	0
1299.12	0
1299.5	0
1299.87	0
1300.25	0
1300.63	0
1301.01	0
1301.39	0
1301.77	0
1302.14	0
1302.52	0
1302.9	0
1303.28	0
1303.66	0
1304.03	0
1304.41	0
1304.79	0
1305.17	0
1305.55	0
1305.92	0
1306.3	0
1306.68	0
1307.06	0
1307.44	0
1307.81	0
1308.19	0
1308.57	0
1308.95	0
1309.32	0
1309.7	0
1310.08	0
1310.46	0
1310.84	0
1311.21	0
1311.59	0
1311.97	0
1312.35	0
1312.72	0
1313.1	0
1313.48	0
1313.86	0
1314.23	0
1314.61	0
1314.99	0
1315.37	0
1315.74	0
1316.12	0
1316.5	0
1316.87	0
1317.25	0
1317.63	0
1318.01	0
1318.38	0
1318.76	0
1319.14	0
1319.52	0
1319.89	0
1320.27	0
1320.65	0
1321.02	0
1321.4	0
1321.78	0
1322.15	0
1322.53	0
1322.91	0
1323.29	0
1323.66	0
1324.04	0
1324.42	0
1324.79	0
1325.17	0
1325.55	0
1325.92	0
1326.3	0
1326.68	0
1327.05	0
1327.43	0
1327.81	0
1328.18	0
1328.56	0
1328.94	0
1329.31	0
1329.69	0
1330.06	0
1330.44	0
1330.82	0
1331.19	0
1331.57	0
1331.95	0
1332.32	0
1332.7	0
1333.08	0
1333.45	0
1333.83	0
1334.2	0
1334.58	0
1334.96	0
1335.33	0
1335.71	0
1336.08	0
1336.46	0
1336.84	0
1337.21	0
1337.59	0
1337.96	0
1338.34	0
1338.72	0
1339.09	0
1339.47	0
1339.84	0
1340.22	0
1340.6	0
1340.97	0
1341.35	0
1341.72	0
1342.1	0
1342.47	0
1342.85	0
1343.23	0
1343.6	0
1343.98	0
1344.35	0
1344.73	0
1345.1	0
1345.48	0
1345.85	0
1346.23	0
1346.61	0
1346.98	0
1347.36	0
1347.73	0
1348.11	0
1348.48	0
1348.86	0
1349.23	0
1349.61	0
1349.98	0
1350.36	0
1350.73	0
1351.11	0
1351.48	0
1351.86	0
1352.23	0
1352.61	0
1352.98	0
1353.36	0
1353.73	0
1354.11	0
1354.48	0
1354.86	0
1355.23	0
1355.61	0
1355.98	0
1356.36	0
1356.73	0
1357.11	0
1357.48	0
1357.86	0
1358.23	0
1358.61	0
1358.98	0
1359.35	0
1359.73	0
1360.1	0
1360.48	0
1360.85	0
1361.23	0
1361.6	0
1361.98	0
1362.35	0
1362.72	0
1363.1	0
1363.47	0
1363.85	0
1364.22	0
1364.6	0
1364.97	0
1365.34	0
1365.72	0
1366.09	0
1366.47	0
1366.84	0
1367.22	0
1367.59	0
1367.96	0
1368.34	0
1368.71	0
1369.09	0.12
1369.46	-0.84
1369.83	-0.68
1370.21	-0.36
1370.58	-0.36
1370.96	-0.48
1371.33	0.76
1371.7	0.96
1372.08	0.84
1372.45	0.84
1372.82	0.92
1373.2	0.72
1373.57	0.36
1373.95	0.32
1374.32	0.64
1374.69	0.56
1375.07	1.12
1375.44	1.12
1375.81	1.16
1376.19	1.36
1376.56	1.52
1376.93	1
1377.31	1.2
1377.68	1
1378.05	0.6
1378.43	0.64
1378.8	0.56
1379.17	0.88
1379.55	0.92
1379.92	0.8
1380.29	0.68
1380.67	0.96
1381.04	0.6
1381.41	0.56
1381.79	1.08
1382.16	1.36
1382.53	1.04
1382.91	0.04
1383.28	0.4
1383.65	0.04
1384.03	-0.32
1384.4	0.32
1384.77	1.52
1385.14	1.28
1385.52	1.28
1385.89	1.36
1386.26	0.88
1386.64	0.56
1387.01	0.6
1387.38	0.48
1387.75	0.92
1388.13	1.04
1388.5	1.08
1388.87	1.04
1389.25	1
1389.62	0.8
1389.99	0.44
1390.36	0.6
1390.74	0.52
1391.11	0.64
1391.48	0.32
1391.85	0.4
1392.23	0.24
1392.6	0.32
1392.97	0.76
1393.34	0.84
1393.72	0.92
1394.09	1.08
1394.46	1.08
1394.83	0.6
1395.21	0.56
1395.58	0.92
1395.95	1.16
1396.32	1.12
1396.69	1.24
1397.07	1.2
1397.44	0.88
1397.81	0.4
1398.18	0.48
1398.55	0.72
1398.93	0.72
1399.3	0.6
1399.67	0.64
1400.04	0.64
1400.41	0.44
1400.79	0.44
1401.16	0.72
1401.53	1.04
1401.9	1.08
1402.27	1
1402.65	1
1403.02	0.72
1403.39	0.84
1403.76	0.32
1404.13	0.16
1404.51	0.32
1404.88	0.64
1405.25	0.2
1405.62	0.72
1405.99	0.92
1406.36	0.76
1406.74	0.44
1407.11	0.44
1407.48	0.28
1407.85	-1.12
1408.22	-0.48
1408.59	-0.48
1408.96	-0.52
1409.34	-0.56
1409.71	0.8
1410.08	0.56
1410.45	0.84
1410.82	0.88
1411.19	1.08
1411.56	1
1411.93	0.6
1412.31	0.64
1412.68	0.88
1413.05	1.04
1413.42	1.04
1413.79	1.04
1414.16	0.84
1414.53	0.68
1414.9	0.24
1415.27	0.4
1415.65	0.44
1416.02	0.48
1416.39	0.68
1416.76	0.84
1417.13	0.64
1417.5	0.76
1417.87	0.6
1418.24	0.28
1418.61	0.24
1418.98	0.2
1419.35	0.24
1419.73	0.32
1420.1	0.68
1420.47	0.8
1420.84	0.96
1421.21	1
1421.58	1
1421.95	0.64
1422.32	0.48
1422.69	0.76
1423.06	0.68
1423.43	0.88
1423.8	1.2
1424.17	1.2
1424.54	0.76
1424.91	0.64
1425.28	0.36
1425.65	0.44
1426.02	0.64
1426.39	0.8
1426.76	0.4
1427.14	0.76
1427.51	0.36
1427.88	0.36
1428.25	0.76
1428.62	1.12
1428.99	0.76
1429.36	0.76
1429.73	0.56
1430.1	0.12
1430.47	0.12
1430.84	0.12
1431.21	0.16
1431.58	0.36
1431.95	0.32
1432.32	0.4
1432.69	0.56
1433.06	0.52
1433.43	0.4
1433.8	0.32
1434.17	0.4
1434.54	0.28
1434.91	0.48
1435.28	0.52
1435.64	0.52
1436.01	-0.04
1436.38	0.24
1436.75	0.12
1437.12	2.10945e-17
1437.49	2.10945e-17
1437.86	0.64
1438.23	0.4
1438.6	0.8
1438.97	0.84
1439.34	1.04
1439.71	0.96
1440.08	0.88
1440.45	0.8
1440.82	0.28
1441.19	0.16
1441.56	2.10945e-17
1441.93	0.32
1442.3	0.2
1442.67	-0.92
1443.03	-0.68
1443.4	-0.64
1443.77	-0.92
1444.14	-0.96
1444.51	0.64
1444.88	0.32
1445.25	1.2
1445.62	1.16
1445.99	1.28
1446.36	1.4
1446.73	1.44
1447.09	0.72
1447.46	0.76
1447.83	0.4
1448.2	0.52
1448.57	0.6
1448.94	0.68
1449.31	0.92
1449.68	1.36
1450.05	1.24
1450.41	1.12
1450.78	0.44
1451.15	0.16
1451.52	-0.28
1451.89	0.08
1452.26	0.28
1452.63	0.96
1453	1.2
1453.36	1.24
1453.73	0.84
1454.1	1
1454.47	0.72
1454.84	0.48
1455.21	0.44
1455.57	-0.04
1455.94	-0.24
1456.31	-0.24
1456.68	-0.04
1457.05	0.16
1457.42	0.56
1457.78	1.36
1458.15	1.68
1458.52	1.68
1458.89	1.48
1459.26	1.56
1459.63	0.64
1459.99	0.32
1460.36	0.48
1460.73	0.56
1461.1	1.16
1461.47	2.04
1461.83	2.16
1462.2	1.8
1462.57	2.04
1462.94	1.64
1463.31	0.92
1463.67	0.96
1464.04	1.04
1464.41	1.08
1464.78	0.56
1465.15	0.52
1465.51	0.96
1465.88	1.24
1466.25	1.4
1466.62	1.88
1466.98	1.88
1467.35	1.56
1467.72	1.32
1468.09	0.96
1468.46	0.84
1468.82	0.84
1469.19	0.88
1469.56	1.24
1469.93	1.4
1470.29	1.44
1470.66	1.56
1471.03	2.16
1471.4	1.96
1471.76	1.64
1472.13	1.48
1472.5	1.4
1472.86	0.92
1473.23	0.76
1473.6	0.76
1473.97	1.04
1474.33	1.52
1474.7	1.2
1475.07	1.4
1475.44	1.52
1475.8	1.2
1476.17	0.76
1476.54	0.76
1476.9	0.56
1477.27	0.52
1477.64	0.8
1478	0.68
1478.37	0.64
1478.74	0.76
1479.11	0.68
1479.47	0.44
1479.84	0.4
1480.21	0.48
1480.57	0.44
1480.94	0.76
1481.31	0.76
1481.67	0.68
1482.04	0.52
1482.41	0.32
1482.77	0.04
1483.14	0.24
1483.51	0.88
1483.87	1.2
1484.24	1.36
1484.61	1.4
1484.97	1.2
1485.34	0.76
1485.71	-0.36
1486.07	-0.4
1486.44	-0.48
1486.81	-0.36
1487.17	-0.16
1487.54	0.68
1487.9	0.92
1488.27	0.96
1488.64	0.64
1489	0.52
1489.37	1
1489.74	1.12
1490.1	1.08
1490.47	1.6
1490.83	1.32
1491.2	0.8
1491.57	0.32
1491.93	0.68
1492.3	0.36
1492.66	0.84
1493.03	0.96
1493.4	1.16
1493.76	1.12
1494.13	1.36
1494.49	0.88
1494.86	1.08
1495.23	0.96
1495.59	0.72
1495.96	-0.12
1496.32	0.6
1496.69	0.28
1497.06	0.44
1497.42	-0.4
1497.79	0.4
1498.15	-0.24
1498.52	-0.16
1498.88	0.16
1499.25	1
1499.62	0.44
1499.98	0.36
1500.35	0.48
1500.71	-0.04
1501.08	0.16
1501.44	0.96
1501.81	0.96
1502.17	1.28
1502.54	1.44
1502.9	1.24
1503.27	1.4
1503.64	1.6
1504	1.48
1504.37	1.28
1504.73	1.36
1505.1	0.96
1505.46	0.92
1505.83	0.52
1506.19	0.56
1506.56	0.4
1506.92	0.2
1507.29	0.04
1507.65	0.56
1508.02	0.88
1508.38	0.96
1508.75	1.4
1509.11	1.8
1509.48	1.56
1509.84	1.96
1510.21	2.48
1510.57	2.12
1510.94	2
1511.3	1.72
1511.67	1.12
1512.03	0.84
1512.4	0.96
1512.76	0.68
1513.13	-0.32
1513.49	-0.4
1513.85	-0.72
1514.22	-0.92
1514.58	-0.6
1514.95	0.64
1515.31	0.64
1515.68	1.16
1516.04	1.44
1516.41	1.36
1516.77	1.24
1517.14	1.16
1517.5	0.8
1517.86	0.6
1518.23	0.6
1518.59	0.6
1518.96	1
1519.32	0.88
1519.69	0.92
1520.05	0.76
1520.41	0.76
1520.78	0.52
1521.14	0.56
1521.51	0.44
1521.87	0.56
1522.24	0.56
1522.6	0.52
1522.96	0.48
1523.33	0.48
1523.69	0.64
1524.06	0.52
1524.42	0.4
1524.78	0.88
1525.15	1
1525.51	0.76
1525.88	0.92
1526.24	1.16
1526.6	0.96
1526.97	0.84
1527.33	0.84
1527.69	0.84
1528.06	0.8
1528.42	0.48
1528.79	0.48
1529.15	-0.24
1529.51	-0.4
1529.88	-0.4
1530.24	-0.08
1530.6	0.36
1530.97	1.12
1531.33	1.16
1531.69	1.04
1532.06	0.88
1532.42	0.48
1532.78	0.32
1533.15	0.6
1533.51	0.8
1533.87	0.8
1534.24	1.04
1534.6	1.04
1534.96	0.8
1535.33	0.68
1535.69	0.72
1536.05	0.56
1536.42	0.6
1536.78	0.52
1537.14	0.48
1537.51	0.32
1537.87	0.2
1538.23	0.16
1538.6	0.32
1538.96	0.32
1539.32	0.28
1539.68	0.4
1540.05	0.64
1540.41	0.8
1540.77	0.84
1541.14	0.84
1541.5	1.4
1541.86	1.16
1542.23	0.84
1542.59	1
1542.95	1
1543.31	0.72
1543.68	0.92
1544.04	0.92
1544.4	1.04
1544.76	1.52
1545.13	1.28
1545.49	1.08
1545.85	1.28
1546.21	0.84
1546.58	0.8
1546.94	0.64
1547.3	1.28
1547.66	1.16
1548.03	1.16
1548.39	0.92
1548.75	0.92
1549.11	0.72
1549.48	0.64
1549.84	0.8
1550.2	0.96
1550.56	1.2
1550.93	1.2
1551.29	1.24
1551.65	1.12
1552.01	0.92
1552.37	0.76
1552.74	0.4
1553.1	0.68
1553.46	1.08
1553.82	1.2
1554.18	1.12
1554.55	1.24
1554.91	0.92
1555.27	0.48
1555.63	0.4
1555.99	0.4
1556.36	0.32
1556.72	-0.6
1557.08	-0.2
1557.44	-0.4
1557.8	1.11022e-16
1558.17	0.08
1558.53	1
1558.89	0.64
1559.25	0.76
1559.61	0.4
1559.97	0.64
1560.34	0.96
1560.7	1.4
1561.06	1.68
1561.42	1.88
1561.78	1.6
1562.14	0.88
1562.5	0.48
1562.87	0.24
1563.23	0.76
1563.59	0.32
1563.95	0.96
1564.31	1.36
1564.67	1.2
1565.03	0.8
1565.4	1.28
1565.76	1.04
1566.12	0.6
1566.48	1.12
1566.84	0.8
1567.2	1
1567.56	0.8
1567.92	0.76
1568.29	0.44
1568.65	0.68
1569.01	0.44
1569.37	0.4
1569.73	0.48
1570.09	0.36
1570.45	0.32
1570.81	0.32
1571.17	1.04
1571.53	1.2
1571.89	1.24
1572.26	1.52
1572.62	1.72
1572.98	1.36
1573.34	1.6
1573.7	1.52
1574.06	1.04
1574.42	0.76
1574.78	0.64
1575.14	0.16
1575.5	0.72
1575.86	-0.12
1576.22	-0.2
1576.58	-0.08
1576.94	0.04
1577.3	-0.44
1577.67	0.64
1578.03	1.12
1578.39	1.12
1578.75	1.16
1579.11	1.2
1579.47	1.4
1579.83	0.92
1580.19	1.04
1580.55	0.92
1580.91	0.76
1581.27	0.28
1581.63	0.44
1581.99	0.32
1582.35	0.48
1582.71	0.8
1583.07	0.84
1583.43	0.68
1583.79	0.92
1584.15	0.88
1584.51	0.64
1584.87	1.04
1585.23	1.12
1585.59	1.24
1585.95	1.08
1586.31	1.08
1586.67	0.64
1587.03	0.56
1587.39	0.08
1587.75	0.64
1588.11	1.12
1588.47	1.44
1588.83	1.44
1589.19	1.44
1589.55	1.64
1589.91	1.68
1590.27	2
1590.63	2.36
1590.99	3.04
1591.35	2.4
1591.71	1.84
1592.07	1.32
1592.42	0.96
1592.78	0.44
1593.14	0.48
1593.5	0.48
1593.86	0.8
1594.22	1.28
1594.58	1.28
1594.94	1.52
1595.3	1.48
1595.66	1.12
1596.02	0.84
1596.38	1.24
1596.74	1.16
1597.1	1.6
1597.46	1.52
1597.81	1.44
1598.17	1.12
1598.53	1.24
1598.89	1
1599.25	1.08
1599.61	0.96
1599.97	0.84
1600.33	0.48
1600.69	0.48
1601.05	0.56
1601.4	0.76
1601.76	0.48
1602.12	0.76
1602.48	0.64
1602.84	0.84
1603.2	1.16
1603.56	1.32
1603.92	1.44
1604.28	1.68
1604.63	1.6
1604.99	1.72
1605.35	1.96
1605.71	1.6
1606.07	1.44
1606.43	1.44
1606.79	1
1607.14	1.04
1607.5	1.12
1607.86	0.96
1608.22	0.92
1608.58	1
1608.94	0.72
1609.29	0.64
1609.65	0.96
1610.01	0.8
1610.37	0.88
1610.73	0.88
1611.09	0.96
1611.44	0.68
1611.8	0.8
1612.16	0.76
1612.52	1.12
1612.88	0.96
1613.24	0.92
1613.59	0.92
1613.95	1
1614.31	0.72
1614.67	0.68
1615.03	0.76
1615.38	0.64
1615.74	0.52
1616.1	0.68
1616.46	1.2
1616.82	1.32
1617.17	1.32
1617.53	1.12
1617.89	1.12
1618.25	1.28
1618.6	1.76
1618.96	1.92
1619.32	2.28
1619.68	2.24
1620.04	1.76
1620.39	0.96
1620.75	0.88
1621.11	0.56
1621.47	0.4
1621.82	0.28
1622.18	0.48
1622.54	0.44
1622.9	0.72
1623.25	-0.32
1623.61	-0.4
1623.97	-0.48
1624.33	-0.36
1624.68	-0.76
1625.04	0.56
1625.4	0.64
1625.75	0.12
1626.11	0.24
1626.47	0.36
1626.83	0.28
1627.18	0.4
1627.54	1.12
1627.9	1
1628.26	1
1628.61	0.84
1628.97	1
1629.33	1.04
1629.68	1.2
1630.04	1.56
1630.4	1.24
1630.75	1.32
1631.11	1.84
1631.47	2.28
1631.83	1.84
1632.18	2.08
1632.54	1.8
1632.9	1.64
1633.25	1.36
1633.61	1.68
1633.97	1.8
1634.32	1.84
1634.68	1.72
1635.04	1.6
1635.39	1.64
1635.75	1.56
1636.11	1.52
1636.46	1.24
1636.82	1.16
1637.18	0.76
1637.53	0.92
1637.89	1.48
1638.25	1.48
1638.6	1.48
1638.96	2.12
1639.31	3.24
1639.67	2.92
1640.03	3.52
1640.38	3.32
1640.74	3
1641.1	1.88
1641.45	1.52
1641.81	0.88
1642.16	1.48
1642.52	1.6
1642.88	1.64
1643.23	1.48
1643.59	1.72
1643.95	1.44
1644.3	1.12
1644.66	1.08
1645.01	1.64
1645.37	1.44
1645.73	1.44
1646.08	1.76
1646.44	2.48
1646.79	1.72
1647.15	1.68
1647.51	1.28
1647.86	0.88
1648.22	0.12
1648.57	-0.12
1648.93	-0.16
1649.28	-0.24
1649.64	-0.2
1650	-0.2
1650.35	0.4
1650.71	0.36
1651.06	1.08
1651.42	1
1651.77	0.88
1652.13	0.96
1652.48	1.48
1652.84	0.84
1653.2	1.32
1653.55	1.48
1653.91	1.48
1654.26	1.04
1654.62	1.16
1654.97	0.76
1655.33	1.28
1655.68	1.4
1656.04	1.4
1656.39	1.36
1656.75	1.56
1657.1	0.84
1657.46	1.36
1657.81	1.28
1658.17	1.32
1658.52	1.4
1658.88	1.4
1659.23	0.64
1659.59	1.08
1659.94	1.04
1660.3	0.84
1660.65	0.92
1661.01	0.92
1661.36	0.8
1661.72	0.64
1662.07	1.04
1662.43	1.12
1662.78	1.36
1663.14	0.96
1663.49	1.36
1663.85	1.2
1664.2	1.96
1664.56	2
1664.91	0.28
1665.27	0.04
1665.62	-0.04
1665.98	-0.72
1666.33	-0.72
1666.69	1.16
1667.04	1
1667.39	1.08
1667.75	1.52
1668.1	1.72
1668.46	2.24
1668.81	2.76
1669.17	2.52
1669.52	2.04
1669.88	2.2
1670.23	2.28
1670.58	2.08
1670.94	2.32
1671.29	2.52
1671.65	2.44
1672	2.64
1672.36	2.56
1672.71	2.28
1673.06	2.24
1673.42	2.4
1673.77	1.84
1674.13	2.2
1674.48	2.56
1674.83	3
1675.19	2.84
1675.54	2.72
1675.9	2.52
1676.25	3.04
1676.6	3.6
1676.96	4.24
1677.31	4.88
1677.67	4.84
1678.02	4.44
1678.37	3.8
1678.73	3.6
1679.08	3.56
1679.43	3.68
1679.79	4
1680.14	4.08
1680.5	3.36
1680.85	3.32
1681.2	3.32
1681.56	3.52
1681.91	4.16
1682.26	5.64
1682.62	5.88
1682.97	6.88
1683.32	6.28
1683.68	5.64
1684.03	4.76
1684.38	4.8
1684.74	4.08
1685.09	5.04
1685.44	5.88
1685.8	6.64
1686.15	6.28
1686.5	7.04
1686.86	7.32
1687.21	6.4
1687.56	6.2
1687.92	7.48
1688.27	7.4
1688.62	8.48
1688.98	9.16
1689.33	9.36
1689.68	8.6
1690.03	8.76
1690.39	7.24
1690.74	7.12
1691.09	7.08
1691.45	6.6
1691.8	7.4
1692.15	7.24
1692.5	6.84
1692.86	6.96
1693.21	6.96
1693.56	6.2
1693.92	5.96
1694.27	7.12
1694.62	7.68
1694.97	9.28
1695.33	8.52
1695.68	9.84
1696.03	8.52
1696.38	8.32
1696.74	7.52
1697.09	7.24
1697.44	5.92
1697.79	6.72
1698.15	6.4
1698.5	6.96
1698.85	7.92
1699.2	7.24
1699.56	7.32
1699.91	6.8
1700.26	5.72
1700.61	5.64
1700.97	6.64
1701.32	6.36
1701.67	7.2
1702.02	6.56
1702.37	6.92
1702.73	7.24
1703.08	7.76
1703.43	7.56
1703.78	9
1704.13	7.32
1704.49	7.24
1704.84	6.92
1705.19	7.44
1705.54	7
1705.89	8.08
1706.25	7.8
1706.6	7.08
1706.95	5.88
1707.3	6.04
1707.65	6.84
1708.01	7.68
1708.36	9.08
1708.71	9.36
1709.06	10.24
1709.41	10.6
1709.76	9.44
1710.12	9.16
1710.47	9.6
1710.82	9.64
1711.17	9
1711.52	10.08
1711.87	10.24
1712.23	10.64
1712.58	10.68
1712.93	10.8
1713.28	11.12
1713.63	11.96
1713.98	12.84
1714.33	13.36
1714.69	13.84
1715.04	13.4
1715.39	12.56
1715.74	11.08
1716.09	11.12
1716.44	10.6
1716.79	10.68
1717.14	11.28
1717.5	14
1717.85	13.44
1718.2	14.72
1718.55	16.08
1718.9	17.28
1719.25	16.32
1719.6	18.32
1719.95	19.44
1720.3	21.28
1720.65	22.32
1721.01	22.64
1721.36	24
1721.71	25.72
1722.06	25.48
1722.41	26.2
1722.76	27.68
1723.11	25.36
1723.46	25
1723.81	25.36
1724.16	25.04
1724.51	24.88
1724.86	26.96
1725.21	28.68
1725.56	29.28
1725.92	29.4
1726.27	31
1726.62	31.08
1726.97	30.32
1727.32	30.32
1727.67	30.64
1728.02	31.68
1728.37	32.88
1728.72	33.68
1729.07	32.76
1729.42	35.12
1729.77	34.04
1730.12	35.12
1730.47	35.12
1730.82	36.52
1731.17	34.96
1731.52	36.16
1731.87	36.04
1732.22	38.76
1732.57	38.52
1732.92	36.52
1733.27	36.28
1733.62	35.08
1733.97	32.52
1734.32	30.04
1734.67	29.4
1735.02	24.28
1735.37	20.92
1735.72	16.16
1736.07	17.32
1736.42	15.88
1736.77	17.44
1737.12	17.72
1737.47	18.4
1737.82	16.96
1738.17	17.36
1738.52	16.92
1738.87	16.96
1739.22	17.52
1739.57	17.84
1739.92	19.8
1740.27	20.56
1740.62	21.04
1740.97	20.6
1741.32	20.2
1741.67	18.44
1742.02	19.6
1742.37	21.2
1742.72	22.68
1743.06	23.6
1743.41	27.04
1743.76	27.76
1744.11	26.12
1744.46	26.32
1744.81	29.08
1745.16	27.32
1745.51	28.16
1745.86	32.4
1746.21	34.6
1746.56	34.68
1746.91	35.96
1747.26	37.24
1747.6	37.48
1747.95	38.72
1748.3	39.2
1748.65	39.64
1749	39.16
1749.35	39.32
1749.7	43.92
1750.05	46.8
1750.4	52.8
1750.75	53.44
1751.09	54.36
1751.44	54.52
1751.79	54.08
1752.14	54.32
1752.49	55.88
1752.84	54.72
1753.19	55.2
1753.54	58.24
1753.88	58.2
1754.23	65.44
1754.58	71.36
1754.93	71.88
1755.28	77.76
1755.63	85.96
1755.98	87.96
1756.32	91.64
1756.67	89.92
1757.02	95.24
1757.37	97.52
1757.72	101.6
1758.07	111.44
1758.42	121.32
1758.76	122.08
1759.11	125.16
1759.46	125.36
1759.81	129.6
1760.16	136.8
1760.5	134.68
1760.85	140.92
1761.2	147.56
1761.55	147.56
1761.9	155.08
1762.25	163.72
1762.59	172.44
1762.94	180.04
1763.29	181.04
1763.64	189.44
1763.99	202.52
1764.33	198.32
1764.68	207.16
1765.03	217.28
1765.38	221.88
1765.73	229.48
1766.07	236.56
1766.42	249.48
1766.77	259.44
1767.12	259.44
1767.46	273.56
1767.81	288.96
1768.16	284.96
1768.51	290.4
1768.85	298.12
1769.2	296.04
1769.55	302.64
1769.9	311.92
1770.25	323.4
1770.59	329.72
1770.94	337.84
1771.29	341.12
1771.64	348.16
1771.98	350.2
1772.33	354.24
1772.68	360.72
1773.02	367.88
1773.37	373.2
1773.72	385.84
1774.07	398.56
1774.41	400.2
1774.76	411.16
1775.11	419.08
1775.46	408.88
1775.8	407.88
1776.15	405.96
1776.5	404.24
1776.84	411.08
1777.19	419.16
1777.54	436.56
1777.89	458.84
1778.23	466.4
1778.58	478.84
1778.93	496.92
1779.27	492.96
1779.62	504.56
1779.97	510.04
1780.31	503.4
1780.66	500.52
1781.01	508.28
1781.35	501.08
1781.7	511.08
1782.05	518.36
1782.39	534.92
1782.74	532.48
1783.09	540.96
1783.43	559.36
1783.78	572.28
1784.13	582.32
1784.47	605.96
1784.82	603.52
1785.17	587.52
1785.51	587.16
1785.86	588.4
1786.21	614.4
1786.55	644.48
1786.9	682.6
1787.25	714.12
1787.59	742.48
1787.94	732.48
1788.29	729.8
1788.63	730.32
1788.98	737.4
1789.32	735
1789.67	734.84
1790.02	712.08
1790.36	709.6
1790.71	718.56
1791.06	724.36
1791.4	761.24
1791.75	815.12
1792.09	851.92
1792.44	879.52
1792.79	903.52
1793.13	928.12
1793.48	958.76
1793.82	951.92
1794.17	941.52
1794.52	955.76
1794.86	914.88
1795.21	879.12
1795.55	857.92
1795.9	754
1796.24	717.48
1796.59	777.84
1796.94	815
1797.28	868.36
1797.63	963.72
1797.97	972.68
1798.32	924.8
1798.66	878.52
1799.01	858.76
1799.36	843.24
1799.7	829.6
1800.05	840.04
1800.39	839
1800.74	811.48
1801.08	880.72
1801.43	926.2
1801.77	929.6
1802.12	938.08
1802.46	960.48
1802.81	928.08
1803.15	908.04
1803.5	890.96
1803.85	905.44
1804.19	857.52
1804.54	834.12
1804.88	847.72
1805.23	819.84
1805.57	803.32
1805.92	881.32
1806.26	919.76
1806.61	897.04
1806.95	910.44
1807.3	978.48
1807.64	1039.76
1807.99	1059.8
1808.33	1100.4
1808.68	1116.72
1809.02	1076.72
1809.37	1064.36
1809.71	1082.52
1810.06	1098.76
1810.4	1121.08
1810.75	1077.24
1811.09	999.2
1811.43	1025
1811.78	1074.08
1812.12	1163.92
1812.47	1283.4
1812.81	1333.88
1813.16	1301.92
1813.5	1272.68
1813.85	1211.08
1814.19	1170.32
1814.54	1153.56
1814.88	1082.12
1815.23	1005.36
1815.57	932.8
1815.91	804.92
1816.26	698.16
1816.6	731.92
1816.95	764.04
1817.29	769.12
1817.64	854.8
1817.98	958.96
1818.32	1018.88
1818.67	1064.12
1819.01	1122.56
1819.36	1147.8
1819.7	1114.28
1820.05	1032
1820.39	1013.32
1820.73	1004.52
1821.08	990.32
1821.42	991.24
1821.77	995.28
1822.11	894.92
1822.45	825.16
1822.8	797.8
1823.14	730.6
1823.49	691.12
1823.83	795.84
1824.17	884.28
1824.52	927.76
1824.86	1020.28
1825.2	1061.64
1825.55	995.88
1825.89	916.56
1826.24	846.36
1826.58	840.08
1826.92	838.64
1827.27	844.72
1827.61	891.32
1827.95	926.4
1828.3	873.92
1828.64	812.04
1828.98	765.08
1829.33	677.48
1829.67	688.76
1830.02	716.44
1830.36	738.08
1830.7	796.24
1831.05	894.16
1831.39	886.48
1831.73	881.48
1832.08	912.56
1832.42	872.12
1832.76	818.68
1833.1	801.68
1833.45	767.88
1833.79	710.28
1834.13	678.28
1834.48	665.68
1834.82	641.36
1835.16	647.76
1835.51	652.12
1835.85	657.64
1836.19	652.64
1836.54	616.24
1836.88	563.44
1837.22	503.84
1837.56	450.64
1837.91	396.64
1838.25	403.84
1838.59	444.96
1838.94	485.28
1839.28	513.56
1839.62	521.64
1839.96	507.32
1840.31	449.6
1840.65	411.84
1840.99	383.64
1841.34	421.2
1841.68	444.56
1842.02	471.4
1842.36	501.36
1842.71	513.92
1843.05	448.48
1843.39	421.48
1843.73	432.76
1844.08	438.84
1844.42	479.64
1844.76	544.08
1845.1	548.44
1845.45	507.36
1845.79	487.8
1846.13	460.16
1846.47	428.12
1846.81	398.12
1847.16	387.68
1847.5	387.32
1847.84	392.84
1848.18	397.16
1848.53	410.08
1848.87	428.56
1849.21	418.48
1849.55	393.56
1849.89	372.04
1850.24	355.16
1850.58	337.04
1850.92	317.44
1851.26	304.48
1851.6	285.16
1851.95	276.88
1852.29	266.4
1852.63	258.72
1852.97	244.88
1853.31	233
1853.66	218.44
1854	207.68
1854.34	201.64
1854.68	207.84
1855.02	213.2
1855.36	215.16
1855.71	208.16
1856.05	201.08
1856.39	185.12
1856.73	169.68
1857.07	155.84
1857.41	149.68
1857.76	148.52
1858.1	143.64
1858.44	142.48
1858.78	146.4
1859.12	143.8
1859.46	141.08
1859.8	134
1860.15	128.44
1860.49	125.72
1860.83	128.6
1861.17	126.32
1861.51	123.44
1861.85	124.28
1862.19	109.8
1862.53	92.64
1862.88	84.16
1863.22	85.12
1863.56	82.12
1863.9	86.56
1864.24	93.2
1864.58	92.52
1864.92	88.48
1865.26	83.24
1865.6	82.4
1865.94	79
1866.29	74.52
1866.63	71.12
1866.97	71
1867.31	69.8
1867.65	64.76
1867.99	61.8
1868.33	59.6
1868.67	55.32
1869.01	54.48
1869.35	61.8
1869.69	66.88
1870.03	67.88
1870.37	68.12
1870.72	65.12
1871.06	56.12
1871.4	53.6
1871.74	53.44
1872.08	60
1872.42	69.32
1872.76	75.8
1873.1	73.32
1873.44	70.04
1873.78	65.4
1874.12	62.4
1874.46	67.48
1874.8	84.64
1875.14	85.72
1875.48	86.08
1875.82	84.2
1876.16	79.64
1876.5	64.72
1876.84	66.68
1877.18	71.12
1877.52	71.36
1877.86	74.04
1878.2	76.04
1878.54	81
1878.88	81.64
1879.22	90.88
1879.56	94.84
1879.9	100.16
1880.24	102.56
1880.58	104.64
1880.92	100.64
1881.26	98.8
1881.6	99.92
1881.94	102.32
1882.28	108.2
1882.62	112.92
1882.96	112.68
1883.3	105.12
1883.64	98
1883.98	90.2
1884.32	86.8
1884.66	90.24
1885	100.84
1885.34	109.92
1885.68	113.84
1886.02	114.52
1886.36	112.28
1886.7	113.2
1887.04	117.72
1887.38	125.64
1887.72	136.96
1888.06	144.92
1888.39	151.76
1888.73	160.96
1889.07	172.6
1889.41	167.36
1889.75	168
1890.09	165.84
1890.43	141.76
1890.77	122.68
1891.11	121.96
1891.45	122.16
1891.79	121.84
1892.13	141.72
1892.47	154.44
1892.8	164.84
1893.14	179
1893.48	192.16
1893.82	191.36
1894.16	188.84
1894.5	187.24
1894.84	177.36
1895.18	170.56
1895.52	174.72
1895.86	183.2
1896.19	187
1896.53	189.4
1896.87	188.64
1897.21	187.04
1897.55	185.88
1897.89	193.24
1898.23	196.92
1898.57	198.96
1898.9	199.52
1899.24	197.68
1899.58	196.32
1899.92	194.6
1900.26	193.72
1900.6	197.76
1900.94	198.28
1901.27	199.12
1901.61	200.4
1901.95	208.88
1902.29	210.28
1902.63	212.92
1902.97	208.72
1903.3	208.04
1903.64	204.68
1903.98	200.6
1904.32	197.96
1904.66	193.24
1905	191.76
1905.33	188.56
1905.67	195.28
1906.01	200.6
1906.35	202.32
1906.69	202
1907.02	204.52
1907.36	203.36
1907.7	202.76
1908.04	201.52
1908.38	201.88
1908.71	199.64
1909.05	195.08
1909.39	191.44
1909.73	192.68
1910.07	189.88
1910.4	187.36
1910.74	183.28
1911.08	185.48
1911.42	185.32
1911.76	187.64
1912.09	190.24
1912.43	197.24
1912.77	194.4
1913.11	194.12
1913.44	193.6
1913.78	191.32
1914.12	189.52
1914.46	188.92
1914.79	186.04
1915.13	183.76
1915.47	184.24
1915.81	178.44
1916.14	174.04
1916.48	170.84
1916.82	171.56
1917.16	166.72
1917.49	165.48
1917.83	163.92
1918.17	164.4
1918.5	161.36
1918.84	160.72
1919.18	159.48
1919.52	157.68
1919.85	155.28
1920.19	153.56
1920.53	151.76
1920.87	148.92
1921.2	148.48
1921.54	146.32
1921.88	143.92
1922.21	144.72
1922.55	146.08
1922.89	143.2
1923.22	141.6
1923.56	142.92
1923.9	139.8
1924.23	138.2
1924.57	138.48
1924.91	138.36
1925.25	135.36
1925.58	135.8
1925.92	134.8
1926.26	132.96
1926.59	131.44
1926.93	130.12
1927.27	126.04
1927.6	122.96
1927.94	123.92
1928.28	123.6
1928.61	122.32
1928.95	124.28
1929.29	126.68
1929.62	124.8
1929.96	125
1930.29	126.12
1930.63	124.8
1930.97	122.8
1931.3	122.24
1931.64	119.76
1931.98	116.32
1932.31	113.44
1932.65	111.92
1932.99	111.44
1933.32	111.76
1933.66	113.12
1933.99	113.88
1934.33	112.88
1934.67	113.12
1935	111
1935.34	109.88
1935.67	109.36
1936.01	108.36
1936.35	106.4
1936.68	106.52
1937.02	105.52
1937.35	106.64
1937.69	106.32
1938.03	104.72
1938.36	101.48
1938.7	101.52
1939.03	99.84
1939.37	99.8
1939.7	100.2
1940.04	100.88
1940.38	99.2
1940.71	98.76
1941.05	97.48
1941.38	95.84
1941.72	95.96
1942.05	95
1942.39	90.72
1942.73	89.96
1943.06	89.44
1943.4	89.08
1943.73	88.2
1944.07	88.2
1944.4	87
1944.74	84.92
1945.07	83.4
1945.41	80.88
1945.74	79.68
1946.08	76.8
1946.42	75.12
1946.75	74
1947.09	73.44
1947.42	72.04
1947.76	71.32
1948.09	72.08
1948.43	69.2
1948.76	68.2
1949.1	67.16
1949.43	66.2
1949.77	62.68
1950.1	62.44
1950.44	61.44
1950.77	62.92
1951.11	62.4
1951.44	62.2
1951.78	60.64
1952.11	58.2
1952.45	55.68
1952.78	54.96
1953.12	54.08
1953.45	53.44
1953.79	52.44
1954.12	52.4
1954.46	50.12
1954.79	48.52
1955.12	46.96
1955.46	46.64
1955.79	41.76
1956.13	41.48
1956.46	38.88
1956.8	36.68
1957.13	33.48
1957.47	33.52
1957.8	30.36
1958.14	30.4
1958.47	29.56
1958.8	29.12
1959.14	27.36
1959.47	26.48
1959.81	26.28
1960.14	25.64
1960.48	23.8
1960.81	23.08
1961.14	22.48
1961.48	20.56
1961.81	18
1962.15	18
1962.48	16.16
1962.82	15.08
1963.15	12.92
1963.48	12.2
1963.82	10.2
1964.15	9.24
1964.49	8.12
1964.82	7.28
1965.15	7.36
1965.49	7.8
1965.82	8.08
1966.16	7.44
1966.49	7.2
1966.82	6.28
1967.16	4.8
1967.49	4.12
1967.83	3.52
1968.16	3.84
1968.49	3.32
1968.83	3.56
1969.16	3.2
1969.49	3.16
1969.83	2.44
1970.16	2.32
1970.49	2.36
1970.83	2.36
1971.16	2.2
1971.5	1.44
1971.83	2.4
1972.16	2.32
1972.5	1.96
1972.83	2
1973.16	2.64
1973.5	1.96
1973.83	1.84
1974.16	2.28
1974.5	2.24
1974.83	2.08
1975.16	1.68
1975.5	1.92
1975.83	2.92
1976.16	3.36
1976.49	4.28
1976.83	5.32
1977.16	7.56
1977.49	7.84
1977.83	8.56
1978.16	8.24
1978.49	8.76
1978.83	9.24
1979.16	8.6
1979.49	9.32
1979.83	10.36
1980.16	9.68
1980.49	7.88
1980.82	9.08
1981.16	8.2
1981.49	8.64
1981.82	9.6
1982.15	10.24
1982.49	10.72
1982.82	11.84
1983.15	13.76
1983.49	14.72
1983.82	15.52
1984.15	14.36
1984.48	15.88
1984.82	14.12
1985.15	14.28
1985.48	14.96
1985.81	16.76
1986.15	16.4
1986.48	15.96
1986.81	15.88
1987.14	17.44
1987.48	17.36
1987.81	19.72
1988.14	22.64
1988.47	24.68
1988.81	25.84
1989.14	28.52
1989.47	28.68
1989.8	28.64
1990.13	29.24
1990.47	29.36
1990.8	27.36
1991.13	27.44
1991.46	28.64
1991.79	27.44
1992.13	27.16
1992.46	29.28
1992.79	30.08
1993.12	30.28
1993.45	31
1993.79	31
1994.12	30.84
1994.45	28.84
1994.78	27.52
1995.11	27.28
1995.45	27.32
1995.78	27.76
1996.11	28.24
1996.44	29.04
1996.77	30.04
1997.1	31.32
1997.44	31.92
1997.77	33.28
1998.1	33.68
1998.43	33.28
1998.76	30.88
1999.09	30
1999.43	28.64
1999.76	27.84
2000.09	28.28
2000.42	29.44
2000.75	27.2
2001.08	27.76
2001.41	27.88
2001.75	26.8
2002.08	25.72
2002.41	28.36
2002.74	28.04
2003.07	27.12
2003.4	27.44
2003.73	26.88
2004.06	25.12
2004.4	23.2
2004.73	22.04
2005.06	21.28
2005.39	21.52
2005.72	19.8
2006.05	19.68
2006.38	19.36
2006.71	19.16
2007.04	17.08
2007.37	16.72
2007.71	15.6
2008.04	14.72
2008.37	12.32
2008.7	12.48
2009.03	11.92
2009.36	11.24
2009.69	10.48
2010.02	10.28
2010.35	9.52
2010.68	10.12
2011.01	10.4
2011.34	10.28
2011.67	9.76
2012.01	9.28
2012.34	8.08
2012.67	7.6
2013	7
2013.33	6.96
2013.66	6.48
2013.99	6.44
2014.32	5.32
2014.65	5.04
2014.98	4.16
2015.31	3.64
2015.64	3.12
2015.97	3.8
2016.3	4.44
2016.63	5.08
2016.96	5.28
2017.29	4.28
2017.62	3.48
2017.95	2.56
2018.28	2.28
2018.61	2.76
2018.94	4
2019.27	4.16
2019.6	4.64
2019.93	4.28
2020.26	3.2
2020.59	2.16
2020.92	1.96
2021.25	1.4
2021.58	1.92
2021.91	2.6
2022.24	2.6
2022.57	2.52
2022.9	3.32
2023.23	3
2023.56	3.32
2023.89	3.92
2024.22	4.16
2024.55	3.24
2024.88	3.84
2025.21	3.16
2025.54	3.12
2025.87	2.96
2026.2	3.4
2026.53	2.6
2026.86	2.48
2027.19	2.36
2027.52	2.32
2027.85	2.08
2028.18	2.28
2028.51	2.32
2028.84	2.6
2029.16	2.24
2029.49	2.56
2029.82	2.76
2030.15	2.8
2030.48	1.84
2030.81	1.88
2031.14	2.28
2031.47	1.88
2031.8	2.24
2032.13	2.56
2032.46	3.12
2032.79	2.92
2033.12	3.72
2033.44	4.04
2033.77	5.08
2034.1	5.68
2034.43	5.64
2034.76	5.04
2035.09	4.68
2035.42	4.44
2035.75	3.44
2036.08	3.28
2036.41	3.52
2036.73	3.52
2037.06	3.04
2037.39	3.28
2037.72	3.24
2038.05	3.68
2038.38	3.2
2038.71	3.76
2039.04	2.6
2039.36	2.84
2039.69	2.44
2040.02	2.52
2040.35	1.96
2040.68	2.68
2041.01	2.92
2041.34	2.68
2041.66	2.32
2041.99	1.96
2042.32	2.64
2042.65	1.96
2042.98	2.08
2043.31	3
2043.63	3.68
2043.96	4.04
2044.29	4.56
2044.62	4.64
2044.95	4.52
2045.28	4.56
2045.6	4.88
2045.93	4.36
2046.26	4.12
2046.59	4.36
2046.92	4.16
2047.24	3.24
2047.57	3.28
2047.9	4.76
2048.23	4.2
2048.56	4.16
2048.88	4.2
2049.21	5.12
2049.54	3.44
2049.87	3.76
2050.2	3.88
2050.52	3.64
2050.85	2.72
2051.18	2.88
2051.51	2.88
2051.83	2.68
2052.16	3
2052.49	3.52
2052.82	3.84
2053.15	3.44
2053.47	3.12
2053.8	3.36
2054.13	2.68
2054.46	2.4
2054.78	2.36
2055.11	2.76
2055.44	2.8
2055.77	3.6
2056.09	3.6
2056.42	3.8
2056.75	4.04
2057.08	4.08
2057.4	3.88
2057.73	4.92
2058.06	4.64
2058.38	4.6
2058.71	4.2
2059.04	3.8
2059.37	2.88
2059.69	2.68
2060.02	2.64
2060.35	3.4
2060.67	4
2061	4.44
2061.33	4.84
2061.66	4.64
2061.98	4.44
2062.31	4.24
2062.64	3.76
2062.96	3.88
2063.29	3.72
2063.62	2.68
2063.94	2.56
2064.27	2.76
2064.6	1.76
2064.92	1.8
2065.25	2.44
2065.58	2.12
2065.91	1.76
2066.23	2.72
2066.56	2.36
2066.89	1.6
2067.21	1.48
2067.54	1.92
2067.87	1.96
2068.19	1.88
2068.52	1.88
2068.84	1.96
2069.17	1.68
2069.5	1.8
2069.82	1.8
2070.15	2.16
2070.48	2.16
2070.8	2.04
2071.13	2.28
2071.46	3.04
2071.78	2.72
2072.11	2.44
2072.43	2.08
2072.76	1.88
2073.09	1.4
2073.41	1.4
2073.74	2.32
2074.07	2.68
2074.39	2.32
2074.72	2.2
2075.04	2.44
2075.37	2.12
2075.7	2.32
2076.02	2.04
2076.35	3.28
2076.67	3.72
2077	3.28
2077.33	3.32
2077.65	3.28
2077.98	2.28
2078.3	1.84
2078.63	1.88
2078.95	1.28
2079.28	1.48
2079.61	1
2079.93	0.72
2080.26	0.88
2080.58	1.28
2080.91	1.4
2081.23	1.88
2081.56	2.08
2081.89	1.8
2082.21	2.04
2082.54	2
2082.86	1.64
2083.19	1.84
2083.51	1.96
2083.84	1.8
2084.16	1.84
2084.49	2.2
2084.81	2.08
2085.14	2.04
2085.46	2.44
2085.79	2.52
2086.12	2.28
2086.44	2.44
2086.77	2.88
2087.09	2.88
2087.42	2.36
2087.74	2.84
2088.07	2.8
2088.39	2.32
2088.72	1.6
2089.04	1.72
2089.37	1.44
2089.69	2
2090.02	2.32
2090.34	2.2
2090.67	2.24
2090.99	0.08
2091.32	-0.8
2091.64	-0.88
2091.97	0.08
2092.29	0.44
2092.62	2.76
2092.94	3.44
2093.26	3.8
2093.59	3.4
2093.91	2.08
2094.24	1.72
2094.56	1.48
2094.89	1.28
2095.21	1.24
2095.54	2.44
2095.86	3.16
2096.19	2.92
2096.51	2.72
2096.84	2.36
2097.16	2.36
2097.48	1.88
2097.81	1.64
2098.13	1.48
2098.46	1.36
2098.78	1.44
2099.11	1.64
2099.43	1.96
2099.75	2.08
2100.08	3
2100.4	3.32
2100.73	2.76
2101.05	2.92
2101.38	2.96
2101.7	2.08
2102.02	1.36
2102.35	1.56
2102.67	1.76
2103	1.4
2103.32	2.16
2103.64	2.2
2103.97	2.08
2104.29	2.08
2104.62	2.2
2104.94	1.6
2105.26	1.28
2105.59	1.2
2105.91	0.64
2106.23	0.6
2106.56	0.44
2106.88	0.88
2107.21	1.08
2107.53	1.52
2107.85	2.08
2108.18	2.32
2108.5	2.76
2108.82	2.96
2109.15	2.52
2109.47	2.36
2109.79	2.12
2110.12	1.48
2110.44	1.08
2110.76	1.08
2111.09	0.96
2111.41	0.96
2111.73	1.52
2112.06	1.84
2112.38	2.28
2112.7	2
2113.03	1.88
2113.35	2.52
2113.67	2.72
2114	2.24
2114.32	2.24
2114.64	2.68
2114.97	1.76
2115.29	1.64
2115.61	1.68
2115.94	2.16
2116.26	2.04
2116.58	1.76
2116.91	0.88
2117.23	0.96
2117.55	0.44
2117.87	6.27279e-17
2118.2	3.13639e-17
2118.52	0.56
2118.84	0.4
2119.17	0.72
2119.49	1.28
2119.81	1.44
2120.13	1.64
2120.46	2.08
2120.78	1.12
2121.1	0.68
2121.42	1.08
2121.75	1.36
2122.07	0.96
2122.39	1.52
2122.72	1.68
2123.04	1.92
2123.36	2
2123.68	2.4
2124.01	2.84
2124.33	2.56
2124.65	2.04
2124.97	1.76
2125.29	1.56
2125.62	1.24
2125.94	1.8
2126.26	1.84
2126.58	1.6
2126.91	0.68
2127.23	0.56
2127.55	0.6
2127.87	0.6
2128.2	0.36
2128.52	1.68
2128.84	1.88
2129.16	1.64
2129.48	1.52
2129.81	1.52
2130.13	1.12
2130.45	1.48
2130.77	1.2
2131.09	1.12
2131.42	1.12
2131.74	1.92
2132.06	1.64
2132.38	2.6
2132.7	2.88
2133.02	3.2
2133.35	2.52
2133.67	2.32
2133.99	1.28
2134.31	0.64
2134.63	0.32
2134.96	0.4
2135.28	0.36
2135.6	0.92
2135.92	1.56
2136.24	1.68
2136.56	1.24
2136.88	1.32
2137.21	1.28
2137.53	0.96
2137.85	0.88
2138.17	0.56
2138.49	0.52
2138.81	0.32
2139.13	0.76
2139.46	1.04
2139.78	1.4
2140.1	1.36
2140.42	1.04
2140.74	1.16
2141.06	0.88
2141.38	0.8
2141.7	1
2142.03	1.32
2142.35	1.04
2142.67	1.04
2142.99	1.84
2143.31	2
2143.63	1.8
2143.95	1.72
2144.27	2
2144.59	1.16
2144.91	0.76
2145.24	1.04
2145.56	0.72
2145.88	0.44
2146.2	0.48
2146.52	0.56
2146.84	0.6
2147.16	0.84
2147.48	1.16
2147.8	1.52
2148.12	1.48
2148.44	1.08
2148.76	0.84
2149.08	1.36
2149.41	1.32
2149.73	1.44
2150.05	1.64
2150.37	1.72
2150.69	1.12
2151.01	0.76
2151.33	0.6
2151.65	0.84
2151.97	1.08
2152.29	1.04
2152.61	0.64
2152.93	1
2153.25	1.08
2153.57	1.4
2153.89	1.52
2154.21	1.68
2154.53	1.52
2154.85	1.36
2155.17	0.76
2155.49	0.48
2155.81	0.92
2156.13	1.16
2156.45	0.96
2156.77	0.92
2157.09	1.4
2157.41	1.84
2157.73	1.68
2158.05	1.84
2158.37	2.72
2158.69	2.28
2159.01	1.72
2159.33	1.84
2159.65	1.76
2159.97	0.88
2160.29	1.8
2160.61	2.16
2160.93	2.16
2161.25	1.96
2161.57	2.84
2161.89	2.08
2162.21	2.12
2162.53	1.8
2162.85	1.16
2163.17	0.48
2163.49	0.4
2163.81	-0.04
2164.13	0.04
2164.45	0.2
2164.77	0.24
2165.08	0.4
2165.4	0.4
2165.72	0.32
2166.04	0.8
2166.36	0.84
2166.68	0.92
2167	1.24
2167.32	1.68
2167.64	1.6
2167.96	1.56
2168.28	1.28
2168.6	1.08
2168.92	1.04
2169.24	1.08
2169.55	1.04
2169.87	1.44
2170.19	1.68
2170.51	1.52
2170.83	1.48
2171.15	1.36
2171.47	0.96
2171.79	0.56
2172.11	0.52
2172.43	0.88
2172.74	1.8
2173.06	1.68
2173.38	1.68
2173.7	1.76
2174.02	1.76
2174.34	0.76
2174.66	0.96
2174.98	1.68
2175.29	1.32
2175.61	1.36
2175.93	1.52
2176.25	1.68
2176.57	1.04
2176.89	1.12
2177.21	1.08
2177.52	1.32
2177.84	1
2178.16	1.48
2178.48	1.56
2178.8	1.68
2179.12	1.72
2179.43	1.84
2179.75	0.48
2180.07	0.48
2180.39	0.16
2180.71	0.12
2181.03	0.36
2181.34	1.6
2181.66	1.52
2181.98	1.6
2182.3	1.48
2182.62	1.36
2182.93	0.8
2183.25	1.28
2183.57	1.04
2183.89	0.84
2184.21	0.6
2184.52	0.72
2184.84	0.6
2185.16	0.76
2185.48	0.92
2185.8	1.32
2186.11	1.32
2186.43	0.88
2186.75	0.8
2187.07	0.44
2187.39	-0.68
2187.7	-0.6
2188.02	-0.84
2188.34	-0.64
2188.66	-0.16
2188.97	0.72
2189.29	1.04
2189.61	1.56
2189.93	1.32
2190.24	1.08
2190.56	0.88
2190.88	0.88
2191.2	0.68
2191.51	1.08
2191.83	1
2192.15	1
2192.47	0.68
2192.78	0.64
2193.1	0.36
2193.42	0.32
2193.74	0.36
2194.05	0.36
2194.37	0.88
2194.69	0.8
2195	0.4
2195.32	0.48
2195.64	0.52
2195.96	-0.04
2196.27	0.28
2196.59	0.48
2196.91	0.64
2197.22	0.64
2197.54	0.68
2197.86	0.52
2198.18	0.96
2198.49	1.12
2198.81	1
2199.13	0.96
2199.44	1.04
2199.76	0.8
2200.08	0.72
2200.39	0.76
2200.71	0.8
2201.03	0.96
2201.34	0.96
2201.66	0.72
2201.98	1
2202.29	1.4
2202.61	0.92
2202.93	1.12
2203.24	1.04
2203.56	1.24
2203.88	0.88
2204.19	1
2204.51	1.04
2204.83	1.04
2205.14	0.52
2205.46	0.52
2205.78	0.48
2206.09	0.28
2206.41	0.08
2206.72	0.08
2207.04	0.08
2207.36	0.4
2207.67	0.48
2207.99	0.88
2208.31	1
2208.62	0.96
2208.94	0.6
2209.25	0.72
2209.57	0.64
2209.89	0.56
2210.2	0.52
2210.52	0.56
2210.83	0.44
2211.15	0.64
2211.47	1.08
2211.78	1.12
2212.1	0.68
2212.41	1.08
2212.73	1.28
2213.05	0.96
2213.36	0.96
2213.68	1.84
2213.99	1.36
2214.31	0.84
2214.62	0.68
2214.94	0.8
2215.26	1.08
2215.57	1.72
2215.89	1.64
2216.2	1.64
2216.52	1.56
2216.83	1.04
2217.15	0.8
2217.46	1
2217.78	1.68
2218.1	1.44
2218.41	1.36
2218.73	1.16
2219.04	1.04
2219.36	0.36
2219.67	0.92
2219.99	0.72
2220.3	1
2220.62	0.92
2220.93	1.32
2221.25	1
2221.56	1
2221.88	0.52
2222.19	1.04
2222.51	1.08
2222.82	-0.16
2223.14	0.24
2223.45	0.36
2223.77	-0.04
2224.08	-0.44
2224.4	0.72
2224.71	0.4
2225.03	0.52
2225.34	0.64
2225.66	-0.36
2225.97	0.12
2226.29	0.2
2226.6	0.28
2226.92	0.2
2227.23	1.52
2227.55	1.28
2227.86	1.48
2228.18	1.16
2228.49	1.32
2228.81	1.12
2229.12	1.04
2229.44	0.92
2229.75	1
2230.07	0.96
2230.38	0.8
2230.69	0.64
2231.01	0.64
2231.32	0.52
2231.64	0.28
2231.95	0.32
2232.27	0.32
2232.58	0.52
2232.9	0.64
2233.21	1
2233.52	1.4
2233.84	1.4
2234.15	1.12
2234.47	1.4
2234.78	1.08
2235.1	0.72
2235.41	1.16
2235.72	1.52
2236.04	1.2
2236.35	1.16
2236.67	0.48
2236.98	0.08
2237.29	-0.36
2237.61	-0.12
2237.92	-0.16
2238.24	0.68
2238.55	0.64
2238.86	0.64
2239.18	0.52
2239.49	-0.04
2239.8	-0.04
2240.12	3.83028e-17
2240.43	0.64
2240.75	0.44
2241.06	1.12
2241.37	1.28
2241.69	1.48
2242	0.88
2242.31	0.88
2242.63	0.76
2242.94	0.44
2243.26	-0.36
2243.57	-0.44
2243.88	-0.36
2244.2	-0.28
2244.51	-0.28
2244.82	0.68
2245.14	0.88
2245.45	1.24
2245.76	1.24
2246.08	1.16
2246.39	1.16
2246.7	1.16
2247.02	0.8
2247.33	1.04
2247.64	1.72
2247.96	1.56
2248.27	1.56
2248.58	0.72
2248.9	0.64
2249.21	-0.04
2249.52	0.04
2249.83	0.12
2250.15	1.08
2250.46	1.12
2250.77	1.24
2251.09	1.4
2251.4	1.08
2251.71	0.96
2252.03	0.92
2252.34	1.12
2252.65	0.72
2252.96	0.88
2253.28	1.28
2253.59	1.24
2253.9	1.04
2254.21	1.08
2254.53	1
2254.84	0.6
2255.15	0.68
2255.47	0.76
2255.78	0.76
2256.09	0.84
2256.4	0.84
2256.72	0.68
2257.03	0.56
2257.34	0.64
2257.65	1.04
2257.97	0.96
2258.28	0.88
2258.59	0.8
2258.9	1.08
2259.22	0.76
2259.53	1.36
2259.84	1.48
2260.15	1.76
2260.46	1.32
2260.78	1.12
2261.09	0.72
2261.4	1.08
2261.71	1.28
2262.03	1.32
2262.34	1.48
2262.65	1.32
2262.96	0.92
2263.27	1.16
2263.59	1.08
2263.9	0.88
2264.21	0.88
2264.52	1.08
2264.83	0.4
2265.15	0.44
2265.46	0.76
2265.77	0.8
2266.08	0.48
2266.39	0.8
2266.7	0.92
2267.02	0.84
2267.33	0.6
2267.64	0.6
2267.95	0.4
2268.26	0.52
2268.57	0.28
2268.89	0.48
2269.2	1.08
2269.51	1
2269.82	0.88
2270.13	1.04
2270.44	1.28
2270.76	0.56
2271.07	0.72
2271.38	-0.04
2271.69	-0.04
2272	-0.12
2272.31	0.28
2272.62	-0.76
2272.93	0.16
2273.25	-2.66443e-17
2273.56	-0.2
2273.87	-0.12
2274.18	0.88
2274.49	0.56
2274.8	0.92
2275.11	0.96
2275.42	0.64
2275.74	0.44
2276.05	0.68
2276.36	0.72
2276.67	0.88
2276.98	0.88
2277.29	1.24
2277.6	1
2277.91	0.92
2278.22	0.56
2278.53	0.52
2278.85	0.24
2279.16	-0.44
2279.47	-0.72
2279.78	-0.4
2280.09	0.08
2280.4	0.16
2280.71	0.92
2281.02	0.92
2281.33	0.8
2281.64	0.32
2281.95	0.24
2282.26	0.44
2282.57	0.68
2282.88	0.64
2283.19	0.64
2283.5	1
2283.82	0.76
2284.13	1.12
2284.44	1.84
2284.75	1.48
2285.06	1.16
2285.37	1.32
2285.68	0.72
2285.99	0.28
2286.3	0.8
2286.61	0.76
2286.92	0.72
2287.23	0.88
2287.54	1.2
2287.85	1.72
2288.16	1.8
2288.47	1.8
2288.78	1.68
2289.09	1.12
2289.4	0.56
2289.71	0.44
2290.02	0.36
2290.33	0.48
2290.64	0.6
2290.95	0.28
2291.26	0.6
2291.57	0.6
2291.88	0.12
2292.19	-0.04
2292.5	0.16
2292.81	-0.2
2293.12	-0.28
2293.43	0
2293.74	0
2294.05	0
2294.36	0
2294.67	0
2294.98	0
2295.29	0
2295.6	0
2295.91	0
2296.21	0
2296.52	0
2296.83	0
2297.14	0
2297.45	0
2297.76	0
2298.07	0
2298.38	0
2298.69	0
2299	0
2299.31	0
2299.62	0
2299.93	0
2300.24	0
2300.55	0
2300.85	0
2301.16	0
2301.47	0
2301.78	0
2302.09	0
2302.4	0
2302.71	0
2303.02	0
2303.33	0
2303.64	0
2303.94	0
2304.25	0
2304.56	0
2304.87	0
2305.18	0
2305.49	0
2305.8	0
2306.11	0
2306.42	0
2306.72	0
2307.03	0
2307.34	0
2307.65	0
2307.96	0
2308.27	0
2308.58	0
2308.88	0
2309.19	0
2309.5	0
2309.81	0
2310.12	0
2310.43	0
2310.74	0
2311.04	0
2311.35	0
2311.66	0
2311.97	0
2312.28	0
2312.59	0
2312.89	0
2313.2	0
2313.51	0
2313.82	0
2314.13	0
2314.43	0
2314.74	0
2315.05	0
2315.36	0
2315.67	0
2315.97	0
2316.28	0
2316.59	0
2316.9	0
2317.21	0
2317.51	0
2317.82	0
2318.13	0
2318.44	0
2318.75	0
2319.05	0
2319.36	0
2319.67	0
2319.98	0
2320.28	0
2320.59	0
2320.9	0
2321.21	0
2321.51	0
2321.82	0
2322.13	0
2322.44	0
2322.74	0
2323.05	0
2323.36	0
2323.67	0
2323.97	0
2324.28	0
2324.59	0
2324.9	0
2325.2	0
2325.51	0
2325.82	0
2326.13	0
2326.43	0
2326.74	0
2327.05	0
2327.35	0
2327.66	0
2327.97	0
2328.27	0
2328.58	0
2328.89	0
2329.2	0
2329.5	0
2329.81	0
2330.12	0
2330.42	0
2330.73	0
2331.04	0
2331.34	0
2331.65	0
2331.96	0
2332.26	0
2332.57	0
2332.88	0
2333.18	0
2333.49	0
2333.8	0
2334.1	0
2334.41	0
2334.72	0
2335.02	0
2335.33	0
2335.64	0
2335.94	0
2336.25	0
2336.56	0
2336.86	0
2337.17	0
2337.48	0
2337.78	0
2338.09	0
2338.39	0
2338.7	0
2339.01	0
2339.31	0
2339.62	0
2339.93	0
2340.23	0
2340.54	0
2340.84	0
2341.15	0
2341.46	0
2341.76	0
2342.07	0
2342.37	0
2342.68	0
2342.99	0
2343.29	0
2343.6	0
2343.9	0
2344.21	0
2344.51	0
2344.82	0
2345.13	0
2345.43	0
2345.74	0
2346.04	0
2346.35	0
2346.65	0
2346.96	0
2347.27	0
2347.57	0
2347.88	0
2348.18	0
2348.49	0
2348.79	0
2349.1	0
2349.4	0
2349.71	0
2350.01	0
2350.32	0
2350.63	0
2350.93	0
2351.24	0
2351.54	0
2351.85	0
2352.15	0
2352.46	0
2352.76	0
2353.07	0
2353.37	0
2353.68	0
2353.98	0
2354.29	0
2354.59	0
2354.9	0
2355.2	0
2355.51	0
2355.81	0
2356.12	0
2356.42	0
2356.73	0
2357.03	0
2357.34	0
2357.64	0
2357.95	0
2358.25	0
2358.55	0
2358.86	0
2359.16	0
2359.47	0
2359.77	0
2360.08	0
2360.38	0
2360.69	0
2360.99	0
2361.3	0
2361.6	0
2361.9	0
2362.21	0
2362.51	0
2362.82	0
2363.12	0
2363.43	0
2363.73	0
2364.04	0
2364.34	0
2364.64	0
2364.95	0
2365.25	0
2365.56	0
2365.86	0
2366.16	0
2366.47	0
2366.77	0
2367.08	0
2367.38	0
2367.68	0
2367.99	0
2368.29	0
2368.6	0
2368.9	0
2369.2	0
2369.51	0
2369.81	0
2370.12	0
2370.42	0
2370.72	0
2371.03	0
2371.33	0
2371.63	0
2371.94	0
2372.24	0
2372.55	0
2372.85	0
2373.15	0
2373.46	0
2373.76	0
2374.06	0
2374.37	0
2374.67	0
2374.97	0
2375.28	0
2375.58	0
2375.88	0
2376.19	0
2376.49	0
2376.79	0
2377.1	0
2377.4	0
2377.7	0
2378.01	0
2378.31	0
2378.61	0
2378.92	0
2379.22	0
2379.52	0
2379.82	0
2380.13	0
2380.43	0
2380.73	0
2381.04	0
2381.34	0
2381.64	0
2381.95	0
2382.25	0
2382.55	0
2382.85	0
2383.16	0
2383.46	0
2383.76	0
2384.06	0
2384.37	0
2384.67	0
2384.97	0
2385.28	0
2385.58	0
2385.88	0
2386.18	0
2386.49	0
2386.79	0
2387.09	0
2387.39	0
2387.69	0
2388	0
2388.3	0
2388.6	0
2388.9	0
2389.21	0
2389.51	0
2389.81	0
2390.11	0
2390.42	0
2390.72	0
2391.02	0
2391.32	0
2391.62	0
2391.93	0
2392.23	0
2392.53	0
2392.83	0
2393.13	0
2393.44	0
2393.74	0
2394.04	0
2394.34	0
2394.64	0
2394.95	0
2395.25	0
2395.55	0
2395.85	0
2396.15	0
2396.45	0
2396.76	0
2397.06	0
2397.36	0
2397.66	0
2397.96	0
2398.26	0
2398.57	0
2398.87	0
2399.17	0
2399.47	0
2399.77	0
2400.07	0
2400.37	0
2400.68	0
2400.98	0
2401.28	0
2401.58	0
2401.88	0
2402.18	0
2402.48	0
2402.79	0
2403.09	0
2403.39	0
2403.69	0
2403.99	0
2404.29	0
2404.59	0
2404.89	0
2405.19	0
2405.5	0
2405.8	0
2406.1	0
2406.4	0
2406.7	0
2407	0
2407.3	0
2407.6	0
2407.9	0
2408.2	0
2408.5	0
2408.8	0
2409.11	0
2409.41	0
2409.71	0
2410.01	0
2410.31	0
2410.61	0
2410.91	0
2411.21	0
2411.51	0
2411.81	0
2412.11	0
2412.41	0
2412.71	0
2413.01	0
2413.31	0
2413.61	0
2413.91	0
2414.21	0
2414.51	0
2414.81	0
2415.12	0
2415.42	0
2415.72	0
2416.02	0
2416.32	0
2416.62	0
2416.92	0
2417.22	0
2417.52	0
2417.82	0
2418.12	0
2418.42	0
2418.72	0
2419.02	0
2419.32	0
2419.62	0
2419.92	0
2420.22	0
2420.52	0
2420.82	0
2421.12	0
2421.42	0
2421.71	0
2422.01	0
2422.31	0
2422.61	0
2422.91	0
2423.21	0
2423.51	0
2423.81	0
2424.11	0
2424.41	0
2424.71	0
2425.01	0
2425.31	0
2425.61	0
2425.91	0
2426.21	0
2426.51	0
2426.81	0
2427.11	0
2427.41	0
2427.7	0
2428	0
2428.3	0
2428.6	0
2428.9	0
2429.2	0
2429.5	0
2429.8	0
2430.1	0
2430.4	0
2430.7	0
2430.99	0
2431.29	0
2431.59	0
2431.89	0
2432.19	0
2432.49	0
2432.79	0
2433.09	0
2433.39	0
2433.68	0
2433.98	0
2434.28	0
2434.58	0
2434.88	0
2435.18	0
2435.48	0
2435.78	0
2436.07	0
2436.37	0
2436.67	0
2436.97	0
2437.27	0
2437.57	0
2437.86	0
2438.16	0
2438.46	0
2438.76	0
2439.06	0
2439.36	0
2439.66	0
2439.95	0
2440.25	0
2440.55	0
2440.85	0
2441.15	0
2441.44	0
2441.74	0
2442.04	0
2442.34	0
2442.64	0
2442.93	0
2443.23	0
2443.53	0
2443.83	0
2444.13	0
2444.42	0
2444.72	0
2445.02	0
2445.32	0
2445.62	0
2445.91	0
2446.21	0
2446.51	0
2446.81	0
2447.1	0
2447.4	0
2447.7	0
2448	0
2448.3	0
2448.59	0
2448.89	0
2449.19	0
2449.49	0
2449.78	0
2450.08	0
2450.38	0
2450.68	0
2450.97	0
2451.27	0
2451.57	0
2451.87	0
2452.16	0
2452.46	0
2452.76	0
2453.05	0
2453.35	0
2453.65	0
2453.95	0
2454.24	0
2454.54	0
2454.84	0
2455.13	0
2455.43	0
2455.73	0
2456.03	0
2456.32	0
2456.62	0
2456.92	0
2457.21	0
2457.51	0
2457.81	0
2458.1	0
2458.4	0
2458.7	0
2458.99	0
2459.29	0
2459.59	0
2459.88	0
2460.18	0
2460.48	0
2460.77	0
2461.07	0
2461.37	0
2461.66	0
2461.96	0
2462.26	0
2462.55	0
2462.85	0
2463.15	0
2463.44	0
2463.74	0
2464.04	0
2464.33	0
2464.63	0
2464.92	0
2465.22	0
2465.52	0
2465.81	0
2466.11	0
2466.41	0
2466.7	0
2467	0
2467.29	0
2467.59	0
2467.89	0
2468.18	0
2468.48	0
2468.77	0
2469.07	0
2469.37	0
2469.66	0
2469.96	0
2470.25	0
2470.55	0
2470.84	0
2471.14	0
2471.44	0
2471.73	0
2472.03	0
2472.32	0
2472.62	0
2472.91	0
2473.21	0
2473.51	0
2473.8	0
2474.1	0
2474.39	0
2474.69	0
2474.98	0
2475.28	0
2475.57	0
2475.87	0
2476.17	0
2476.46	0
2476.76	0
2477.05	0
2477.35	0
2477.64	0
2477.94	0
2478.23	0
2478.53	0
2478.82	0
2479.12	0
2479.41	0
2479.71	0
2480	0
2480.3	0
2480.59	0
2480.89	0
2481.18	0
2481.48	0
2481.77	0
2482.07	0
2482.36	0
2482.66	0
2482.95	0
2483.25	0
2483.54	0
2483.84	0
2484.13	0
2484.43	0
2484.72	0
2485.02	0
2485.31	0
2485.6	0
2485.9	0
2486.19	0
2486.49	0
2486.78	0
2487.08	0
2487.37	0
2487.67	0
2487.96	0
2488.26	0
2488.55	0
2488.84	0
2489.14	0
2489.43	0
2489.73	0
2490.02	0
2490.32	0
2490.61	0
2490.9	0
2491.2	0
2491.49	0
2491.79	0
2492.08	0
2492.37	0
2492.67	0
2492.96	0
2493.26	0
2493.55	0
2493.84	0
2494.14	0
2494.43	0
2494.73	0
2495.02	0
2495.31	0
2495.61	0
2495.9	0
2496.2	0
2496.49	0
2496.78	0
2497.08	0
2497.37	0
2497.66	0
2497.96	0
2498.25	0
2498.54	0
2498.84	0
2499.13	0
2499.43	0
2499.72	0
2500.01	0
2500.31	0
2500.6	0
2500.89	0
2501.19	0
2501.48	0
2501.77	0
2502.07	0
2502.36	0
2502.65	0
2502.95	0
2503.24	0
2503.53	0
2503.82	0
2504.12	0
2504.41	0
2504.7	0
2505	0
2505.29	0
2505.58	0
2505.88	0
2506.17	0
2506.46	0
2506.76	0
2507.05	0
2507.34	0
2507.63	0
2507.93	0
2508.22	0
2508.51	0
2508.8	0
2509.1	0
2509.39	0
2509.68	0
2509.98	0
2510.27	0
2510.56	0
2510.85	0
2511.15	0
2511.44	0
2511.73	0
2512.02	0
2512.32	0
2512.61	0
2512.9	0
2513.19	0
2513.49	0
2513.78	0
2514.07	0
2514.36	0
2514.65	0
2514.95	0
2515.24	0
2515.53	0
2515.82	0
2516.12	0
2516.41	0
2516.7	0
2516.99	0
2517.28	0
2517.58	0
2517.87	0
2518.16	0
2518.45	0
2518.74	0
2519.04	0
2519.33	0
2519.62	0
2519.91	0
2520.2	0
2520.5	0
2520.79	0
2521.08	0
2521.37	0
2521.66	0
2521.95	0
2522.25	0
2522.54	0
2522.83	0
2523.12	0
2523.41	0
2523.7	0
2523.99	0
2524.29	0
2524.58	0
2524.87	0
2525.16	0
2525.45	0
2525.74	0
2526.03	0
2526.33	0
2526.62	0
2526.91	0
2527.2	0
2527.49	0
2527.78	0
2528.07	0
2528.36	0
2528.66	0
2528.95	0
2529.24	0
2529.53	0
2529.82	0
2530.11	0
2530.4	0
2530.69	0
2530.98	0
2531.27	0
2531.57	0
2531.86	0
2532.15	0
2532.44	0
2532.73	0
2533.02	0
2533.31	0
2533.6	0
2533.89	0
2534.18	0
2534.47	0
2534.76	0
2535.05	0
2535.35	0
2535.64	0
2535.93	0
2536.22	0
2536.51	0
2536.8	0
2537.09	0
2537.38	0
2537.67	0
2537.96	0
2538.25	0
2538.54	0
2538.83	0
2539.12	0
2539.41	0
2539.7	0
2539.99	0
2540.28	0
2540.57	0
2540.86	0
2541.15	0
2541.44	0
2541.73	0
2542.02	0
2542.31	0
2542.6	0
2542.89	0
2543.18	0
2543.47	0
2543.76	0
2544.05	0
2544.34	0
2544.63	0
2544.92	0
2545.21	0
2545.5	0
2545.79	0
2546.08	0
2546.37	0
2546.66	0
2546.95	0
2547.24	0
2547.53	0
2547.82	0
2548.11	0
2548.4	0
2548.69	0
2548.98	0
2549.27	0
2549.55	0
2549.84	0
2550.13	0
2550.42	0
2550.71	0
2551	0
2551.29	0
2551.58	0
2551.87	0
2552.16	0
2552.45	0
2552.74	0
2553.03	0
2553.31	0
2553.6	0
2553.89	0
2554.18	0
2554.47	0
2554.76	0
2555.05	0
2555.34	0
2555.63	0
2555.92	0
2556.2	0
2556.49	0
2556.78	0
2557.07	0
2557.36	0
2557.65	0
2557.94	0
2558.23	0
2558.51	0
2558.8	0
2559.09	0
2559.38	0
2559.67	0
2559.96	0
2560.25	0
2560.53	0
2560.82	0
2561.11	0
2561.4	0
2561.69	0
2561.98	0
2562.27	0
2562.55	0
2562.84	0
2563.13	0
2563.42	0
2563.71	0
2564	0
2564.28	0
2564.57	0
2564.86	0
2565.15	0
2565.44	0
2565.72	0
2566.01	0
2566.3	0
2566.59	0
2566.88	0
2567.16	0
2567.45	0
2567.74	0
2568.03	0
2568.32	0
2568.6	0
2568.89	0
2569.18	0
2569.47	0
2569.75	0

