Source: Spectrum Viewer

Chart: Pulse Spectrum

Series: 
Wavelength (nm)	S (a.u.)
1179.9	0
1180.29	0
1180.68	0
1181.06	0
1181.45	0
1181.83	0
1182.22	0
1182.6	0
1182.99	0
1183.38	0
1183.76	0
1184.15	0
1184.53	0
1184.92	0
1185.3	0
1185.69	0
1186.07	0
1186.46	0
1186.85	0
1187.23	0
1187.62	0
1188	0
1188.39	0
1188.77	0
1189.16	0
1189.54	0
1189.93	0
1190.31	0
1190.7	0
1191.08	0
1191.47	0
1191.85	0
1192.24	0
1192.62	0
1193.01	0
1193.39	0
1193.78	0
1194.16	0
1194.55	0
1194.93	0
1195.32	0
1195.7	0
1196.09	0
1196.47	0
1196.86	0
1197.24	0
1197.63	0
1198.01	0
1198.4	0
1198.78	0
1199.16	0
1199.55	0
1199.93	0
1200.32	0
1200.7	0
1201.09	0
1201.47	0
1201.86	0
1202.24	0
1202.63	0
1203.01	0
1203.39	0
1203.78	0
1204.16	0
1204.55	0
1204.93	0
1205.32	0
1205.7	0
1206.08	0
1206.47	0
1206.85	0
1207.24	0
1207.62	0
1208	0
1208.39	0
1208.77	0
1209.16	0
1209.54	0
1209.92	0
1210.31	0
1210.69	0
1211.08	0
1211.46	0
1211.84	0
1212.23	0
1212.61	0
1213	0
1213.38	0
1213.76	0
1214.15	0
1214.53	0
1214.91	0
1215.3	0
1215.68	0
1216.06	0
1216.45	0
1216.83	0
1217.22	0
1217.6	0
1217.98	0
1218.37	0
1218.75	0
1219.13	0
1219.52	0
1219.9	0
1220.28	0
1220.67	0
1221.05	0
1221.43	0
1221.82	0
1222.2	0
1222.58	0
1222.97	0
1223.35	0
1223.73	0
1224.11	0
1224.5	0
1224.88	0
1225.26	0
1225.65	0
1226.03	0
1226.41	0
1226.8	0
1227.18	0
1227.56	0
1227.94	0
1228.33	0
1228.71	0
1229.09	0
1229.47	0
1229.86	0
1230.24	0
1230.62	0
1231.01	0
1231.39	0
1231.77	0
1232.15	0
1232.54	0
1232.92	0
1233.3	0
1233.68	0
1234.07	0
1234.45	0
1234.83	0
1235.21	0
1235.6	0
1235.98	0
1236.36	0
1236.74	0
1237.12	0
1237.51	0
1237.89	0
1238.27	0
1238.65	0
1239.04	0
1239.42	0
1239.8	0
1240.18	0
1240.56	0
1240.95	0
1241.33	0
1241.71	0
1242.09	0
1242.47	0
1242.86	0
1243.24	0
1243.62	0
1244	0
1244.38	0
1244.77	0
1245.15	0
1245.53	0
1245.91	0
1246.29	0
1246.67	0
1247.06	0
1247.44	0
1247.82	0
1248.2	0
1248.58	0
1248.96	0
1249.34	0
1249.73	0
1250.11	0
1250.49	0
1250.87	0
1251.25	0
1251.63	0
1252.01	0
1252.4	0
1252.78	0
1253.16	0
1253.54	0
1253.92	0
1254.3	0
1254.68	0
1255.06	0
1255.45	0
1255.83	0
1256.21	0
1256.59	0
1256.97	0
1257.35	0
1257.73	0
1258.11	0
1258.49	0
1258.87	0
1259.26	0
1259.64	0
1260.02	0
1260.4	0
1260.78	0
1261.16	0
1261.54	0
1261.92	0
1262.3	0
1262.68	0
1263.06	0
1263.44	0
1263.82	0
1264.21	0
1264.59	0
1264.97	0
1265.35	0
1265.73	0
1266.11	0
1266.49	0
1266.87	0
1267.25	0
1267.63	0
1268.01	0
1268.39	0
1268.77	0
1269.15	0
1269.53	0
1269.91	0
1270.29	0
1270.67	0
1271.05	0
1271.43	0
1271.81	0
1272.19	0
1272.57	0
1272.95	0
1273.33	0
1273.71	0
1274.09	0
1274.47	0
1274.85	0
1275.23	0
1275.61	0
1275.99	0
1276.37	0
1276.75	0
1277.13	0
1277.51	0
1277.89	0
1278.27	0
1278.65	0
1279.03	0
1279.41	0
1279.79	0
1280.17	0
1280.55	0
1280.93	0
1281.31	0
1281.69	0
1282.07	0
1282.45	0
1282.82	0
1283.2	0
1283.58	0
1283.96	0
1284.34	0
1284.72	0
1285.1	0
1285.48	0
1285.86	0
1286.24	0
1286.62	0
1287	0
1287.38	0
1287.75	0
1288.13	0
1288.51	0
1288.89	0
1289.27	0
1289.65	0
1290.03	0
1290.41	0
1290.79	0
1291.17	0
1291.54	0
1291.92	0
1292.3	0
1292.68	0
1293.06	0
1293.44	0
1293.82	0
1294.2	0
1294.57	0
1294.95	0
1295.33	0
1295.71	0
1296.09	0
1296.47	0
1296.85	0
1297.22	0
1297.6	0
1297.98	0
1298.36	0
1298.74	0
1299.12	0
1299.5	0
1299.87	0
1300.25	0
1300.63	0
1301.01	0
1301.39	0
1301.77	0
1302.14	0
1302.52	0
1302.9	0
1303.28	0
1303.66	0
1304.03	0
1304.41	0
1304.79	0
1305.17	0
1305.55	0
1305.92	0
1306.3	0
1306.68	0
1307.06	0
1307.44	0
1307.81	0
1308.19	0
1308.57	0
1308.95	0
1309.32	0
1309.7	0
1310.08	0
1310.46	0
1310.84	0
1311.21	0
1311.59	0
1311.97	0
1312.35	0
1312.72	0
1313.1	0
1313.48	0
1313.86	0
1314.23	0
1314.61	0
1314.99	0
1315.37	0
1315.74	0
1316.12	0
1316.5	0
1316.87	0
1317.25	0
1317.63	0
1318.01	0
1318.38	0
1318.76	0
1319.14	0
1319.52	0
1319.89	0
1320.27	0
1320.65	0
1321.02	0
1321.4	0
1321.78	0
1322.15	0
1322.53	0
1322.91	0
1323.29	0
1323.66	0
1324.04	0
1324.42	0
1324.79	0
1325.17	0
1325.55	0
1325.92	0
1326.3	0
1326.68	0
1327.05	0
1327.43	0
1327.81	0
1328.18	0
1328.56	0
1328.94	0
1329.31	0
1329.69	0
1330.06	0
1330.44	0
1330.82	0
1331.19	0
1331.57	0
1331.95	0
1332.32	0
1332.7	0
1333.08	0
1333.45	0
1333.83	0
1334.2	0
1334.58	0
1334.96	0
1335.33	0
1335.71	0
1336.08	0
1336.46	0
1336.84	0
1337.21	0
1337.59	0
1337.96	0
1338.34	0
1338.72	0
1339.09	0
1339.47	0
1339.84	0
1340.22	0
1340.6	0
1340.97	0
1341.35	0
1341.72	0
1342.1	0
1342.47	0
1342.85	0
1343.23	0
1343.6	0
1343.98	0
1344.35	0
1344.73	0
1345.1	0
1345.48	0
1345.85	0
1346.23	0
1346.61	0
1346.98	0
1347.36	0
1347.73	0
1348.11	0
1348.48	0
1348.86	0
1349.23	0
1349.61	0
1349.98	0
1350.36	0
1350.73	0
1351.11	0
1351.48	0
1351.86	0
1352.23	0
1352.61	0
1352.98	0
1353.36	0
1353.73	0
1354.11	0
1354.48	0
1354.86	0
1355.23	0
1355.61	0
1355.98	0
1356.36	0
1356.73	0
1357.11	0
1357.48	0
1357.86	0
1358.23	0
1358.61	0
1358.98	0
1359.35	0
1359.73	0
1360.1	0
1360.48	0
1360.85	0
1361.23	0
1361.6	0
1361.98	0
1362.35	0
1362.72	0
1363.1	0
1363.47	0
1363.85	0
1364.22	0
1364.6	0
1364.97	0
1365.34	0
1365.72	0
1366.09	0
1366.47	0
1366.84	0
1367.22	0
1367.59	0
1367.96	0
1368.34	0
1368.71	0
1369.09	0.12
1369.46	-0.88
1369.83	-0.88
1370.21	-0.88
1370.58	-0.88
1370.96	-1
1371.33	0.08
1371.7	0.08
1372.08	0.08
1372.45	0.08
1372.82	0.08
1373.2	0
1373.57	0
1373.95	0.04
1374.32	0.04
1374.69	0.2
1375.07	0.28
1375.44	0.4
1375.81	0.4
1376.19	0.4
1376.56	0.24
1376.93	0.16
1377.31	0.04
1377.68	0
1378.05	0
1378.43	0
1378.8	0.08
1379.17	0.12
1379.55	0.56
1379.92	0.64
1380.29	0.64
1380.67	0.56
1381.04	0.72
1381.41	0.28
1381.79	0.28
1382.16	0.44
1382.53	0.8
1382.91	-0.16
1383.28	-0.16
1383.65	-0.24
1384.03	-0.36
1384.4	-0.72
1384.77	0.04
1385.14	0.04
1385.52	0.04
1385.89	0
1386.26	0
1386.64	0
1387.01	0
1387.38	0
1387.75	0.04
1388.13	0.04
1388.5	0.12
1388.87	0.2
1389.25	0.2
1389.62	-0.04
1389.99	-0.24
1390.36	-0.28
1390.74	-0.36
1391.11	-0.36
1391.48	-0.16
1391.85	0.16
1392.23	0.12
1392.6	0.12
1392.97	0.12
1393.34	0.12
1393.72	0.08
1394.09	0.08
1394.46	0.68
1394.83	0.68
1395.21	0.68
1395.58	0.8
1395.95	0.8
1396.32	0.2
1396.69	0.2
1397.07	0.2
1397.44	0
1397.81	0
1398.18	0
1398.55	0
1398.93	0.16
1399.3	0.16
1399.67	0.16
1400.04	0.36
1400.41	0.36
1400.79	0.2
1401.16	0.2
1401.53	0.2
1401.9	0
1402.27	0
1402.65	0.04
1403.02	0.04
1403.39	0.04
1403.76	-0.36
1404.13	-0.36
1404.51	-0.28
1404.88	-0.28
1405.25	-0.24
1405.62	0.16
1405.99	0.16
1406.36	0.08
1406.74	0.08
1407.11	0.04
1407.48	0.12
1407.85	-1.08
1408.22	-1.12
1408.59	-1.12
1408.96	-1.12
1409.34	-0.92
1409.71	0.28
1410.08	0.28
1410.45	0.28
1410.82	0.4
1411.19	0.12
1411.56	0.12
1411.93	0.12
1412.31	0.12
1412.68	0
1413.05	0
1413.42	0
1413.79	0
1414.16	-0.16
1414.53	-0.16
1414.9	-0.36
1415.27	-0.36
1415.65	-0.36
1416.02	-0.16
1416.39	-0.08
1416.76	0.12
1417.13	0.12
1417.5	0.16
1417.87	0.12
1418.24	0.04
1418.61	0.04
1418.98	0.2
1419.35	0.16
1419.73	0.28
1420.1	0.28
1420.47	0.28
1420.84	0.12
1421.21	0.12
1421.58	0
1421.95	0
1422.32	0
1422.69	0
1423.06	0
1423.43	0.04
1423.8	0.04
1424.17	0.04
1424.54	0.12
1424.91	0.12
1425.28	0.24
1425.65	0.24
1426.02	0.48
1426.39	0.4
1426.76	-0.2
1427.14	-0.24
1427.51	-0.24
1427.88	-0.48
1428.25	-0.48
1428.62	0.12
1428.99	0
1429.36	0
1429.73	0
1430.1	0
1430.47	0
1430.84	0
1431.21	0
1431.58	0
1431.95	0
1432.32	-0.2
1432.69	-0.2
1433.06	-0.2
1433.43	-0.08
1433.8	0.12
1434.17	0.32
1434.54	0.36
1434.91	0.44
1435.28	0.32
1435.64	0.12
1436.01	-0.44
1436.38	-0.48
1436.75	-0.56
1437.12	-0.56
1437.49	-0.4
1437.86	0.16
1438.23	0.2
1438.6	0.2
1438.97	0.24
1439.34	0.16
1439.71	0.36
1440.08	0.32
1440.45	0.32
1440.82	-0.24
1441.19	-0.32
1441.56	-0.52
1441.93	-0.52
1442.3	-0.52
1442.67	-1.6
1443.03	-1.6
1443.4	-1.6
1443.77	-1.6
1444.14	-1.6
1444.51	0
1444.88	0.08
1445.25	0.24
1445.62	0.56
1445.99	0.56
1446.36	0.84
1446.73	0.76
1447.09	0.6
1447.46	0.28
1447.83	0.32
1448.2	0.04
1448.57	-0.16
1448.94	-0.16
1449.31	-0.16
1449.68	-0.2
1450.05	-0.2
1450.41	0.04
1450.78	-0.36
1451.15	-0.28
1451.52	-0.2
1451.89	-0.08
1452.26	0.08
1452.63	0.6
1453	0.52
1453.36	0.44
1453.73	0.32
1454.1	0.16
1454.47	0.04
1454.84	0.16
1455.21	0.16
1455.57	-0.24
1455.94	-0.24
1456.31	-0.16
1456.68	-0.24
1457.05	-0.2
1457.42	0.2
1457.78	0.16
1458.15	0.08
1458.52	0.04
1458.89	0.04
1459.26	0.2
1459.63	0.48
1459.99	0.48
1460.36	0.48
1460.73	0.44
1461.1	0.28
1461.47	0
1461.83	0
1462.2	0
1462.57	0
1462.94	0.08
1463.31	0.08
1463.67	0.08
1464.04	-0.12
1464.41	-0.12
1464.78	-0.8
1465.15	-0.76
1465.51	-0.72
1465.88	-0.52
1466.25	-0.28
1466.62	0.32
1466.98	0.28
1467.35	0.24
1467.72	0.24
1468.09	0.16
1468.46	0.44
1468.82	0.44
1469.19	0.44
1469.56	0.44
1469.93	0.52
1470.29	0.4
1470.66	0.52
1471.03	0.52
1471.4	0.52
1471.76	0.28
1472.13	0.12
1472.5	0
1472.86	0.2
1473.23	0.2
1473.6	0.2
1473.97	0.24
1474.33	0.24
1474.7	0.12
1475.07	0.12
1475.44	0.12
1475.8	-0.12
1476.17	-0.08
1476.54	-0.16
1476.9	-0.16
1477.27	0.08
1477.64	0.28
1478	0.24
1478.37	0.24
1478.74	0.32
1479.11	0.08
1479.47	0.08
1479.84	0.08
1480.21	0.08
1480.57	0.04
1480.94	0.12
1481.31	0.36
1481.67	0.36
1482.04	0.36
1482.41	0.4
1482.77	0.32
1483.14	0.08
1483.51	0.08
1483.87	0.08
1484.24	0
1484.61	0
1484.97	0
1485.34	0.04
1485.71	-0.96
1486.07	-0.92
1486.44	-0.92
1486.81	-0.92
1487.17	-0.96
1487.54	0.04
1487.9	0.28
1488.27	0.28
1488.64	0.08
1489	0.12
1489.37	0.12
1489.74	-0.16
1490.1	-0.16
1490.47	0.04
1490.83	0
1491.2	0.08
1491.57	0.08
1491.93	0.12
1492.3	0.16
1492.66	0.16
1493.03	0.12
1493.4	0.48
1493.76	0.52
1494.13	0.48
1494.49	0.48
1494.86	0.44
1495.23	0.08
1495.59	0
1495.96	-1.2
1496.32	-1.2
1496.69	-1.2
1497.06	-1.16
1497.42	-1.96
1497.79	-0.68
1498.15	-0.68
1498.52	-0.68
1498.88	-0.72
1499.25	0.36
1499.62	-0.12
1499.98	0.04
1500.35	0.12
1500.71	0.28
1501.08	4.2189e-17
1501.44	0.4
1501.81	0.36
1502.17	0.28
1502.54	0.24
1502.9	0.32
1503.27	0.56
1503.64	0.44
1504	0.44
1504.37	0.32
1504.73	0.36
1505.1	0.24
1505.46	0.28
1505.83	0.32
1506.19	0.32
1506.56	0.2
1506.92	0.08
1507.29	0.08
1507.65	0.04
1508.02	0.04
1508.38	0.04
1508.75	0.04
1509.11	0.12
1509.48	0.6
1509.84	0.6
1510.21	0.96
1510.57	1.2
1510.94	1.08
1511.3	0.6
1511.67	0.6
1512.03	0.24
1512.4	0
1512.76	0
1513.13	-1
1513.49	-1.2
1513.85	-1.16
1514.22	-1.12
1514.58	-1.12
1514.95	0.04
1515.31	0.24
1515.68	0.2
1516.04	0.16
1516.41	0.44
1516.77	0.28
1517.14	0.28
1517.5	0.44
1517.86	0.44
1518.23	0.16
1518.59	0.16
1518.96	0.16
1519.32	0
1519.69	0.04
1520.05	0.04
1520.41	0.04
1520.78	0.28
1521.14	0.28
1521.51	0.4
1521.87	0.4
1522.24	0.4
1522.6	0.4
1522.96	0.4
1523.33	0.32
1523.69	0.32
1524.06	0.32
1524.42	0.08
1524.78	0.2
1525.15	0.28
1525.51	0.28
1525.88	0.4
1526.24	0.4
1526.6	0.28
1526.97	0.12
1527.33	0.12
1527.69	0
1528.06	0
1528.42	0.08
1528.79	0.08
1529.15	-0.72
1529.51	-0.6
1529.88	-0.56
1530.24	-0.56
1530.6	-0.56
1530.97	0.28
1531.33	0.28
1531.69	0.24
1532.06	0.16
1532.42	0.32
1532.78	0.28
1533.15	0.32
1533.51	0.32
1533.87	0.32
1534.24	0.16
1534.6	0.2
1534.96	0.04
1535.33	0.08
1535.69	0.08
1536.05	0.08
1536.42	0.04
1536.78	0.04
1537.14	0
1537.51	0
1537.87	0
1538.23	0.04
1538.6	0.2
1538.96	0.2
1539.32	0.4
1539.68	0.96
1540.05	0.92
1540.41	0.76
1540.77	0.84
1541.14	0.64
1541.5	0.16
1541.86	0.16
1542.23	0.16
1542.59	0.08
1542.95	0.36
1543.31	0.36
1543.68	0.36
1544.04	0.44
1544.4	0.44
1544.76	0.16
1545.13	0.08
1545.49	0.08
1545.85	0.08
1546.21	0.08
1546.58	0.08
1546.94	0.08
1547.3	0.52
1547.66	0.44
1548.03	0.52
1548.39	0.52
1548.75	0.6
1549.11	0.16
1549.48	0.28
1549.84	0.28
1550.2	0.28
1550.56	0.52
1550.93	0.72
1551.29	0.6
1551.65	0.6
1552.01	0.6
1552.37	0.28
1552.74	0.08
1553.1	0.16
1553.46	0.08
1553.82	0.28
1554.18	0.32
1554.55	0.32
1554.91	0.24
1555.27	0.24
1555.63	0.24
1555.99	0.2
1556.36	0.36
1556.72	-0.84
1557.08	-0.84
1557.44	-0.92
1557.8	-0.92
1558.17	-1.08
1558.53	0.12
1558.89	0.24
1559.25	0.12
1559.61	0.12
1559.97	0.24
1560.34	0.24
1560.7	0.12
1561.06	0.32
1561.42	0.32
1561.78	0.2
1562.14	-0.16
1562.5	-0.16
1562.87	-0.36
1563.23	-0.16
1563.59	-0.56
1563.95	-0.08
1564.31	-0.04
1564.67	-3.33053e-18
1565.03	0
1565.4	0.4
1565.76	0.28
1566.12	0.36
1566.48	0.88
1566.84	0.72
1567.2	0.72
1567.56	1.04
1567.92	0.96
1568.29	0.44
1568.65	0.48
1569.01	0.56
1569.37	-0.16
1569.73	-0.2
1570.09	-0.24
1570.45	-0.32
1570.81	-0.4
1571.17	0
1571.53	0
1571.89	0.04
1572.26	0.08
1572.62	0.08
1572.98	0.08
1573.34	0.08
1573.7	0.52
1574.06	0.48
1574.42	0.48
1574.78	0.28
1575.14	0.32
1575.5	-0.16
1575.86	-0.84
1576.22	-0.84
1576.58	-0.64
1576.94	-0.68
1577.3	-0.68
1577.67	0.04
1578.03	0.04
1578.39	0.04
1578.75	0.04
1579.11	0.04
1579.47	0.08
1579.83	0.2
1580.19	0.36
1580.55	0.36
1580.91	0.36
1581.27	0.28
1581.63	0.32
1581.99	0.24
1582.35	0.28
1582.71	0.72
1583.07	0.72
1583.43	0.72
1583.79	0.64
1584.15	0.6
1584.51	0.28
1584.87	0.48
1585.23	0.44
1585.59	0.6
1585.95	0.68
1586.31	0.56
1586.67	0.36
1587.03	0.6
1587.39	0.6
1587.75	0.84
1588.11	0.96
1588.47	0.96
1588.83	1.04
1589.19	1.28
1589.55	0.96
1589.91	0.84
1590.27	1.12
1590.63	0.72
1590.99	0.32
1591.35	0.52
1591.71	0.52
1592.07	0.24
1592.42	0.48
1592.78	0.64
1593.14	0.84
1593.5	1.04
1593.86	1.04
1594.22	0.76
1594.58	0.6
1594.94	0.36
1595.3	0.16
1595.66	0.16
1596.02	0.4
1596.38	1.04
1596.74	1.24
1597.1	1.28
1597.46	1.28
1597.81	1.04
1598.17	0.72
1598.53	0.44
1598.89	0.52
1599.25	0.52
1599.61	0.56
1599.97	0.28
1600.33	0.6
1600.69	0.48
1601.05	0.56
1601.4	0.52
1601.76	0.08
1602.12	0.56
1602.48	0.56
1602.84	0.48
1603.2	0.88
1603.56	1.32
1603.92	0.44
1604.28	0.44
1604.63	0.52
1604.99	0.12
1605.35	0.2
1605.71	0.36
1606.07	0.4
1606.43	0.32
1606.79	0.72
1607.14	0.6
1607.5	0.44
1607.86	0.48
1608.22	0.56
1608.58	0.16
1608.94	0.2
1609.29	0.32
1609.65	0.8
1610.01	0.84
1610.37	1.08
1610.73	1.04
1611.09	0.96
1611.44	0.44
1611.8	0.36
1612.16	0.12
1612.52	0.36
1612.88	0.44
1613.24	0.96
1613.59	0.92
1613.95	0.92
1614.31	0.72
1614.67	0.68
1615.03	0.24
1615.38	0.32
1615.74	0.68
1616.1	0.64
1616.46	0.92
1616.82	0.92
1617.17	0.84
1617.53	0.64
1617.89	0.88
1618.25	0.52
1618.6	0.6
1618.96	0.6
1619.32	0.44
1619.68	0.2
1620.04	0.2
1620.39	-0.08
1620.75	-0.08
1621.11	-0.08
1621.47	-6.66107e-18
1621.82	0.08
1622.18	0.16
1622.54	0.16
1622.9	0.48
1623.25	-0.56
1623.61	-0.6
1623.97	-0.6
1624.33	-0.6
1624.68	-1.12
1625.04	-0.04
1625.4	-6.66107e-18
1625.75	-0.44
1626.11	-0.24
1626.47	0.12
1626.83	-1.33221e-17
1627.18	-0.08
1627.54	0.52
1627.9	0.44
1628.26	0.36
1628.61	0.36
1628.97	0.76
1629.33	0.6
1629.68	0.48
1630.04	0.56
1630.4	-0.04
1630.75	-0.44
1631.11	-0.44
1631.47	-0.48
1631.83	-0.64
1632.18	1.05473e-17
1632.54	0.28
1632.9	0.28
1633.25	0.4
1633.61	0.44
1633.97	0.44
1634.32	0.2
1634.68	0.24
1635.04	0.48
1635.39	0.44
1635.75	0.4
1636.11	0.44
1636.46	0.4
1636.82	0.08
1637.18	0.08
1637.53	0.08
1637.89	0
1638.25	0.12
1638.6	0.2
1638.96	0.24
1639.31	0.24
1639.67	0.36
1640.03	0.24
1640.38	0.16
1640.74	0.16
1641.1	0.16
1641.45	0.04
1641.81	0.04
1642.16	0.04
1642.52	0
1642.88	0.28
1643.23	-0.32
1643.59	-0.32
1643.95	-0.2
1644.3	-0.2
1644.66	-0.28
1645.01	0.44
1645.37	0.44
1645.73	0.32
1646.08	0.32
1646.44	0.2
1646.79	-0.52
1647.15	-0.32
1647.51	-0.32
1647.86	-0.32
1648.22	-0.32
1648.57	-0.52
1648.93	-0.6
1649.28	-0.6
1649.64	-0.6
1650	-0.68
1650.35	0.16
1650.71	0.36
1651.06	0.44
1651.42	0.52
1651.77	0.36
1652.13	0.32
1652.48	0.04
1652.84	0.24
1653.2	0.16
1653.55	0.36
1653.91	0.56
1654.26	0.76
1654.62	0.72
1654.97	0.96
1655.33	0.92
1655.68	0.92
1656.04	0.92
1656.39	0.8
1656.75	0.56
1657.1	0.6
1657.46	0.48
1657.81	0.48
1658.17	0.4
1658.52	0.48
1658.88	0.44
1659.23	0.56
1659.59	0.44
1659.94	0.4
1660.3	0.8
1660.65	0.8
1661.01	0.6
1661.36	0.48
1661.72	0.96
1662.07	0.48
1662.43	0.64
1662.78	0.64
1663.14	0.72
1663.49	0.44
1663.85	0.6
1664.2	0.44
1664.56	0.6
1664.91	-1.24
1665.27	-1.2
1665.62	-1.36
1665.98	-1.2
1666.33	-1.36
1666.69	0.68
1667.04	0.84
1667.39	0.92
1667.75	0.96
1668.1	1.12
1668.46	1.16
1668.81	1
1669.17	1.08
1669.52	0.88
1669.88	0.96
1670.23	0.64
1670.58	1.08
1670.94	1.32
1671.29	1.52
1671.65	1.4
1672	1.76
1672.36	1.16
1672.71	1.16
1673.06	1
1673.42	1.12
1673.77	1
1674.13	1.8
1674.48	1.56
1674.83	1.52
1675.19	1.92
1675.54	1.72
1675.9	1.24
1676.25	1.72
1676.6	2.12
1676.96	1.52
1677.31	1.8
1677.67	1.48
1678.02	1.48
1678.37	1.2
1678.73	1.8
1679.08	1.72
1679.43	1.76
1679.79	1.6
1680.14	2
1680.5	1.36
1680.85	1.76
1681.2	1.8
1681.56	1.84
1681.91	1.36
1682.26	2
1682.62	1.68
1682.97	1.76
1683.32	1.92
1683.68	1.96
1684.03	1.96
1684.38	2.36
1684.74	2.16
1685.09	1.48
1685.44	1.64
1685.8	2
1686.15	2
1686.5	2.88
1686.86	3.4
1687.21	3.2
1687.56	2.4
1687.92	1.8
1688.27	1.76
1688.62	1.24
1688.98	1.52
1689.33	2.04
1689.68	2.4
1690.03	2.08
1690.39	2.44
1690.74	2.36
1691.09	2.16
1691.45	1.64
1691.8	1.48
1692.15	2.08
1692.5	2.28
1692.86	2.08
1693.21	2.52
1693.56	2.64
1693.92	2.08
1694.27	1.04
1694.62	1
1694.97	1.52
1695.33	1.68
1695.68	1.84
1696.03	2.84
1696.38	3.12
1696.74	2.44
1697.09	2.04
1697.44	2
1697.79	1.8
1698.15	1.72
1698.5	2.16
1698.85	2.36
1699.2	1.36
1699.56	1.16
1699.91	1.52
1700.26	1.4
1700.61	1.48
1700.97	2.8
1701.32	2.88
1701.67	2.96
1702.02	3.16
1702.37	3.76
1702.73	3.64
1703.08	4
1703.43	3.56
1703.78	3.24
1704.13	3.32
1704.49	3.12
1704.84	3.2
1705.19	3.36
1705.54	3.28
1705.89	2.72
1706.25	2.6
1706.6	2.28
1706.95	2.6
1707.3	2.44
1707.65	2.44
1708.01	2.64
1708.36	2.92
1708.71	2.32
1709.06	2.24
1709.41	1.88
1709.76	2
1710.12	2.08
1710.47	1.92
1710.82	2.04
1711.17	2.6
1711.52	1.96
1711.87	1.84
1712.23	2.16
1712.58	2.6
1712.93	2.36
1713.28	3.32
1713.63	3.12
1713.98	2.72
1714.33	2.36
1714.69	2
1715.04	1.52
1715.39	1.64
1715.74	2
1716.09	2.8
1716.44	2.92
1716.79	3.16
1717.14	3.76
1717.5	3.44
1717.85	2.96
1718.2	2.76
1718.55	2.12
1718.9	1.68
1719.25	2.4
1719.6	2.6
1719.95	3.28
1720.3	3.68
1720.65	4.28
1721.01	4
1721.36	3.4
1721.71	3.24
1722.06	2.8
1722.41	2.72
1722.76	2.68
1723.11	3.28
1723.46	2.88
1723.81	3.56
1724.16	3.6
1724.51	3.88
1724.86	3.28
1725.21	4.04
1725.56	5
1725.92	5.4
1726.27	5.28
1726.62	6.24
1726.97	5.88
1727.32	4.72
1727.67	4.72
1728.02	4.76
1728.37	4.76
1728.72	5.12
1729.07	5.72
1729.42	6.36
1729.77	7.32
1730.12	7.24
1730.47	7.6
1730.82	8.08
1731.17	7.12
1731.52	6.64
1731.87	7.72
1732.22	7.16
1732.57	7.32
1732.92	7.72
1733.27	8.32
1733.62	7.8
1733.97	8.4
1734.32	7.88
1734.67	9.24
1735.02	8.32
1735.37	8.56
1735.72	8.64
1736.07	10.08
1736.42	8
1736.77	8.64
1737.12	9.24
1737.47	9.44
1737.82	8.68
1738.17	10.08
1738.52	11.4
1738.87	11.28
1739.22	11.6
1739.57	12.4
1739.92	11.6
1740.27	10.8
1740.62	10.04
1740.97	9.48
1741.32	9.16
1741.67	10.56
1742.02	9.84
1742.37	9.76
1742.72	10.08
1743.06	9.08
1743.41	7.64
1743.76	7.96
1744.11	6.8
1744.46	6.64
1744.81	7.08
1745.16	7.68
1745.51	7.88
1745.86	8.52
1746.21	8.4
1746.56	8.28
1746.91	7
1747.26	5.92
1747.6	6.04
1747.95	5.52
1748.3	5.52
1748.65	6.28
1749	8.2
1749.35	8.8
1749.7	8.28
1750.05	7.48
1750.4	7.64
1750.75	6.48
1751.09	5.2
1751.44	6.08
1751.79	5.92
1752.14	4.52
1752.49	4.24
1752.84	4.2
1753.19	3.8
1753.54	4.6
1753.88	4.36
1754.23	3.4
1754.58	4.32
1754.93	3.4
1755.28	2.24
1755.63	3.24
1755.98	3.08
1756.32	2.44
1756.67	2.88
1757.02	3.16
1757.37	4.04
1757.72	3.96
1758.07	3.76
1758.42	3.56
1758.76	3.52
1759.11	1.88
1759.46	2.2
1759.81	2.04
1760.16	2.04
1760.5	1.4
1760.85	1.04
1761.2	0.92
1761.55	0.8
1761.9	0.92
1762.25	0.96
1762.59	1.76
1762.94	1.92
1763.29	2.16
1763.64	1.88
1763.99	2.04
1764.33	1.6
1764.68	1.32
1765.03	1.36
1765.38	1.96
1765.73	1.68
1766.07	1.88
1766.42	2.08
1766.77	1.88
1767.12	1.16
1767.46	1.16
1767.81	1.04
1768.16	0.96
1768.51	0.64
1768.85	0.92
1769.2	1.64
1769.55	1.64
1769.9	1.36
1770.25	1.52
1770.59	1.68
1770.94	1.16
1771.29	0.96
1771.64	1.28
1771.98	1.2
1772.33	1.12
1772.68	1.48
1773.02	2.04
1773.37	2.48
1773.72	3.08
1774.07	3.12
1774.41	3.4
1774.76	3.12
1775.11	2.68
1775.46	2.76
1775.8	3.04
1776.15	3.16
1776.5	3.64
1776.84	3.6
1777.19	4.24
1777.54	5.76
1777.89	5.84
1778.23	5.84
1778.58	7.6
1778.93	8.36
1779.27	7.56
1779.62	7.52
1779.97	8.44
1780.31	8.84
1780.66	7.52
1781.01	7.88
1781.35	8.84
1781.7	10.12
1782.05	10.24
1782.39	12.16
1782.74	14.44
1783.09	16.28
1783.43	15.48
1783.78	16.92
1784.13	19.92
1784.47	18.48
1784.82	16.88
1785.17	19.56
1785.51	19.68
1785.86	21
1786.21	25.92
1786.55	29.24
1786.9	33.28
1787.25	36.48
1787.59	35.6
1787.94	35.68
1788.29	35.52
1788.63	32.56
1788.98	32.84
1789.32	35.32
1789.67	35.52
1790.02	35.48
1790.36	40.4
1790.71	49.28
1791.06	53.4
1791.4	58.8
1791.75	67.24
1792.09	74.36
1792.44	79.2
1792.79	77.56
1793.13	80.84
1793.48	87.76
1793.82	82.16
1794.17	74.12
1794.52	76.52
1794.86	69.92
1795.21	62.6
1795.55	55.52
1795.9	49.92
1796.24	65.12
1796.59	80.84
1796.94	95.36
1797.28	112.76
1797.63	121.8
1797.97	112
1798.32	103.84
1798.66	103.56
1799.01	107.64
1799.36	107.28
1799.7	114.36
1800.05	122.84
1800.39	112.08
1800.74	121.16
1801.08	143.52
1801.43	151.04
1801.77	150.16
1802.12	155.4
1802.46	155.64
1802.81	144.84
1803.15	131.56
1803.5	129.32
1803.85	124.92
1804.19	109.84
1804.54	112.52
1804.88	116.72
1805.23	117.36
1805.57	136.12
1805.92	156.48
1806.26	161.64
1806.61	163.48
1806.95	182.04
1807.3	202.8
1807.64	209.04
1807.99	214.72
1808.33	217.48
1808.68	200.56
1809.02	204.32
1809.37	219.96
1809.71	225.04
1810.06	238.16
1810.4	245.36
1810.75	214.2
1811.09	213.48
1811.43	237.92
1811.78	266.4
1812.12	305.24
1812.47	328.28
1812.81	316.84
1813.16	306.48
1813.5	283.88
1813.85	257.52
1814.19	254.6
1814.54	240.84
1814.88	216.56
1815.23	200.8
1815.57	175
1815.91	140.24
1816.26	148.4
1816.6	174.92
1816.95	192.36
1817.29	224.88
1817.64	268.48
1817.98	300.44
1818.32	323.2
1818.67	337.32
1819.01	347.68
1819.36	354.52
1819.7	321.72
1820.05	290.92
1820.39	301.4
1820.73	290.4
1821.08	273.84
1821.42	284.36
1821.77	273.36
1822.11	228.52
1822.45	218.68
1822.8	215.72
1823.14	189
1823.49	198.08
1823.83	257.92
1824.17	294.48
1824.52	322.2
1824.86	360.96
1825.2	359.92
1825.55	322.72
1825.89	284.2
1826.24	256.16
1826.58	279.32
1826.92	306
1827.27	309.88
1827.61	338.52
1827.95	356.32
1828.3	309.64
1828.64	276.88
1828.98	257.4
1829.33	226.72
1829.67	257.76
1830.02	296
1830.36	308.16
1830.7	360.52
1831.05	402.48
1831.39	367.92
1831.73	353.28
1832.08	361.36
1832.42	320
1832.76	299.28
1833.1	293.04
1833.45	266.6
1833.79	249.36
1834.13	247.6
1834.48	238.52
1834.82	243.32
1835.16	257.68
1835.51	249.16
1835.85	250.52
1836.19	247.36
1836.54	218.52
1836.88	197.76
1837.22	181.36
1837.56	158.6
1837.91	158.96
1838.25	191.2
1838.59	214.28
1838.94	237.92
1839.28	257.96
1839.62	247.2
1839.96	230.08
1840.31	208.68
1840.65	182.72
1840.99	175.96
1841.34	227.32
1841.68	253.96
1842.02	274.56
1842.36	312.12
1842.71	312.84
1843.05	250.72
1843.39	236.52
1843.73	257.28
1844.08	264.56
1844.42	304.68
1844.76	349
1845.1	342.56
1845.45	310.6
1845.79	295.36
1846.13	270.8
1846.47	252.76
1846.81	243.64
1847.16	236.12
1847.5	246.04
1847.84	267.24
1848.18	275.84
1848.53	291.88
1848.87	308.24
1849.21	291.84
1849.55	264.24
1849.89	253.48
1850.24	235.52
1850.58	220.68
1850.92	215.72
1851.26	204.6
1851.6	197.6
1851.95	196.68
1852.29	189.96
1852.63	189
1852.97	189.16
1853.31	172.96
1853.66	160.68
1854	152.8
1854.34	141.92
1854.68	157
1855.02	175.24
1855.36	179.72
1855.71	186.92
1856.05	188.8
1856.39	160.6
1856.73	143.32
1857.07	137.56
1857.41	128.16
1857.76	124.52
1858.1	127.72
1858.44	117.32
1858.78	118.24
1859.12	115.4
1859.46	104.96
1859.8	95.4
1860.15	93.56
1860.49	93.24
1860.83	110.44
1861.17	125.48
1861.51	123.68
1861.85	127.96
1862.19	114.32
1862.53	94.08
1862.88	88.12
1863.22	90.8
1863.56	84.76
1863.9	89.8
1864.24	93.92
1864.58	82.08
1864.92	78.56
1865.26	77.64
1865.6	70.72
1865.94	61.36
1866.29	54.64
1866.63	48.32
1866.97	45.32
1867.31	39.4
1867.65	35.52
1867.99	39.4
1868.33	35.8
1868.67	30.68
1869.01	30.8
1869.35	38.76
1869.69	50.8
1870.03	61.48
1870.37	71.68
1870.72	80.92
1871.06	73.72
1871.4	56.76
1871.74	44.16
1872.08	35.56
1872.42	36.92
1872.76	45.88
1873.1	50.2
1873.44	52.24
1873.78	50.24
1874.12	37.12
1874.46	27
1874.8	33.56
1875.14	41.68
1875.48	46.8
1875.82	50.52
1876.16	50.96
1876.5	46.4
1876.84	40.8
1877.18	36.24
1877.52	32.84
1877.86	28.08
1878.2	18.64
1878.54	12.8
1878.88	10.52
1879.22	9.44
1879.56	9.08
1879.9	9.32
1880.24	9.64
1880.58	11.32
1880.92	14.36
1881.26	15.16
1881.6	13.16
1881.94	12.28
1882.28	9.88
1882.62	11.16
1882.96	17.16
1883.3	23.24
1883.64	24.6
1883.98	26.04
1884.32	22.28
1884.66	13.4
1885	8.08
1885.34	8.16
1885.68	7.12
1886.02	7.16
1886.36	7.04
1886.7	6.44
1887.04	4.8
1887.38	4.08
1887.72	3.32
1888.06	2.36
1888.39	3.4
1888.73	6.96
1889.07	14.6
1889.41	20
1889.75	22.44
1890.09	28.6
1890.43	31.8
1890.77	27.56
1891.11	22.32
1891.45	20.8
1891.79	14.88
1892.13	8.48
1892.47	5.28
1892.8	6.48
1893.14	9.2
1893.48	9.72
1893.82	14.96
1894.16	15.56
1894.5	14.12
1894.84	12.4
1895.18	13.28
1895.52	8.76
1895.86	8.32
1896.19	10.08
1896.53	11.52
1896.87	12.64
1897.21	14.48
1897.55	16.4
1897.89	18
1898.23	23.92
1898.57	24.96
1898.9	24.2
1899.24	25.24
1899.58	25.56
1899.92	20.52
1900.26	19.52
1900.6	21.08
1900.94	22.72
1901.27	23.92
1901.61	25.8
1901.95	26.72
1902.29	26.92
1902.63	28.44
1902.97	30.36
1903.3	31.96
1903.64	34.28
1903.98	37.08
1904.32	37.64
1904.66	37.84
1905	37.84
1905.33	37.92
1905.67	39.6
1906.01	40.36
1906.35	43.08
1906.69	44.64
1907.02	45.28
1907.36	44.92
1907.7	47.64
1908.04	46.52
1908.38	48.88
1908.71	52.52
1909.05	54.88
1909.39	55.12
1909.73	56.48
1910.07	56.68
1910.4	56.28
1910.74	56.68
1911.08	57.48
1911.42	56.92
1911.76	60.76
1912.09	62.8
1912.43	62.92
1912.77	63.12
1913.11	67.24
1913.44	66
1913.78	65.96
1914.12	70.56
1914.46	72.76
1914.79	71.8
1915.13	72.96
1915.47	73.96
1915.81	73.04
1916.14	74.44
1916.48	76.32
1916.82	76.72
1917.16	78.8
1917.49	81.56
1917.83	82.68
1918.17	84
1918.5	86.6
1918.84	87.52
1919.18	87.72
1919.52	89.44
1919.85	91.32
1920.19	90.68
1920.53	92
1920.87	93.44
1921.2	92.8
1921.54	93.28
1921.88	96.32
1922.21	96.04
1922.55	96.4
1922.89	99.72
1923.22	100.84
1923.56	99.36
1923.9	101.16
1924.23	101.28
1924.57	98.56
1924.91	100.84
1925.25	104.36
1925.58	104.6
1925.92	104.52
1926.26	109.52
1926.59	106.64
1926.93	104.64
1927.27	107.12
1927.6	110.56
1927.94	107.44
1928.28	109.72
1928.61	114.12
1928.95	113.8
1929.29	113.6
1929.62	117.6
1929.96	118.36
1930.29	117
1930.63	118
1930.97	119.44
1931.3	118.64
1931.64	120.92
1931.98	121.6
1932.31	119.68
1932.65	122
1932.99	122.04
1933.32	121.68
1933.66	121.04
1933.99	123.48
1934.33	120.44
1934.67	121.2
1935	122.04
1935.34	123.12
1935.67	126.36
1936.01	128
1936.35	128.4
1936.68	129.24
1937.02	131.56
1937.35	128.48
1937.69	128.76
1938.03	129.88
1938.36	127.68
1938.7	128.44
1939.03	131.32
1939.37	131.04
1939.7	130.24
1940.04	134.08
1940.38	132.12
1940.71	131.64
1941.05	134.56
1941.38	135.32
1941.72	132.68
1942.05	134.12
1942.39	134.6
1942.73	133.4
1943.06	134.44
1943.4	135.4
1943.73	134
1944.07	134
1944.4	133.76
1944.74	132.2
1945.07	132.12
1945.41	134.76
1945.74	133.68
1946.08	134.64
1946.42	136.6
1946.75	136.56
1947.09	133.24
1947.42	133.52
1947.76	132
1948.09	131
1948.43	130.88
1948.76	134.44
1949.1	133.84
1949.43	134.04
1949.77	135.16
1950.1	135.68
1950.44	131.72
1950.77	133.04
1951.11	132.88
1951.44	130.04
1951.78	129.84
1952.11	132.4
1952.45	131.76
1952.78	131.56
1953.12	132.64
1953.45	133
1953.79	131.04
1954.12	131.56
1954.46	132.12
1954.79	131.92
1955.12	130.48
1955.46	132.32
1955.79	132.2
1956.13	129.24
1956.46	129.84
1956.8	130.04
1957.13	127.32
1957.47	125.04
1957.8	127.2
1958.14	127.24
1958.47	125.2
1958.8	124.8
1959.14	126.4
1959.47	124.36
1959.81	121.88
1960.14	121.4
1960.48	122.36
1960.81	120.6
1961.14	119.28
1961.48	119.36
1961.81	120.24
1962.15	117.04
1962.48	116.4
1962.82	118.48
1963.15	117.4
1963.48	115.72
1963.82	116.4
1964.15	113.64
1964.49	110.64
1964.82	109.32
1965.15	108.56
1965.49	107.28
1965.82	106.2
1966.16	105.6
1966.49	104.96
1966.82	103.12
1967.16	100.44
1967.49	101.64
1967.83	101.4
1968.16	99.84
1968.49	99.52
1968.83	100.4
1969.16	99.6
1969.49	96.76
1969.83	96.2
1970.16	95.96
1970.49	93.44
1970.83	91.48
1971.16	92.56
1971.5	91.44
1971.83	88.12
1972.16	89.04
1972.5	87.68
1972.83	84.24
1973.16	82.12
1973.5	82.84
1973.83	81.4
1974.16	79.56
1974.5	78.6
1974.83	79.6
1975.16	78.28
1975.5	74.48
1975.83	73.88
1976.16	74.08
1976.49	71.24
1976.83	68.44
1977.16	70.12
1977.49	68.32
1977.83	66.6
1978.16	65.84
1978.49	65.04
1978.83	62.68
1979.16	62.32
1979.49	59.84
1979.83	58.64
1980.16	57.4
1980.49	55.36
1980.82	54.4
1981.16	54.8
1981.49	53.68
1981.82	53.72
1982.15	53.12
1982.49	50.72
1982.82	47.52
1983.15	45.2
1983.49	42.2
1983.82	40.4
1984.15	38.4
1984.48	37.84
1984.82	35.24
1985.15	35.44
1985.48	33.6
1985.81	34.08
1986.15	31.56
1986.48	32.36
1986.81	30.68
1987.14	29.6
1987.48	27.16
1987.81	27.68
1988.14	25.68
1988.47	23.68
1988.81	24.48
1989.14	24.72
1989.47	23
1989.8	20.64
1990.13	21.72
1990.47	19
1990.8	17.36
1991.13	16.16
1991.46	17.6
1991.79	14.36
1992.13	13.08
1992.46	13.2
1992.79	12.36
1993.12	10.72
1993.45	10.08
1993.79	10.84
1994.12	9.2
1994.45	8.16
1994.78	8.44
1995.11	8.88
1995.45	8.24
1995.78	7.2
1996.11	8.2
1996.44	6.52
1996.77	6.52
1997.1	6.16
1997.44	6
1997.77	5.52
1998.1	6.28
1998.43	5.68
1998.76	5.04
1999.09	4.28
1999.43	2.4
1999.76	1.64
2000.09	1.4
2000.42	1.36
2000.75	0.32
2001.08	1.32
2001.41	0.92
2001.75	1.4
2002.08	1.44
2002.41	2.52
2002.74	2.56
2003.07	3.12
2003.4	2.2
2003.73	2.2
2004.06	2.04
2004.4	2.48
2004.73	1.8
2005.06	1.96
2005.39	1.8
2005.72	2.6
2006.05	2.24
2006.38	2.28
2006.71	2.76
2007.04	2.48
2007.37	1.6
2007.71	1.44
2008.04	2.04
2008.37	1.52
2008.7	2.24
2009.03	3.04
2009.36	3.72
2009.69	3.84
2010.02	4.32
2010.35	4.6
2010.68	4.24
2011.01	3.96
2011.34	3.8
2011.67	4.52
2012.01	4.16
2012.34	5.56
2012.67	6.28
2013	6.28
2013.33	5.2
2013.66	5.4
2013.99	4.64
2014.32	5.04
2014.65	5.56
2014.98	5.96
2015.31	6
2015.64	5.84
2015.97	5.08
2016.3	5.28
2016.63	5
2016.96	5.36
2017.29	4.96
2017.62	5.44
2017.95	5.48
2018.28	7.52
2018.61	7.84
2018.94	9.36
2019.27	10
2019.6	11.6
2019.93	10.96
2020.26	11.24
2020.59	11
2020.92	10.68
2021.25	9.24
2021.58	8.44
2021.91	10.04
2022.24	10.08
2022.57	10.92
2022.9	11.36
2023.23	14.4
2023.56	13.2
2023.89	14.16
2024.22	14.08
2024.55	14.28
2024.88	12.52
2025.21	12.68
2025.54	11.32
2025.87	11.52
2026.2	11.32
2026.53	11.76
2026.86	12.4
2027.19	13.44
2027.52	13
2027.85	14.4
2028.18	12.92
2028.51	13.48
2028.84	13.52
2029.16	14
2029.49	13.2
2029.82	14.04
2030.15	12.96
2030.48	12.28
2030.81	11.8
2031.14	11.08
2031.47	11.48
2031.8	10.92
2032.13	11.44
2032.46	13.16
2032.79	12.52
2033.12	11.92
2033.44	11.76
2033.77	11.56
2034.1	10.24
2034.43	11.24
2034.76	11.08
2035.09	12.12
2035.42	11.92
2035.75	11.08
2036.08	11
2036.41	11.68
2036.73	10.08
2037.06	9.04
2037.39	9.04
2037.72	8.04
2038.05	8.56
2038.38	8.68
2038.71	9.92
2039.04	9.88
2039.36	11.32
2039.69	9.44
2040.02	8.32
2040.35	7.8
2040.68	7.2
2041.01	6.04
2041.34	5.2
2041.66	7.08
2041.99	6.56
2042.32	6
2042.65	6.04
2042.98	6.72
2043.31	5.92
2043.63	6.08
2043.96	6.76
2044.29	7.16
2044.62	6.88
2044.95	7.44
2045.28	7.08
2045.6	6.84
2045.93	6.16
2046.26	6.28
2046.59	5.88
2046.92	6.04
2047.24	6.24
2047.57	5.96
2047.9	5.48
2048.23	4.88
2048.56	4.2
2048.88	4.08
2049.21	4.96
2049.54	4.88
2049.87	4.56
2050.2	4.92
2050.52	3.96
2050.85	3.2
2051.18	3.24
2051.51	3.48
2051.83	3.2
2052.16	3.44
2052.49	3.04
2052.82	3.2
2053.15	2.48
2053.47	2.12
2053.8	2.2
2054.13	1.96
2054.46	1.92
2054.78	2.12
2055.11	2.28
2055.44	1.8
2055.77	1.76
2056.09	1.84
2056.42	2.16
2056.75	2.72
2057.08	2.88
2057.4	2.92
2057.73	2.32
2058.06	2.04
2058.38	1.2
2058.71	1.24
2059.04	1.48
2059.37	1.84
2059.69	1.64
2060.02	1.8
2060.35	1.72
2060.67	1.2
2061	0.84
2061.33	0.92
2061.66	0.68
2061.98	0.44
2062.31	0.36
2062.64	0.6
2062.96	0.56
2063.29	0.84
2063.62	0.88
2063.94	1.6
2064.27	1.52
2064.6	1.28
2064.92	1.12
2065.25	1.6
2065.58	0.96
2065.91	1.28
2066.23	1.52
2066.56	1.4
2066.89	1.04
2067.21	1.12
2067.54	0.72
2067.87	0.4
2068.19	0.56
2068.52	0.56
2068.84	0.52
2069.17	0.6
2069.5	0.64
2069.82	0.44
2070.15	0.32
2070.48	0.2
2070.8	0.36
2071.13	0.32
2071.46	0.36
2071.78	0.4
2072.11	0.52
2072.43	0.24
2072.76	0.72
2073.09	0.92
2073.41	1.08
2073.74	1.36
2074.07	1.36
2074.39	0.88
2074.72	0.84
2075.04	0.64
2075.37	0.24
2075.7	0.52
2076.02	0.96
2076.35	0.96
2076.67	1.08
2077	1.08
2077.33	1.24
2077.65	0.8
2077.98	0.88
2078.3	1.08
2078.63	1.48
2078.95	1.32
2079.28	1.8
2079.61	1.2
2079.93	1.16
2080.26	0.96
2080.58	0.64
2080.91	0.16
2081.23	0.52
2081.56	0.2
2081.89	0.44
2082.21	0.8
2082.54	1.2
2082.86	1.32
2083.19	1.36
2083.51	1.92
2083.84	1.56
2084.16	1.4
2084.49	1.32
2084.81	1.4
2085.14	0.88
2085.46	0.96
2085.79	1.08
2086.12	1.36
2086.44	1.56
2086.77	1.4
2087.09	1.36
2087.42	1.12
2087.74	0.88
2088.07	0.56
2088.39	0.48
2088.72	0.44
2089.04	0.56
2089.37	1.08
2089.69	1.36
2090.02	1.2
2090.34	1.04
2090.67	1.04
2090.99	-1.4
2091.32	-1.68
2091.64	-1.72
2091.97	-1.36
2092.29	-1.6
2092.62	0.24
2092.94	0.52
2093.26	0.52
2093.59	0.64
2093.91	-0.16
2094.24	-0.12
2094.56	-0.36
2094.89	-0.24
2095.21	-0.56
2095.54	0.84
2095.86	0.92
2096.19	1
2096.51	1.24
2096.84	1.52
2097.16	1.4
2097.48	1.4
2097.81	1.28
2098.13	0.88
2098.46	0.48
2098.78	0.04
2099.11	-6.66107e-18
2099.43	0.04
2099.75	0.08
2100.08	0.2
2100.4	0.2
2100.73	0.28
2101.05	0.28
2101.38	0.24
2101.7	0.36
2102.02	0.64
2102.35	0.52
2102.67	0.88
2103	1.32
2103.32	1.24
2103.64	1.28
2103.97	1.44
2104.29	1.32
2104.62	0.96
2104.94	1.04
2105.26	0.12
2105.59	-0.08
2105.91	-0.24
2106.23	-0.12
2106.56	-0.24
2106.88	0.44
2107.21	0.44
2107.53	0.32
2107.85	0.12
2108.18	0.2
2108.5	0.24
2108.82	0.6
2109.15	0.6
2109.47	0.92
2109.79	0.92
2110.12	0.96
2110.44	0.76
2110.76	0.76
2111.09	0.64
2111.41	0.72
2111.73	0.84
2112.06	0.68
2112.38	0.68
2112.7	0.12
2113.03	-0.04
2113.35	-0.36
2113.67	-0.36
2114	0.08
2114.32	0.44
2114.64	0.52
2114.97	1.28
2115.29	1.44
2115.61	1.36
2115.94	1.36
2116.26	1.28
2116.58	0.72
2116.91	-0.44
2117.23	-0.48
2117.55	-0.36
2117.87	-0.2
2118.2	-0.4
2118.52	0.6
2118.84	0.4
2119.17	0.44
2119.49	0.28
2119.81	0.28
2120.13	0.28
2120.46	0.16
2120.78	-0.76
2121.1	-0.76
2121.42	-0.64
2121.75	-0.44
2122.07	-0.4
2122.39	0.36
2122.72	0.36
2123.04	0.4
2123.36	0.2
2123.68	0.24
2124.01	0.24
2124.33	0.24
2124.65	0.24
2124.97	0.36
2125.29	0.28
2125.62	0.28
2125.94	0.28
2126.26	0.32
2126.58	0.36
2126.91	-0.6
2127.23	-0.6
2127.55	-0.44
2127.87	-0.56
2128.2	-0.52
2128.52	0.48
2128.84	0.72
2129.16	0.56
2129.48	0.84
2129.81	0.8
2130.13	0.76
2130.45	0.72
2130.77	0.96
2131.09	0.6
2131.42	0.72
2131.74	0.72
2132.06	0.72
2132.38	0.72
2132.7	0.8
2133.02	0.52
2133.35	0.6
2133.67	0.52
2133.99	0.28
2134.31	-0.2
2134.63	-0.2
2134.96	-0.24
2135.28	-0.32
2135.6	-0.32
2135.92	0.44
2136.24	0.6
2136.56	0.72
2136.88	0.68
2137.21	0.76
2137.53	0.4
2137.85	0.24
2138.17	-0.52
2138.49	-0.52
2138.81	-0.6
2139.13	-0.6
2139.46	-0.4
2139.78	0.2
2140.1	0.24
2140.42	0.24
2140.74	0.4
2141.06	0.36
2141.38	0.52
2141.7	0.52
2142.03	0.52
2142.35	0.56
2142.67	0.4
2142.99	0.24
2143.31	0.32
2143.63	0.4
2143.95	0.2
2144.27	0.2
2144.59	0.28
2144.91	0.08
2145.24	6.66107e-18
2145.56	0.16
2145.88	0.2
2146.2	0.12
2146.52	0.36
2146.84	0.36
2147.16	0.2
2147.48	0.16
2147.8	0.16
2148.12	0.04
2148.44	0.04
2148.76	0.24
2149.08	0.36
2149.41	0.44
2149.73	0.4
2150.05	0.4
2150.37	0.2
2150.69	0.08
2151.01	0.2
2151.33	0.28
2151.65	0.28
2151.97	0.28
2152.29	0.32
2152.61	-0.28
2152.93	-0.36
2153.25	-0.24
2153.57	-0.24
2153.89	-0.2
2154.21	-0.04
2154.53	0.2
2154.85	0.16
2155.17	0.32
2155.49	0.04
2155.81	0.28
2156.13	0.04
2156.45	2.4425e-17
2156.77	-0.16
2157.09	0.16
2157.41	0.72
2157.73	0.72
2158.05	0.68
2158.37	0.8
2158.69	0.76
2159.01	0.52
2159.33	0.52
2159.65	0.72
2159.97	0.6
2160.29	0.52
2160.61	0.2
2160.93	1.08
2161.25	0.88
2161.57	1.08
2161.89	1.32
2162.21	1.32
2162.53	0.48
2162.85	-0.12
2163.17	-0.32
2163.49	-0.56
2163.81	-0.56
2164.13	-0.6
2164.45	-0.52
2164.77	-0.52
2165.08	-0.36
2165.4	-0.36
2165.72	-0.36
2166.04	0.16
2166.36	0.16
2166.68	0
2167	0
2167.32	0.08
2167.64	0.12
2167.96	0.2
2168.28	0.2
2168.6	0.2
2168.92	0.12
2169.24	0.08
2169.55	0
2169.87	0
2170.19	0.04
2170.51	0.16
2170.83	0.52
2171.15	0.68
2171.47	0.68
2171.79	0.64
2172.11	0.52
2172.43	0.2
2172.74	0.24
2173.06	0.24
2173.38	0.24
2173.7	0.24
2174.02	0.2
2174.34	0.16
2174.66	0.16
2174.98	0.16
2175.29	0.2
2175.61	0.4
2175.93	0.24
2176.25	0.24
2176.57	0.24
2176.89	0.28
2177.21	0.12
2177.52	0.12
2177.84	0.36
2178.16	0.36
2178.48	0.4
2178.8	0.4
2179.12	0.4
2179.43	0.16
2179.75	-0.76
2180.07	-0.8
2180.39	-0.84
2180.71	-0.84
2181.03	-0.84
2181.34	0.32
2181.66	0.24
2181.98	0.24
2182.3	0.24
2182.62	0.24
2182.93	-0.4
2183.25	-0.12
2183.57	0.08
2183.89	0.16
2184.21	0.16
2184.52	0.88
2184.84	0.6
2185.16	0.4
2185.48	0.32
2185.8	0.56
2186.11	0.24
2186.43	0.24
2186.75	0.24
2187.07	-0.08
2187.39	-1.12
2187.7	-1.12
2188.02	-1.72
2188.34	-1.72
2188.66	-1.4
2188.97	-0.6
2189.29	-0.6
2189.61	0
2189.93	0
2190.24	0
2190.56	0.08
2190.88	0.08
2191.2	0.4
2191.51	0.4
2191.83	0.4
2192.15	0.32
2192.47	0.32
2192.78	0
2193.1	0
2193.42	0.36
2193.74	0.36
2194.05	0.36
2194.37	0.36
2194.69	0.36
2195	-0.4
2195.32	-0.28
2195.64	-0.28
2195.96	-0.28
2196.27	-0.28
2196.59	-0.48
2196.91	-0.6
2197.22	-0.52
2197.54	-0.44
2197.86	-0.44
2198.18	0.16
2198.49	0.16
2198.81	0.08
2199.13	0
2199.44	0.08
2199.76	0.08
2200.08	0.08
2200.39	0.08
2200.71	0.08
2201.03	0.04
2201.34	0.04
2201.66	0.04
2201.98	0.04
2202.29	0.04
2202.61	0.04
2202.93	0.04
2203.24	0.36
2203.56	0.36
2203.88	0.4
2204.19	0.36
2204.51	0.4
2204.83	0.08
2205.14	0.28
2205.46	0.24
2205.78	0.24
2206.09	0.24
2206.41	0.04
2206.72	-0.2
2207.04	-0.2
2207.36	-0.28
2207.67	-0.32
2207.99	-0.12
2208.31	-0.08
2208.62	2.10945e-17
2208.94	0.08
2209.25	0.24
2209.57	0.24
2209.89	0.24
2210.2	0.24
2210.52	0.28
2210.83	0.12
2211.15	0.12
2211.47	0.16
2211.78	0.12
2212.1	-0.32
2212.41	-0.12
2212.73	-0.08
2213.05	0.08
2213.36	0.04
2213.68	0.44
2213.99	0.52
2214.31	0.48
2214.62	0.28
2214.94	0.36
2215.26	0.36
2215.57	0.28
2215.89	0.28
2216.2	0.4
2216.52	0.52
2216.83	0.56
2217.15	0.36
2217.46	0.64
2217.78	0.52
2218.1	0.12
2218.41	0.44
2218.73	0.44
2219.04	0.16
2219.36	0.16
2219.67	0.52
2219.99	0.2
2220.3	0.2
2220.62	0.64
2220.93	0.64
2221.25	0.56
2221.56	0.64
2221.88	0.92
2222.19	0.48
2222.51	0.48
2222.82	-1
2223.14	-1.12
2223.45	-1.4
2223.77	-1.36
2224.08	-1.36
2224.4	0.12
2224.71	0.32
2225.03	0.48
2225.34	0.56
2225.66	-0.76
2225.97	-0.84
2226.29	-1
2226.6	-1.16
2226.92	-1.28
2227.23	0.08
2227.55	0.16
2227.86	0.12
2228.18	0.12
2228.49	0.12
2228.81	0.08
2229.12	0.04
2229.44	0.2
2229.75	0.36
2230.07	0.36
2230.38	0.6
2230.69	0.68
2231.01	0.6
2231.32	0.44
2231.64	0.48
2231.95	0.24
2232.27	0.12
2232.58	0.04
2232.9	0.04
2233.21	0
2233.52	0.08
2233.84	0.08
2234.15	0.08
2234.47	0.08
2234.78	0.28
2235.1	0.2
2235.41	0.28
2235.72	0.28
2236.04	0.28
2236.35	0.36
2236.67	-0.24
2236.98	-0.32
2237.29	-0.24
2237.61	-0.24
2237.92	-0.28
2238.24	0.4
2238.55	0.44
2238.86	0.36
2239.18	0.4
2239.49	-0.64
2239.8	-0.52
2240.12	-0.56
2240.43	-0.56
2240.75	-0.44
2241.06	0.36
2241.37	0.16
2241.69	0.16
2242	0.44
2242.31	0.28
2242.63	0.28
2242.94	0.32
2243.26	-0.28
2243.57	-0.56
2243.88	-0.56
2244.2	-0.44
2244.51	-0.48
2244.82	0.12
2245.14	0.12
2245.45	0.12
2245.76	0.4
2246.08	0.4
2246.39	0.44
2246.7	0.44
2247.02	0.44
2247.33	0.04
2247.64	0.16
2247.96	0.16
2248.27	0.16
2248.58	-0.68
2248.9	-0.68
2249.21	-0.8
2249.52	-0.84
2249.83	-0.84
2250.15	0
2250.46	0
2250.77	0
2251.09	0
2251.4	0
2251.71	0.16
2252.03	0.16
2252.34	0.16
2252.65	0.4
2252.96	0.4
2253.28	0.24
2253.59	0.24
2253.9	0.24
2254.21	0.08
2254.53	0.08
2254.84	-0.24
2255.15	-0.2
2255.47	0
2255.78	-0.08
2256.09	-0.04
2256.4	0.36
2256.72	0.36
2257.03	0.16
2257.34	0.16
2257.65	0.28
2257.97	0.2
2258.28	0.16
2258.59	0.16
2258.9	0.28
2259.22	0.12
2259.53	0.2
2259.84	0.2
2260.15	0.2
2260.46	0.28
2260.78	0.48
2261.09	0.4
2261.4	0.4
2261.71	0.48
2262.03	0.32
2262.34	0.12
2262.65	0.16
2262.96	0.16
2263.27	0.12
2263.59	0.08
2263.9	0.08
2264.21	0.04
2264.52	0.12
2264.83	0.12
2265.15	0.12
2265.46	0.16
2265.77	0.16
2266.08	0.12
2266.39	0.08
2266.7	0.08
2267.02	0.08
2267.33	-0.08
2267.64	-0.12
2267.95	-0.12
2268.26	-0.12
2268.57	-0.08
2268.89	0.08
2269.2	0.12
2269.51	0.12
2269.82	0.16
2270.13	0.12
2270.44	0.12
2270.76	-0.32
2271.07	-0.28
2271.38	-0.92
2271.69	-0.96
2272	-0.96
2272.31	-0.76
2272.62	-1.6
2272.93	-0.84
2273.25	-0.72
2273.56	-0.72
2273.87	-0.52
2274.18	0.28
2274.49	0.12
2274.8	0
2275.11	0
2275.42	0.2
2275.74	0.2
2276.05	0.2
2276.36	0.2
2276.67	0.2
2276.98	0.24
2277.29	0.24
2277.6	0.24
2277.91	0.24
2278.22	-0.08
2278.53	-0.12
2278.85	-0.12
2279.16	-1.12
2279.47	-1.12
2279.78	-0.68
2280.09	-0.88
2280.4	-0.88
2280.71	0.12
2281.02	0.12
2281.33	0.16
2281.64	0.16
2281.95	0.16
2282.26	0.2
2282.57	0.2
2282.88	0.04
2283.19	0.12
2283.5	0.36
2283.82	0.32
2284.13	0.32
2284.44	0.32
2284.75	-0.2
2285.06	-0.44
2285.37	-0.4
2285.68	-0.36
2285.99	-0.36
2286.3	0.2
2286.61	0.4
2286.92	0.36
2287.23	0.32
2287.54	0.32
2287.85	0.2
2288.16	0.16
2288.47	0.16
2288.78	0.16
2289.09	0.16
2289.4	0.32
2289.71	0.16
2290.02	0.16
2290.33	0.2
2290.64	0.28
2290.95	-0.08
2291.26	-0.08
2291.57	-0.08
2291.88	-0.52
2292.19	-0.6
2292.5	-0.4
2292.81	-0.4
2293.12	-0.4
2293.43	0
2293.74	0
2294.05	0
2294.36	0
2294.67	0
2294.98	0
2295.29	0
2295.6	0
2295.91	0
2296.21	0
2296.52	0
2296.83	0
2297.14	0
2297.45	0
2297.76	0
2298.07	0
2298.38	0
2298.69	0
2299	0
2299.31	0
2299.62	0
2299.93	0
2300.24	0
2300.55	0
2300.85	0
2301.16	0
2301.47	0
2301.78	0
2302.09	0
2302.4	0
2302.71	0
2303.02	0
2303.33	0
2303.64	0
2303.94	0
2304.25	0
2304.56	0
2304.87	0
2305.18	0
2305.49	0
2305.8	0
2306.11	0
2306.42	0
2306.72	0
2307.03	0
2307.34	0
2307.65	0
2307.96	0
2308.27	0
2308.58	0
2308.88	0
2309.19	0
2309.5	0
2309.81	0
2310.12	0
2310.43	0
2310.74	0
2311.04	0
2311.35	0
2311.66	0
2311.97	0
2312.28	0
2312.59	0
2312.89	0
2313.2	0
2313.51	0
2313.82	0
2314.13	0
2314.43	0
2314.74	0
2315.05	0
2315.36	0
2315.67	0
2315.97	0
2316.28	0
2316.59	0
2316.9	0
2317.21	0
2317.51	0
2317.82	0
2318.13	0
2318.44	0
2318.75	0
2319.05	0
2319.36	0
2319.67	0
2319.98	0
2320.28	0
2320.59	0
2320.9	0
2321.21	0
2321.51	0
2321.82	0
2322.13	0
2322.44	0
2322.74	0
2323.05	0
2323.36	0
2323.67	0
2323.97	0
2324.28	0
2324.59	0
2324.9	0
2325.2	0
2325.51	0
2325.82	0
2326.13	0
2326.43	0
2326.74	0
2327.05	0
2327.35	0
2327.66	0
2327.97	0
2328.27	0
2328.58	0
2328.89	0
2329.2	0
2329.5	0
2329.81	0
2330.12	0
2330.42	0
2330.73	0
2331.04	0
2331.34	0
2331.65	0
2331.96	0
2332.26	0
2332.57	0
2332.88	0
2333.18	0
2333.49	0
2333.8	0
2334.1	0
2334.41	0
2334.72	0
2335.02	0
2335.33	0
2335.64	0
2335.94	0
2336.25	0
2336.56	0
2336.86	0
2337.17	0
2337.48	0
2337.78	0
2338.09	0
2338.39	0
2338.7	0
2339.01	0
2339.31	0
2339.62	0
2339.93	0
2340.23	0
2340.54	0
2340.84	0
2341.15	0
2341.46	0
2341.76	0
2342.07	0
2342.37	0
2342.68	0
2342.99	0
2343.29	0
2343.6	0
2343.9	0
2344.21	0
2344.51	0
2344.82	0
2345.13	0
2345.43	0
2345.74	0
2346.04	0
2346.35	0
2346.65	0
2346.96	0
2347.27	0
2347.57	0
2347.88	0
2348.18	0
2348.49	0
2348.79	0
2349.1	0
2349.4	0
2349.71	0
2350.01	0
2350.32	0
2350.63	0
2350.93	0
2351.24	0
2351.54	0
2351.85	0
2352.15	0
2352.46	0
2352.76	0
2353.07	0
2353.37	0
2353.68	0
2353.98	0
2354.29	0
2354.59	0
2354.9	0
2355.2	0
2355.51	0
2355.81	0
2356.12	0
2356.42	0
2356.73	0
2357.03	0
2357.34	0
2357.64	0
2357.95	0
2358.25	0
2358.55	0
2358.86	0
2359.16	0
2359.47	0
2359.77	0
2360.08	0
2360.38	0
2360.69	0
2360.99	0
2361.3	0
2361.6	0
2361.9	0
2362.21	0
2362.51	0
2362.82	0
2363.12	0
2363.43	0
2363.73	0
2364.04	0
2364.34	0
2364.64	0
2364.95	0
2365.25	0
2365.56	0
2365.86	0
2366.16	0
2366.47	0
2366.77	0
2367.08	0
2367.38	0
2367.68	0
2367.99	0
2368.29	0
2368.6	0
2368.9	0
2369.2	0
2369.51	0
2369.81	0
2370.12	0
2370.42	0
2370.72	0
2371.03	0
2371.33	0
2371.63	0
2371.94	0
2372.24	0
2372.55	0
2372.85	0
2373.15	0
2373.46	0
2373.76	0
2374.06	0
2374.37	0
2374.67	0
2374.97	0
2375.28	0
2375.58	0
2375.88	0
2376.19	0
2376.49	0
2376.79	0
2377.1	0
2377.4	0
2377.7	0
2378.01	0
2378.31	0
2378.61	0
2378.92	0
2379.22	0
2379.52	0
2379.82	0
2380.13	0
2380.43	0
2380.73	0
2381.04	0
2381.34	0
2381.64	0
2381.95	0
2382.25	0
2382.55	0
2382.85	0
2383.16	0
2383.46	0
2383.76	0
2384.06	0
2384.37	0
2384.67	0
2384.97	0
2385.28	0
2385.58	0
2385.88	0
2386.18	0
2386.49	0
2386.79	0
2387.09	0
2387.39	0
2387.69	0
2388	0
2388.3	0
2388.6	0
2388.9	0
2389.21	0
2389.51	0
2389.81	0
2390.11	0
2390.42	0
2390.72	0
2391.02	0
2391.32	0
2391.62	0
2391.93	0
2392.23	0
2392.53	0
2392.83	0
2393.13	0
2393.44	0
2393.74	0
2394.04	0
2394.34	0
2394.64	0
2394.95	0
2395.25	0
2395.55	0
2395.85	0
2396.15	0
2396.45	0
2396.76	0
2397.06	0
2397.36	0
2397.66	0
2397.96	0
2398.26	0
2398.57	0
2398.87	0
2399.17	0
2399.47	0
2399.77	0
2400.07	0
2400.37	0
2400.68	0
2400.98	0
2401.28	0
2401.58	0
2401.88	0
2402.18	0
2402.48	0
2402.79	0
2403.09	0
2403.39	0
2403.69	0
2403.99	0
2404.29	0
2404.59	0
2404.89	0
2405.19	0
2405.5	0
2405.8	0
2406.1	0
2406.4	0
2406.7	0
2407	0
2407.3	0
2407.6	0
2407.9	0
2408.2	0
2408.5	0
2408.8	0
2409.11	0
2409.41	0
2409.71	0
2410.01	0
2410.31	0
2410.61	0
2410.91	0
2411.21	0
2411.51	0
2411.81	0
2412.11	0
2412.41	0
2412.71	0
2413.01	0
2413.31	0
2413.61	0
2413.91	0
2414.21	0
2414.51	0
2414.81	0
2415.12	0
2415.42	0
2415.72	0
2416.02	0
2416.32	0
2416.62	0
2416.92	0
2417.22	0
2417.52	0
2417.82	0
2418.12	0
2418.42	0
2418.72	0
2419.02	0
2419.32	0
2419.62	0
2419.92	0
2420.22	0
2420.52	0
2420.82	0
2421.12	0
2421.42	0
2421.71	0
2422.01	0
2422.31	0
2422.61	0
2422.91	0
2423.21	0
2423.51	0
2423.81	0
2424.11	0
2424.41	0
2424.71	0
2425.01	0
2425.31	0
2425.61	0
2425.91	0
2426.21	0
2426.51	0
2426.81	0
2427.11	0
2427.41	0
2427.7	0
2428	0
2428.3	0
2428.6	0
2428.9	0
2429.2	0
2429.5	0
2429.8	0
2430.1	0
2430.4	0
2430.7	0
2430.99	0
2431.29	0
2431.59	0
2431.89	0
2432.19	0
2432.49	0
2432.79	0
2433.09	0
2433.39	0
2433.68	0
2433.98	0
2434.28	0
2434.58	0
2434.88	0
2435.18	0
2435.48	0
2435.78	0
2436.07	0
2436.37	0
2436.67	0
2436.97	0
2437.27	0
2437.57	0
2437.86	0
2438.16	0
2438.46	0
2438.76	0
2439.06	0
2439.36	0
2439.66	0
2439.95	0
2440.25	0
2440.55	0
2440.85	0
2441.15	0
2441.44	0
2441.74	0
2442.04	0
2442.34	0
2442.64	0
2442.93	0
2443.23	0
2443.53	0
2443.83	0
2444.13	0
2444.42	0
2444.72	0
2445.02	0
2445.32	0
2445.62	0
2445.91	0
2446.21	0
2446.51	0
2446.81	0
2447.1	0
2447.4	0
2447.7	0
2448	0
2448.3	0
2448.59	0
2448.89	0
2449.19	0
2449.49	0
2449.78	0
2450.08	0
2450.38	0
2450.68	0
2450.97	0
2451.27	0
2451.57	0
2451.87	0
2452.16	0
2452.46	0
2452.76	0
2453.05	0
2453.35	0
2453.65	0
2453.95	0
2454.24	0
2454.54	0
2454.84	0
2455.13	0
2455.43	0
2455.73	0
2456.03	0
2456.32	0
2456.62	0
2456.92	0
2457.21	0
2457.51	0
2457.81	0
2458.1	0
2458.4	0
2458.7	0
2458.99	0
2459.29	0
2459.59	0
2459.88	0
2460.18	0
2460.48	0
2460.77	0
2461.07	0
2461.37	0
2461.66	0
2461.96	0
2462.26	0
2462.55	0
2462.85	0
2463.15	0
2463.44	0
2463.74	0
2464.04	0
2464.33	0
2464.63	0
2464.92	0
2465.22	0
2465.52	0
2465.81	0
2466.11	0
2466.41	0
2466.7	0
2467	0
2467.29	0
2467.59	0
2467.89	0
2468.18	0
2468.48	0
2468.77	0
2469.07	0
2469.37	0
2469.66	0
2469.96	0
2470.25	0
2470.55	0
2470.84	0
2471.14	0
2471.44	0
2471.73	0
2472.03	0
2472.32	0
2472.62	0
2472.91	0
2473.21	0
2473.51	0
2473.8	0
2474.1	0
2474.39	0
2474.69	0
2474.98	0
2475.28	0
2475.57	0
2475.87	0
2476.17	0
2476.46	0
2476.76	0
2477.05	0
2477.35	0
2477.64	0
2477.94	0
2478.23	0
2478.53	0
2478.82	0
2479.12	0
2479.41	0
2479.71	0
2480	0
2480.3	0
2480.59	0
2480.89	0
2481.18	0
2481.48	0
2481.77	0
2482.07	0
2482.36	0
2482.66	0
2482.95	0
2483.25	0
2483.54	0
2483.84	0
2484.13	0
2484.43	0
2484.72	0
2485.02	0
2485.31	0
2485.6	0
2485.9	0
2486.19	0
2486.49	0
2486.78	0
2487.08	0
2487.37	0
2487.67	0
2487.96	0
2488.26	0
2488.55	0
2488.84	0
2489.14	0
2489.43	0
2489.73	0
2490.02	0
2490.32	0
2490.61	0
2490.9	0
2491.2	0
2491.49	0
2491.79	0
2492.08	0
2492.37	0
2492.67	0
2492.96	0
2493.26	0
2493.55	0
2493.84	0
2494.14	0
2494.43	0
2494.73	0
2495.02	0
2495.31	0
2495.61	0
2495.9	0
2496.2	0
2496.49	0
2496.78	0
2497.08	0
2497.37	0
2497.66	0
2497.96	0
2498.25	0
2498.54	0
2498.84	0
2499.13	0
2499.43	0
2499.72	0
2500.01	0
2500.31	0
2500.6	0
2500.89	0
2501.19	0
2501.48	0
2501.77	0
2502.07	0
2502.36	0
2502.65	0
2502.95	0
2503.24	0
2503.53	0
2503.82	0
2504.12	0
2504.41	0
2504.7	0
2505	0
2505.29	0
2505.58	0
2505.88	0
2506.17	0
2506.46	0
2506.76	0
2507.05	0
2507.34	0
2507.63	0
2507.93	0
2508.22	0
2508.51	0
2508.8	0
2509.1	0
2509.39	0
2509.68	0
2509.98	0
2510.27	0
2510.56	0
2510.85	0
2511.15	0
2511.44	0
2511.73	0
2512.02	0
2512.32	0
2512.61	0
2512.9	0
2513.19	0
2513.49	0
2513.78	0
2514.07	0
2514.36	0
2514.65	0
2514.95	0
2515.24	0
2515.53	0
2515.82	0
2516.12	0
2516.41	0
2516.7	0
2516.99	0
2517.28	0
2517.58	0
2517.87	0
2518.16	0
2518.45	0
2518.74	0
2519.04	0
2519.33	0
2519.62	0
2519.91	0
2520.2	0
2520.5	0
2520.79	0
2521.08	0
2521.37	0
2521.66	0
2521.95	0
2522.25	0
2522.54	0
2522.83	0
2523.12	0
2523.41	0
2523.7	0
2523.99	0
2524.29	0
2524.58	0
2524.87	0
2525.16	0
2525.45	0
2525.74	0
2526.03	0
2526.33	0
2526.62	0
2526.91	0
2527.2	0
2527.49	0
2527.78	0
2528.07	0
2528.36	0
2528.66	0
2528.95	0
2529.24	0
2529.53	0
2529.82	0
2530.11	0
2530.4	0
2530.69	0
2530.98	0
2531.27	0
2531.57	0
2531.86	0
2532.15	0
2532.44	0
2532.73	0
2533.02	0
2533.31	0
2533.6	0
2533.89	0
2534.18	0
2534.47	0
2534.76	0
2535.05	0
2535.35	0
2535.64	0
2535.93	0
2536.22	0
2536.51	0
2536.8	0
2537.09	0
2537.38	0
2537.67	0
2537.96	0
2538.25	0
2538.54	0
2538.83	0
2539.12	0
2539.41	0
2539.7	0
2539.99	0
2540.28	0
2540.57	0
2540.86	0
2541.15	0
2541.44	0
2541.73	0
2542.02	0
2542.31	0
2542.6	0
2542.89	0
2543.18	0
2543.47	0
2543.76	0
2544.05	0
2544.34	0
2544.63	0
2544.92	0
2545.21	0
2545.5	0
2545.79	0
2546.08	0
2546.37	0
2546.66	0
2546.95	0
2547.24	0
2547.53	0
2547.82	0
2548.11	0
2548.4	0
2548.69	0
2548.98	0
2549.27	0
2549.55	0
2549.84	0
2550.13	0
2550.42	0
2550.71	0
2551	0
2551.29	0
2551.58	0
2551.87	0
2552.16	0
2552.45	0
2552.74	0
2553.03	0
2553.31	0
2553.6	0
2553.89	0
2554.18	0
2554.47	0
2554.76	0
2555.05	0
2555.34	0
2555.63	0
2555.92	0
2556.2	0
2556.49	0
2556.78	0
2557.07	0
2557.36	0
2557.65	0
2557.94	0
2558.23	0
2558.51	0
2558.8	0
2559.09	0
2559.38	0
2559.67	0
2559.96	0
2560.25	0
2560.53	0
2560.82	0
2561.11	0
2561.4	0
2561.69	0
2561.98	0
2562.27	0
2562.55	0
2562.84	0
2563.13	0
2563.42	0
2563.71	0
2564	0
2564.28	0
2564.57	0
2564.86	0
2565.15	0
2565.44	0
2565.72	0
2566.01	0
2566.3	0
2566.59	0
2566.88	0
2567.16	0
2567.45	0
2567.74	0
2568.03	0
2568.32	0
2568.6	0
2568.89	0
2569.18	0
2569.47	0
2569.75	0

