Source: Spectrum Viewer

Chart: Pulse Spectrum

Series: 
Wavelength (nm)	S (a.u.)
1179.9	0
1180.29	0
1180.68	0
1181.06	0
1181.45	0
1181.83	0
1182.22	0
1182.6	0
1182.99	0
1183.38	0
1183.76	0
1184.15	0
1184.53	0
1184.92	0
1185.3	0
1185.69	0
1186.07	0
1186.46	0
1186.85	0
1187.23	0
1187.62	0
1188	0
1188.39	0
1188.77	0
1189.16	0
1189.54	0
1189.93	0
1190.31	0
1190.7	0
1191.08	0
1191.47	0
1191.85	0
1192.24	0
1192.62	0
1193.01	0
1193.39	0
1193.78	0
1194.16	0
1194.55	0
1194.93	0
1195.32	0
1195.7	0
1196.09	0
1196.47	0
1196.86	0
1197.24	0
1197.63	0
1198.01	0
1198.4	0
1198.78	0
1199.16	0
1199.55	0
1199.93	0
1200.32	0
1200.7	0
1201.09	0
1201.47	0
1201.86	0
1202.24	0
1202.63	0
1203.01	0
1203.39	0
1203.78	0
1204.16	0
1204.55	0
1204.93	0
1205.32	0
1205.7	0
1206.08	0
1206.47	0
1206.85	0
1207.24	0
1207.62	0
1208	0
1208.39	0
1208.77	0
1209.16	0
1209.54	0
1209.92	0
1210.31	0
1210.69	0
1211.08	0
1211.46	0
1211.84	0
1212.23	0
1212.61	0
1213	0
1213.38	0
1213.76	0
1214.15	0
1214.53	0
1214.91	0
1215.3	0
1215.68	0
1216.06	0
1216.45	0
1216.83	0
1217.22	0
1217.6	0
1217.98	0
1218.37	0
1218.75	0
1219.13	0
1219.52	0
1219.9	0
1220.28	0
1220.67	0
1221.05	0
1221.43	0
1221.82	0
1222.2	0
1222.58	0
1222.97	0
1223.35	0
1223.73	0
1224.11	0
1224.5	0
1224.88	0
1225.26	0
1225.65	0
1226.03	0
1226.41	0
1226.8	0
1227.18	0
1227.56	0
1227.94	0
1228.33	0
1228.71	0
1229.09	0
1229.47	0
1229.86	0
1230.24	0
1230.62	0
1231.01	0
1231.39	0
1231.77	0
1232.15	0
1232.54	0
1232.92	0
1233.3	0
1233.68	0
1234.07	0
1234.45	0
1234.83	0
1235.21	0
1235.6	0
1235.98	0
1236.36	0
1236.74	0
1237.12	0
1237.51	0
1237.89	0
1238.27	0
1238.65	0
1239.04	0
1239.42	0
1239.8	0
1240.18	0
1240.56	0
1240.95	0
1241.33	0
1241.71	0
1242.09	0
1242.47	0
1242.86	0
1243.24	0
1243.62	0
1244	0
1244.38	0
1244.77	0
1245.15	0
1245.53	0
1245.91	0
1246.29	0
1246.67	0
1247.06	0
1247.44	0
1247.82	0
1248.2	0
1248.58	0
1248.96	0
1249.34	0
1249.73	0
1250.11	0
1250.49	0
1250.87	0
1251.25	0
1251.63	0
1252.01	0
1252.4	0
1252.78	0
1253.16	0
1253.54	0
1253.92	0
1254.3	0
1254.68	0
1255.06	0
1255.45	0
1255.83	0
1256.21	0
1256.59	0
1256.97	0
1257.35	0
1257.73	0
1258.11	0
1258.49	0
1258.87	0
1259.26	0
1259.64	0
1260.02	0
1260.4	0
1260.78	0
1261.16	0
1261.54	0
1261.92	0
1262.3	0
1262.68	0
1263.06	0
1263.44	0
1263.82	0
1264.21	0
1264.59	0
1264.97	0
1265.35	0
1265.73	0
1266.11	0
1266.49	0
1266.87	0
1267.25	0
1267.63	0
1268.01	0
1268.39	0
1268.77	0
1269.15	0
1269.53	0
1269.91	0
1270.29	0
1270.67	0
1271.05	0
1271.43	0
1271.81	0
1272.19	0
1272.57	0
1272.95	0
1273.33	0
1273.71	0
1274.09	0
1274.47	0
1274.85	0
1275.23	0
1275.61	0
1275.99	0
1276.37	0
1276.75	0
1277.13	0
1277.51	0
1277.89	0
1278.27	0
1278.65	0
1279.03	0
1279.41	0
1279.79	0
1280.17	0
1280.55	0
1280.93	0
1281.31	0
1281.69	0
1282.07	0
1282.45	0
1282.82	0
1283.2	0
1283.58	0
1283.96	0
1284.34	0
1284.72	0
1285.1	0
1285.48	0
1285.86	0
1286.24	0
1286.62	0
1287	0
1287.38	0
1287.75	0
1288.13	0
1288.51	0
1288.89	0
1289.27	0
1289.65	0
1290.03	0
1290.41	0
1290.79	0
1291.17	0
1291.54	0
1291.92	0
1292.3	0
1292.68	0
1293.06	0
1293.44	0
1293.82	0
1294.2	0
1294.57	0
1294.95	0
1295.33	0
1295.71	0
1296.09	0
1296.47	0
1296.85	0
1297.22	0
1297.6	0
1297.98	0
1298.36	0
1298.74	0
1299.12	0
1299.5	0
1299.87	0
1300.25	0
1300.63	0
1301.01	0
1301.39	0
1301.77	0
1302.14	0
1302.52	0
1302.9	0
1303.28	0
1303.66	0
1304.03	0
1304.41	0
1304.79	0
1305.17	0
1305.55	0
1305.92	0
1306.3	0
1306.68	0
1307.06	0
1307.44	0
1307.81	0
1308.19	0
1308.57	0
1308.95	0
1309.32	0
1309.7	0
1310.08	0
1310.46	0
1310.84	0
1311.21	0
1311.59	0
1311.97	0
1312.35	0
1312.72	0
1313.1	0
1313.48	0
1313.86	0
1314.23	0
1314.61	0
1314.99	0
1315.37	0
1315.74	0
1316.12	0
1316.5	0
1316.87	0
1317.25	0
1317.63	0
1318.01	0
1318.38	0
1318.76	0
1319.14	0
1319.52	0
1319.89	0
1320.27	0
1320.65	0
1321.02	0
1321.4	0
1321.78	0
1322.15	0
1322.53	0
1322.91	0
1323.29	0
1323.66	0
1324.04	0
1324.42	0
1324.79	0
1325.17	0
1325.55	0
1325.92	0
1326.3	0
1326.68	0
1327.05	0
1327.43	0
1327.81	0
1328.18	0
1328.56	0
1328.94	0
1329.31	0
1329.69	0
1330.06	0
1330.44	0
1330.82	0
1331.19	0
1331.57	0
1331.95	0
1332.32	0
1332.7	0
1333.08	0
1333.45	0
1333.83	0
1334.2	0
1334.58	0
1334.96	0
1335.33	0
1335.71	0
1336.08	0
1336.46	0
1336.84	0
1337.21	0
1337.59	0
1337.96	0
1338.34	0
1338.72	0
1339.09	0
1339.47	0
1339.84	0
1340.22	0
1340.6	0
1340.97	0
1341.35	0
1341.72	0
1342.1	0
1342.47	0
1342.85	0
1343.23	0
1343.6	0
1343.98	0
1344.35	0
1344.73	0
1345.1	0
1345.48	0
1345.85	0
1346.23	0
1346.61	0
1346.98	0
1347.36	0
1347.73	0
1348.11	0
1348.48	0
1348.86	0
1349.23	0
1349.61	0
1349.98	0
1350.36	0
1350.73	0
1351.11	0
1351.48	0
1351.86	0
1352.23	0
1352.61	0
1352.98	0
1353.36	0
1353.73	0
1354.11	0
1354.48	0
1354.86	0
1355.23	0
1355.61	0
1355.98	0
1356.36	0
1356.73	0
1357.11	0
1357.48	0
1357.86	0
1358.23	0
1358.61	0
1358.98	0
1359.35	0
1359.73	0
1360.1	0
1360.48	0
1360.85	0
1361.23	0
1361.6	0
1361.98	0
1362.35	0
1362.72	0
1363.1	0
1363.47	0
1363.85	0
1364.22	0
1364.6	0
1364.97	0
1365.34	0
1365.72	0
1366.09	0
1366.47	0
1366.84	0
1367.22	0
1367.59	0
1367.96	0
1368.34	0
1368.71	0
1369.09	0.04
1369.46	-0.84
1369.83	-0.8
1370.21	-0.8
1370.58	-0.76
1370.96	-0.8
1371.33	0.12
1371.7	0.08
1372.08	0.08
1372.45	0.04
1372.82	0.04
1373.2	0.24
1373.57	0.28
1373.95	0.52
1374.32	0.56
1374.69	0.56
1375.07	0.32
1375.44	0.32
1375.81	0.48
1376.19	0.44
1376.56	0.44
1376.93	0.44
1377.31	0.4
1377.68	0.04
1378.05	0.28
1378.43	0.28
1378.8	0.76
1379.17	0.76
1379.55	0.92
1379.92	0.68
1380.29	0.72
1380.67	0.24
1381.04	0.24
1381.41	0.04
1381.79	0.04
1382.16	0
1382.53	0
1382.91	-0.96
1383.28	-0.96
1383.65	-0.96
1384.03	-0.96
1384.4	-0.96
1384.77	0
1385.14	0.52
1385.52	0.8
1385.89	0.8
1386.26	0.8
1386.64	0.8
1387.01	0.28
1387.38	0
1387.75	0
1388.13	0.2
1388.5	0.24
1388.87	0.32
1389.25	0.48
1389.62	0.36
1389.99	0.24
1390.36	0.36
1390.74	0.68
1391.11	0.52
1391.48	0.92
1391.85	1
1392.23	0.92
1392.6	0.52
1392.97	0.52
1393.34	0.44
1393.72	0.28
1394.09	0.2
1394.46	0.24
1394.83	0.24
1395.21	0.12
1395.58	0.12
1395.95	0.12
1396.32	0.08
1396.69	0.16
1397.07	0.24
1397.44	0.24
1397.81	0.24
1398.18	0.24
1398.55	0.16
1398.93	0
1399.3	0.12
1399.67	0.8
1400.04	1.04
1400.41	1.24
1400.79	1.32
1401.16	1.2
1401.53	0.76
1401.9	0.52
1402.27	0.64
1402.65	0.64
1403.02	0.68
1403.39	0.48
1403.76	0.24
1404.13	3.49723e-17
1404.51	0.16
1404.88	0.12
1405.25	0.32
1405.62	0.72
1405.99	0.64
1406.36	0.4
1406.74	0.44
1407.11	0.2
1407.48	0.16
1407.85	-0.76
1408.22	-0.56
1408.59	-0.2
1408.96	-0.12
1409.34	0.16
1409.71	1.28
1410.08	1.32
1410.45	0.96
1410.82	0.88
1411.19	0.48
1411.56	0.28
1411.93	0.28
1412.31	0.24
1412.68	0.32
1413.05	0.32
1413.42	0.48
1413.79	0.24
1414.16	0.04
1414.53	2.4425e-17
1414.9	-0.04
1415.27	-0.2
1415.65	-0.12
1416.02	0.08
1416.39	0.16
1416.76	0.2
1417.13	0.2
1417.5	0.24
1417.87	0.24
1418.24	0.12
1418.61	0.12
1418.98	0.16
1419.35	0.16
1419.73	0.16
1420.1	0.16
1420.47	0.16
1420.84	0.12
1421.21	0.2
1421.58	0.2
1421.95	0.24
1422.32	0.24
1422.69	0.24
1423.06	0.04
1423.43	0.08
1423.8	0.16
1424.17	0.16
1424.54	0.44
1424.91	0.56
1425.28	0.52
1425.65	0.4
1426.02	0.4
1426.39	0.12
1426.76	-0.56
1427.14	-0.56
1427.51	-0.48
1427.88	-0.28
1428.25	-0.28
1428.62	0.28
1428.99	0.28
1429.36	0.4
1429.73	0.28
1430.1	0.28
1430.47	0.28
1430.84	0.48
1431.21	0.4
1431.58	0.32
1431.95	0.72
1432.32	0.52
1432.69	0.36
1433.06	0.32
1433.43	0.32
1433.8	-0.08
1434.17	0.12
1434.54	0.36
1434.91	0.28
1435.28	0.28
1435.64	0.28
1436.01	-0.32
1436.38	-0.4
1436.75	-0.4
1437.12	-0.4
1437.49	-0.32
1437.86	0.48
1438.23	0.28
1438.6	0.4
1438.97	0.88
1439.34	1
1439.71	0.8
1440.08	1.2
1440.45	1.08
1440.82	5.55112e-17
1441.19	-0.2
1441.56	-0.16
1441.93	-0.56
1442.3	-0.56
1442.67	-1.56
1443.03	-1.36
1443.4	-1.4
1443.77	-1.4
1444.14	-1.4
1444.51	0.2
1444.88	0.08
1445.25	0.36
1445.62	0.36
1445.99	0.36
1446.36	0.36
1446.73	0.32
1447.09	0.12
1447.46	0.12
1447.83	0.44
1448.2	0.44
1448.57	0.24
1448.94	0.48
1449.31	0.48
1449.68	0.2
1450.05	0.2
1450.41	0.48
1450.78	-0.12
1451.15	-0.12
1451.52	-0.16
1451.89	-0.16
1452.26	-0.28
1452.63	0.24
1453	0.24
1453.36	0.24
1453.73	0.52
1454.1	0.68
1454.47	0.6
1454.84	0.68
1455.21	0.68
1455.57	0.04
1455.94	-0.12
1456.31	-0.24
1456.68	-0.04
1457.05	0.12
1457.42	0.48
1457.78	0.48
1458.15	0.44
1458.52	0.2
1458.89	0.04
1459.26	0.12
1459.63	0.12
1459.99	0.12
1460.36	0.24
1460.73	0.36
1461.1	0.28
1461.47	0.28
1461.83	0.4
1462.2	0.24
1462.57	0.16
1462.94	0.16
1463.31	0.16
1463.67	0.16
1464.04	0.08
1464.41	0.56
1464.78	-0.04
1465.15	-0.04
1465.51	-0.16
1465.88	-0.08
1466.25	-0.6
1466.62	0
1466.98	0.16
1467.35	0.16
1467.72	0.16
1468.09	0.4
1468.46	0.4
1468.82	0.28
1469.19	0.4
1469.56	0.4
1469.93	0.16
1470.29	0.16
1470.66	0.36
1471.03	0.56
1471.4	0.56
1471.76	0.6
1472.13	0.64
1472.5	0.4
1472.86	0.08
1473.23	0.08
1473.6	0.04
1473.97	0.08
1474.33	0.24
1474.7	0.36
1475.07	0.36
1475.44	0.44
1475.8	0.36
1476.17	0.24
1476.54	0.16
1476.9	0.2
1477.27	0.28
1477.64	0.28
1478	0.24
1478.37	0.2
1478.74	0.2
1479.11	0.04
1479.47	0.28
1479.84	0.28
1480.21	0.32
1480.57	0.32
1480.94	0.32
1481.31	0.28
1481.67	0.32
1482.04	0.28
1482.41	0.32
1482.77	0.84
1483.14	0.64
1483.51	0.6
1483.87	0.72
1484.24	0.68
1484.61	0.2
1484.97	0.24
1485.34	0.4
1485.71	-0.72
1486.07	-0.76
1486.44	-0.8
1486.81	-0.72
1487.17	-0.88
1487.54	0.12
1487.9	0.12
1488.27	0.12
1488.64	-0.2
1489	-0.2
1489.37	-0.08
1489.74	0.16
1490.1	0.6
1490.47	1.28
1490.83	1.32
1491.2	1.2
1491.57	1.12
1491.93	0.68
1492.3	0.2
1492.66	0.16
1493.03	0.16
1493.4	0.04
1493.76	0.04
1494.13	0.04
1494.49	0.08
1494.86	0.32
1495.23	0.32
1495.59	0.4
1495.96	-0.68
1496.32	-0.72
1496.69	-0.68
1497.06	-0.64
1497.42	-1.52
1497.79	-0.24
1498.15	-0.24
1498.52	-0.52
1498.88	-0.28
1499.25	0.6
1499.62	0.04
1499.98	0.04
1500.35	0.04
1500.71	-0.28
1501.08	-0.36
1501.44	0
1501.81	0
1502.17	0.08
1502.54	0.08
1502.9	0.24
1503.27	0.64
1503.64	0.76
1504	0.68
1504.37	0.68
1504.73	0.56
1505.1	0.48
1505.46	0.36
1505.83	0.44
1506.19	0.44
1506.56	0.4
1506.92	0.08
1507.29	0.16
1507.65	0.28
1508.02	0.44
1508.38	0.44
1508.75	0.44
1509.11	0.36
1509.48	0.32
1509.84	0.16
1510.21	0.16
1510.57	0.16
1510.94	0.16
1511.3	0
1511.67	0.04
1512.03	0.12
1512.4	0.16
1512.76	0.32
1513.13	-0.68
1513.49	-0.52
1513.85	-0.44
1514.22	-0.44
1514.58	-0.6
1514.95	0.4
1515.31	0.2
1515.68	0.04
1516.04	0
1516.41	0.24
1516.77	0.24
1517.14	0.24
1517.5	0.24
1517.86	0.44
1518.23	0.36
1518.59	0.4
1518.96	0.4
1519.32	0.52
1519.69	0.36
1520.05	0.2
1520.41	0.36
1520.78	0.64
1521.14	0.56
1521.51	0.8
1521.87	0.8
1522.24	0.84
1522.6	0.56
1522.96	0.52
1523.33	0.24
1523.69	0.24
1524.06	0
1524.42	0.48
1524.78	0.8
1525.15	0.8
1525.51	0.84
1525.88	0.96
1526.24	0.48
1526.6	0.36
1526.97	0.4
1527.33	0.36
1527.69	0.28
1528.06	0.28
1528.42	0.44
1528.79	0.4
1529.15	-0.4
1529.51	-0.44
1529.88	-0.44
1530.24	-0.72
1530.6	-0.52
1530.97	0.4
1531.33	0.56
1531.69	0.68
1532.06	0.84
1532.42	0.64
1532.78	0.52
1533.15	0.36
1533.51	0.24
1533.87	0
1534.24	0
1534.6	0.12
1534.96	0.32
1535.33	0.32
1535.69	0.32
1536.05	0.32
1536.42	0.24
1536.78	0.08
1537.14	0.16
1537.51	0.2
1537.87	0.2
1538.23	0.16
1538.6	0.12
1538.96	0.28
1539.32	0.24
1539.68	0.24
1540.05	0.32
1540.41	0.32
1540.77	0.08
1541.14	0.2
1541.5	0.32
1541.86	0.24
1542.23	0.24
1542.59	0.24
1542.95	0.12
1543.31	0.04
1543.68	0.04
1544.04	0.16
1544.4	0.16
1544.76	0.16
1545.13	0.12
1545.49	0.12
1545.85	0
1546.21	0.04
1546.58	0.24
1546.94	0.24
1547.3	0.24
1547.66	0.24
1548.03	0.2
1548.39	0
1548.75	0.08
1549.11	0.08
1549.48	0.08
1549.84	0.08
1550.2	0.28
1550.56	0.44
1550.93	0.44
1551.29	0.76
1551.65	0.76
1552.01	0.56
1552.37	0.44
1552.74	0.52
1553.1	0.32
1553.46	0.32
1553.82	0.4
1554.18	0.28
1554.55	0.2
1554.91	0.08
1555.27	0.36
1555.63	0.28
1555.99	0.6
1556.36	0.6
1556.72	-0.92
1557.08	-1.2
1557.44	-1.08
1557.8	-1.4
1558.17	-1.36
1558.53	0.24
1558.89	0.32
1559.25	0.24
1559.61	0.24
1559.97	0.32
1560.34	0.48
1560.7	0.4
1561.06	0.36
1561.42	0.44
1561.78	0.72
1562.14	0.08
1562.5	0.08
1562.87	0.2
1563.23	0.16
1563.59	-0.64
1563.95	-0.24
1564.31	-0.24
1564.67	-0.36
1565.03	-0.4
1565.4	0.16
1565.76	0.24
1566.12	0.24
1566.48	0.32
1566.84	0.52
1567.2	0.68
1567.56	0.4
1567.92	0.4
1568.29	0.36
1568.65	0.16
1569.01	-0.16
1569.37	-0.36
1569.73	-0.36
1570.09	-0.16
1570.45	-0.16
1570.81	-0.16
1571.17	0.24
1571.53	0.24
1571.89	0.12
1572.26	0.12
1572.62	0.32
1572.98	0.32
1573.34	0.32
1573.7	0.48
1574.06	0.48
1574.42	0.28
1574.78	0.12
1575.14	0.56
1575.5	0.28
1575.86	-0.2
1576.22	-0.2
1576.58	0.04
1576.94	5.55112e-17
1577.3	0.12
1577.67	0.6
1578.03	0.6
1578.39	0.52
1578.75	0.12
1579.11	0.12
1579.47	0.12
1579.83	0.2
1580.19	0.36
1580.55	0.44
1580.91	0.36
1581.27	0.36
1581.63	0.36
1581.99	0.2
1582.35	0.12
1582.71	0.2
1583.07	0.2
1583.43	0.16
1583.79	0.16
1584.15	0.16
1584.51	0.36
1584.87	0.84
1585.23	0.8
1585.59	0.8
1585.95	0.8
1586.31	0.48
1586.67	0.16
1587.03	0.44
1587.39	0.48
1587.75	0.48
1588.11	0.52
1588.47	0.48
1588.83	0.6
1589.19	0.68
1589.55	0.68
1589.91	0.68
1590.27	0.72
1590.63	0.56
1590.99	0.6
1591.35	0.6
1591.71	0.64
1592.07	0.52
1592.42	0.28
1592.78	0.4
1593.14	0.48
1593.5	0.48
1593.86	0.44
1594.22	0.44
1594.58	0.16
1594.94	0.08
1595.3	0
1595.66	0.24
1596.02	0.24
1596.38	0.24
1596.74	0.24
1597.1	0.24
1597.46	0.08
1597.81	0.16
1598.17	0.32
1598.53	0.48
1598.89	0.48
1599.25	0.56
1599.61	0.48
1599.97	0.32
1600.33	0.16
1600.69	0.16
1601.05	0.08
1601.4	0.08
1601.76	-0.32
1602.12	-0.04
1602.48	-0.04
1602.84	-0.12
1603.2	-0.12
1603.56	0.28
1603.92	0.04
1604.28	0.08
1604.63	0.28
1604.99	0.28
1605.35	0.28
1605.71	0.24
1606.07	0.2
1606.43	0
1606.79	0.04
1607.14	0.56
1607.5	0.56
1607.86	0.56
1608.22	1.2
1608.58	1.44
1608.94	0.92
1609.29	0.92
1609.65	1.12
1610.01	0.48
1610.37	0.28
1610.73	0.28
1611.09	0.28
1611.44	0.08
1611.8	0.08
1612.16	0.04
1612.52	0.04
1612.88	0.24
1613.24	0.68
1613.59	0.68
1613.95	0.64
1614.31	0.68
1614.67	0.48
1615.03	0.16
1615.38	0.2
1615.74	0.2
1616.1	0.4
1616.46	0.4
1616.82	0.28
1617.17	0.24
1617.53	0.68
1617.89	0.8
1618.25	0.8
1618.6	0.8
1618.96	0.88
1619.32	0.44
1619.68	0.28
1620.04	0.32
1620.39	0.32
1620.75	0.24
1621.11	0.36
1621.47	0.2
1621.82	0.32
1622.18	0.32
1622.54	0.52
1622.9	0.52
1623.25	-0.36
1623.61	-0.52
1623.97	-0.52
1624.33	-0.64
1624.68	-0.96
1625.04	0.24
1625.4	0.32
1625.75	-0.16
1626.11	-0.24
1626.47	-0.04
1626.83	-0.4
1627.18	-0.32
1627.54	0.48
1627.9	0.48
1628.26	0.48
1628.61	0.84
1628.97	0.8
1629.33	0.48
1629.68	0.48
1630.04	0.56
1630.4	-0.32
1630.75	-0.2
1631.11	-0.16
1631.47	-0.36
1631.83	-0.44
1632.18	0.12
1632.54	-0.08
1632.9	-0.08
1633.25	0.12
1633.61	0.12
1633.97	0.08
1634.32	0.24
1634.68	0.24
1635.04	0.56
1635.39	0.56
1635.75	1
1636.11	1.04
1636.46	1
1636.82	0.68
1637.18	0.68
1637.53	0.24
1637.89	0
1638.25	0.16
1638.6	0.28
1638.96	0.36
1639.31	0.44
1639.67	0.56
1640.03	0.4
1640.38	0.36
1640.74	0.28
1641.1	0.2
1641.45	0.08
1641.81	0.08
1642.16	0
1642.52	0.12
1642.88	0.12
1643.23	-0.48
1643.59	-0.48
1643.95	-0.48
1644.3	-0.44
1644.66	-0.4
1645.01	0.4
1645.37	0.48
1645.73	0.48
1646.08	0.48
1646.44	0.44
1646.79	-0.36
1647.15	-0.4
1647.51	-0.4
1647.86	-0.56
1648.22	-0.4
1648.57	-0.4
1648.93	-0.44
1649.28	-0.36
1649.64	-0.32
1650	-0.4
1650.35	0.84
1650.71	1.2
1651.06	1.16
1651.42	1.12
1651.77	1.04
1652.13	0.4
1652.48	0.64
1652.84	0.6
1653.2	0.68
1653.55	0.72
1653.91	0.76
1654.26	0.36
1654.62	0.48
1654.97	0.56
1655.33	0.88
1655.68	1.04
1656.04	0.84
1656.39	0.76
1656.75	0.6
1657.1	0.24
1657.46	0.04
1657.81	0.04
1658.17	0.08
1658.52	0.08
1658.88	0.08
1659.23	0.08
1659.59	0.24
1659.94	0.16
1660.3	0.16
1660.65	0.16
1661.01	0.16
1661.36	0.04
1661.72	0.24
1662.07	0.36
1662.43	0.4
1662.78	0.56
1663.14	0.52
1663.49	0.32
1663.85	0.44
1664.2	0.4
1664.56	0.24
1664.91	-1.44
1665.27	-1.04
1665.62	-1.28
1665.98	-1.28
1666.33	-1.28
1666.69	0.64
1667.04	0.24
1667.39	0.24
1667.75	0.24
1668.1	0.24
1668.46	0.12
1668.81	0.32
1669.17	0.32
1669.52	0.64
1669.88	0.64
1670.23	0.52
1670.58	0.4
1670.94	0.56
1671.29	0.28
1671.65	0.36
1672	0.36
1672.36	0.28
1672.71	0.12
1673.06	0.12
1673.42	0.04
1673.77	0.08
1674.13	0.12
1674.48	0.36
1674.83	0.56
1675.19	0.56
1675.54	0.52
1675.9	0.52
1676.25	0.4
1676.6	0.24
1676.96	0.24
1677.31	0.56
1677.67	0.6
1678.02	0.84
1678.37	0.84
1678.73	1.04
1679.08	1.12
1679.43	1.04
1679.79	0.84
1680.14	0.84
1680.5	0.4
1680.85	0.04
1681.2	0.04
1681.56	-0.12
1681.91	0.08
1682.26	0.4
1682.62	0.36
1682.97	0.4
1683.32	0.76
1683.68	0.96
1684.03	0.96
1684.38	1.16
1684.74	1.28
1685.09	1.08
1685.44	0.56
1685.8	0.6
1686.15	0.52
1686.5	0.36
1686.86	0.24
1687.21	0.08
1687.56	0.04
1687.92	-0.08
1688.27	0.12
1688.62	0.2
1688.98	0.6
1689.33	0.56
1689.68	0.76
1690.03	0.64
1690.39	0.6
1690.74	0.44
1691.09	0.48
1691.45	-0.12
1691.8	0.04
1692.15	0.04
1692.5	7.21672e-18
1692.86	-0.08
1693.21	0.32
1693.56	0.16
1693.92	0.36
1694.27	-0.16
1694.62	-0.16
1694.97	0.24
1695.33	0.4
1695.68	0.48
1696.03	1.24
1696.38	1.24
1696.74	0.84
1697.09	0.4
1697.44	0.16
1697.79	0.04
1698.15	0.12
1698.5	0.32
1698.85	0.72
1699.2	0.24
1699.56	0.12
1699.91	0.24
1700.26	0.08
1700.61	0.08
1700.97	0.44
1701.32	0.6
1701.67	0.56
1702.02	0.64
1702.37	0.6
1702.73	0.68
1703.08	0.72
1703.43	0.56
1703.78	0.56
1704.13	0.48
1704.49	0.44
1704.84	0.76
1705.19	0.96
1705.54	1.12
1705.89	1.04
1706.25	1
1706.6	0.52
1706.95	0.36
1707.3	0.08
1707.65	0.32
1708.01	0.36
1708.36	0.48
1708.71	0.44
1709.06	0.44
1709.41	0.2
1709.76	0.16
1710.12	0.08
1710.47	0.16
1710.82	0.16
1711.17	0.32
1711.52	0.32
1711.87	0.24
1712.23	0.24
1712.58	0.32
1712.93	0.28
1713.28	0.28
1713.63	0.44
1713.98	0.56
1714.33	0.48
1714.69	0.36
1715.04	0.36
1715.39	0.2
1715.74	0
1716.09	0
1716.44	0.16
1716.79	0.16
1717.14	0.16
1717.5	0.16
1717.85	0.24
1718.2	0.12
1718.55	0.4
1718.9	0.6
1719.25	0.68
1719.6	0.8
1719.95	1.16
1720.3	0.92
1720.65	0.72
1721.01	0.72
1721.36	0.52
1721.71	0.52
1722.06	-0.12
1722.41	2.88669e-17
1722.76	-0.08
1723.11	0.04
1723.46	-0.36
1723.81	0.24
1724.16	0.12
1724.51	0.12
1724.86	0
1725.21	0.2
1725.56	0.2
1725.92	0.32
1726.27	0.52
1726.62	0.68
1726.97	0.48
1727.32	0.12
1727.67	0.04
1728.02	-0.12
1728.37	-0.12
1728.72	0.12
1729.07	0.88
1729.42	0.96
1729.77	1.04
1730.12	0.88
1730.47	0.64
1730.82	0.92
1731.17	1.04
1731.52	0.92
1731.87	1.08
1732.22	1.44
1732.57	0.84
1732.92	0.76
1733.27	1
1733.62	1.04
1733.97	0.84
1734.32	0.84
1734.67	1.08
1735.02	0.56
1735.37	0.52
1735.72	0.44
1736.07	0.44
1736.42	0.08
1736.77	0.36
1737.12	0.32
1737.47	0.28
1737.82	0.32
1738.17	0.32
1738.52	0.52
1738.87	0.56
1739.22	0.64
1739.57	0.52
1739.92	0.64
1740.27	0.6
1740.62	0.6
1740.97	0.6
1741.32	1.04
1741.67	1.04
1742.02	0.88
1742.37	0.72
1742.72	1
1743.06	0.56
1743.41	0.84
1743.76	0.84
1744.11	-0.28
1744.46	-0.2
1744.81	-0.08
1745.16	-0.52
1745.51	-0.48
1745.86	0.88
1746.21	0.4
1746.56	0.44
1746.91	0.44
1747.26	0.96
1747.6	0.88
1747.95	1.08
1748.3	1.2
1748.65	1.2
1749	1
1749.35	0.88
1749.7	0.92
1750.05	0.88
1750.4	1.24
1750.75	1.12
1751.09	1.6
1751.44	1.56
1751.79	0.96
1752.14	0.68
1752.49	0.72
1752.84	0.68
1753.19	0.92
1753.54	1.56
1753.88	1.48
1754.23	1.28
1754.58	0.84
1754.93	0.4
1755.28	0.2
1755.63	0.24
1755.98	0.52
1756.32	0.8
1756.67	1
1757.02	1.12
1757.37	1.16
1757.72	1.28
1758.07	1.08
1758.42	1.12
1758.76	1.16
1759.11	0.8
1759.46	0.6
1759.81	0.48
1760.16	0.24
1760.5	0.68
1760.85	1.12
1761.2	1.2
1761.55	1.24
1761.9	1.44
1762.25	1.32
1762.59	1.24
1762.94	0.88
1763.29	0.88
1763.64	0.72
1763.99	0.2
1764.33	0.12
1764.68	0.36
1765.03	0.4
1765.38	0.48
1765.73	0.44
1766.07	0.44
1766.42	0.68
1766.77	0.64
1767.12	0.72
1767.46	0.88
1767.81	0.88
1768.16	0.4
1768.51	0.36
1768.85	0.16
1769.2	0.16
1769.55	0.16
1769.9	0.16
1770.25	0.16
1770.59	0.88
1770.94	0.76
1771.29	1.04
1771.64	1.04
1771.98	1.4
1772.33	0.68
1772.68	1.28
1773.02	1.16
1773.37	1.36
1773.72	1.2
1774.07	1.2
1774.41	0.84
1774.76	0.68
1775.11	0.96
1775.46	0.76
1775.8	0.88
1776.15	0.72
1776.5	0.76
1776.84	0.28
1777.19	0.56
1777.54	0.88
1777.89	0.88
1778.23	0.92
1778.58	1.2
1778.93	0.92
1779.27	0.52
1779.62	0.88
1779.97	0.8
1780.31	1
1780.66	1.12
1781.01	1.12
1781.35	0.68
1781.7	0.72
1782.05	0.52
1782.39	0.4
1782.74	0.36
1783.09	0.32
1783.43	0.28
1783.78	0.4
1784.13	0.4
1784.47	-0.2
1784.82	-0.2
1785.17	0.16
1785.51	0.2
1785.86	0.4
1786.21	1.08
1786.55	1.08
1786.9	0.72
1787.25	0.28
1787.59	0.44
1787.94	0.36
1788.29	0.36
1788.63	0.36
1788.98	0.44
1789.32	0.16
1789.67	0.24
1790.02	0.56
1790.36	1
1790.71	1
1791.06	1.08
1791.4	1
1791.75	0.68
1792.09	0.76
1792.44	0.84
1792.79	-0.68
1793.13	-0.68
1793.48	-0.56
1793.82	-1.08
1794.17	-3.44
1794.52	-1.72
1794.86	-1.72
1795.21	-1.56
1795.55	-1.2
1795.9	0.8
1796.24	0.68
1796.59	1.2
1796.94	0.92
1797.28	0.6
1797.63	0.84
1797.97	0.8
1798.32	0.72
1798.66	0.84
1799.01	0.92
1799.36	0.92
1799.7	0.96
1800.05	0.84
1800.39	1
1800.74	1.2
1801.08	1.24
1801.43	1.16
1801.77	0.92
1802.12	1.08
1802.46	1.16
1802.81	1.44
1803.15	1.68
1803.5	1.8
1803.85	1.56
1804.19	1.2
1804.54	1.4
1804.88	1
1805.23	0.84
1805.57	0.96
1805.92	1.76
1806.26	1.76
1806.61	2.2
1806.95	3
1807.3	3.64
1807.64	3.32
1807.99	3.24
1808.33	3.56
1808.68	2.88
1809.02	2.2
1809.37	2.56
1809.71	2.76
1810.06	2.56
1810.4	3.04
1810.75	3.12
1811.09	3.44
1811.43	4.32
1811.78	5.88
1812.12	6.24
1812.47	7.92
1812.81	7.76
1813.16	6.72
1813.5	5.52
1813.85	6.08
1814.19	4.48
1814.54	4.12
1814.88	4.76
1815.23	3.84
1815.57	2.44
1815.91	2
1816.26	1.6
1816.6	1.48
1816.95	1.96
1817.29	2.32
1817.64	3.24
1817.98	2.12
1818.32	2
1818.67	1.72
1819.01	3.08
1819.36	2.72
1819.7	4
1820.05	5
1820.39	6.48
1820.73	5.92
1821.08	7.76
1821.42	8.08
1821.77	6.72
1822.11	5.84
1822.45	4.88
1822.8	3.24
1823.14	3.56
1823.49	3.72
1823.83	4
1824.17	4.88
1824.52	6.12
1824.86	6.36
1825.2	6.44
1825.55	6.92
1825.89	6.8
1826.24	5.08
1826.58	4.8
1826.92	4.28
1827.27	4.48
1827.61	4.56
1827.95	5.56
1828.3	6.48
1828.64	7.36
1828.98	6.2
1829.33	5.84
1829.67	5.92
1830.02	5.6
1830.36	5.2
1830.7	5.28
1831.05	6.24
1831.39	7.08
1831.73	7.04
1832.08	7.44
1832.42	7.96
1832.76	7.32
1833.1	6.64
1833.45	6.8
1833.79	6.6
1834.13	6.24
1834.48	6.4
1834.82	6.6
1835.16	6.48
1835.51	6.92
1835.85	7.68
1836.19	7.12
1836.54	6.88
1836.88	6.4
1837.22	6
1837.56	5
1837.91	3.76
1838.25	3.24
1838.59	3.48
1838.94	3.56
1839.28	4.04
1839.62	5.84
1839.96	6.6
1840.31	5.72
1840.65	4.64
1840.99	4
1841.34	3.48
1841.68	3.52
1842.02	4.92
1842.36	6.32
1842.71	6.32
1843.05	6.64
1843.39	5.6
1843.73	4.96
1844.08	4.6
1844.42	5.28
1844.76	5.72
1845.1	6.68
1845.45	6.56
1845.79	6.8
1846.13	7.28
1846.47	6.84
1846.81	6.24
1847.16	5.16
1847.5	4.6
1847.84	4
1848.18	4.28
1848.53	4.12
1848.87	4.68
1849.21	4.76
1849.55	4.6
1849.89	4.32
1850.24	4.28
1850.58	5
1850.92	5.52
1851.26	5.72
1851.6	6.12
1851.95	5.76
1852.29	5.16
1852.63	4.6
1852.97	4.08
1853.31	3.68
1853.66	3.4
1854	3.2
1854.34	2.6
1854.68	2.88
1855.02	2.68
1855.36	3.12
1855.71	3.76
1856.05	4.24
1856.39	3.96
1856.73	3.36
1857.07	3.08
1857.41	3.16
1857.76	2.96
1858.1	2.52
1858.44	2.96
1858.78	3.28
1859.12	2.48
1859.46	2.6
1859.8	2.96
1860.15	2.2
1860.49	1.68
1860.83	1.72
1861.17	1.4
1861.51	1.16
1861.85	1.84
1862.19	1.84
1862.53	2.2
1862.88	2.44
1863.22	2.44
1863.56	2.16
1863.9	2.2
1864.24	1.52
1864.58	0.88
1864.92	0.68
1865.26	0.72
1865.6	0.52
1865.94	0.6
1866.29	1.04
1866.63	1.04
1866.97	0.6
1867.31	0.84
1867.65	0.68
1867.99	0.72
1868.33	0.84
1868.67	0.84
1869.01	0.64
1869.35	-0.28
1869.69	-0.52
1870.03	-0.4
1870.37	-0.2
1870.72	-0.16
1871.06	0.8
1871.4	0.8
1871.74	0.56
1872.08	0.36
1872.42	0.24
1872.76	0.08
1873.1	0.4
1873.44	0.44
1873.78	-5.77338e-17
1874.12	-5.77338e-17
1874.46	-0.08
1874.8	-0.48
1875.14	-0.4
1875.48	0.08
1875.82	0.28
1876.16	0.36
1876.5	0.36
1876.84	0.4
1877.18	0.64
1877.52	0.36
1877.86	0.72
1878.2	0.76
1878.54	5.55112e-17
1878.88	-0.08
1879.22	0
1879.56	-0.36
1879.9	-1
1880.24	-0.4
1880.58	-0.8
1880.92	-0.48
1881.26	-0.24
1881.6	0.36
1881.94	0.36
1882.28	0.56
1882.62	0.24
1882.96	0
1883.3	0.04
1883.64	0.04
1883.98	0.68
1884.32	0.8
1884.66	0.92
1885	0.88
1885.34	0.88
1885.68	0.24
1886.02	0.12
1886.36	0.04
1886.7	0.04
1887.04	0.04
1887.38	0.04
1887.72	0.04
1888.06	-0.4
1888.39	-0.4
1888.73	-0.32
1889.07	-0.32
1889.41	-0.32
1889.75	-0.52
1890.09	-0.16
1890.43	0.24
1890.77	0.24
1891.11	0.24
1891.45	0.84
1891.79	0.56
1892.13	0.08
1892.47	0.32
1892.8	0.56
1893.14	0.56
1893.48	0.08
1893.82	0.24
1894.16	-1.33221e-17
1894.5	-0.16
1894.84	4.2189e-17
1895.18	0.6
1895.52	0.8
1895.86	0.8
1896.19	0.96
1896.53	0.92
1896.87	0.72
1897.21	0.36
1897.55	0.36
1897.89	0.28
1898.23	0.44
1898.57	0.56
1898.9	0.56
1899.24	0.56
1899.58	0.4
1899.92	0.44
1900.26	0.68
1900.6	0.84
1900.94	0.72
1901.27	1.24
1901.61	1
1901.95	0.64
1902.29	0.92
1902.63	1.2
1902.97	0.68
1903.3	0.6
1903.64	0.6
1903.98	0.16
1904.32	0.12
1904.66	0.2
1905	0.68
1905.33	0.68
1905.67	0.84
1906.01	0.72
1906.35	0.72
1906.69	0.44
1907.02	0.44
1907.36	0.28
1907.7	0.28
1908.04	0.24
1908.38	0.04
1908.71	0.04
1909.05	0.04
1909.39	0.2
1909.73	0.16
1910.07	0.16
1910.4	0.16
1910.74	0.2
1911.08	0.08
1911.42	0.2
1911.76	0.2
1912.09	0
1912.43	0.08
1912.77	0.44
1913.11	0.48
1913.44	0.64
1913.78	0.64
1914.12	0.52
1914.46	0.32
1914.79	0.16
1915.13	0
1915.47	0.12
1915.81	0.24
1916.14	0.04
1916.48	0.28
1916.82	0.28
1917.16	0.28
1917.49	0.16
1917.83	0.44
1918.17	0.2
1918.5	0.68
1918.84	0.96
1919.18	0.96
1919.52	1.12
1919.85	1.32
1920.19	0.84
1920.53	0.84
1920.87	0.96
1921.2	0.52
1921.54	0.48
1921.88	0.48
1922.21	0.28
1922.55	0.48
1922.89	0.6
1923.22	0.44
1923.56	0.72
1923.9	0.72
1924.23	0.76
1924.57	0.04
1924.91	0.04
1925.25	0.08
1925.58	0.16
1925.92	0.12
1926.26	0.76
1926.59	0.96
1926.93	0.64
1927.27	0.6
1927.6	0.52
1927.94	0.48
1928.28	0.28
1928.61	0.44
1928.95	0.44
1929.29	0.52
1929.62	0.76
1929.96	1.08
1930.29	1.12
1930.63	1.12
1930.97	0.8
1931.3	0.8
1931.64	0.88
1931.98	0.76
1932.31	-0.08
1932.65	-0.08
1932.99	-0.32
1933.32	-0.64
1933.66	-0.28
1933.99	0.72
1934.33	0.72
1934.67	0.92
1935	1
1935.34	0.6
1935.67	0.52
1936.01	0.52
1936.35	0.32
1936.68	0.24
1937.02	0.2
1937.35	0.28
1937.69	0.28
1938.03	0.76
1938.36	-1.12
1938.7	-1.12
1939.03	-1.24
1939.37	-1.24
1939.7	-1.72
1940.04	0.16
1940.38	0.48
1940.71	0.88
1941.05	1
1941.38	1.2
1941.72	1.12
1942.05	0.96
1942.39	0.48
1942.73	0.52
1943.06	0.56
1943.4	0.64
1943.73	0.84
1944.07	1.04
1944.4	0.88
1944.74	0.72
1945.07	0.68
1945.41	0.4
1945.74	0.4
1946.08	0.52
1946.42	0.68
1946.75	0.64
1947.09	0.72
1947.42	0.56
1947.76	0.44
1948.09	0.24
1948.43	0.52
1948.76	0.36
1949.1	0.36
1949.43	0.44
1949.77	0.48
1950.1	0.2
1950.44	0.2
1950.77	0.28
1951.11	0.2
1951.44	0.12
1951.78	0.12
1952.11	0.24
1952.45	0.12
1952.78	0.2
1953.12	0.4
1953.45	0.4
1953.79	0.28
1954.12	0.44
1954.46	0.36
1954.79	0.16
1955.12	0.16
1955.46	0.32
1955.79	0.16
1956.13	0.24
1956.46	0.44
1956.8	-0.36
1957.13	-0.48
1957.47	-0.28
1957.8	-0.36
1958.14	-0.52
1958.47	0.4
1958.8	0.36
1959.14	0.56
1959.47	0.56
1959.81	0.52
1960.14	0.84
1960.48	0.88
1960.81	0.48
1961.14	0.72
1961.48	0.8
1961.81	0.36
1962.15	0.44
1962.48	0.88
1962.82	0.64
1963.15	0.84
1963.48	0.84
1963.82	0.76
1964.15	0.32
1964.49	0.32
1964.82	0.68
1965.15	0.72
1965.49	0.72
1965.82	0.8
1966.16	0.8
1966.49	0.16
1966.82	0.28
1967.16	0.32
1967.49	1.4
1967.83	1.48
1968.16	1.56
1968.49	1.4
1968.83	1.44
1969.16	0.28
1969.49	0.2
1969.83	0.28
1970.16	0.28
1970.49	0.16
1970.83	0.52
1971.16	0.72
1971.5	0.16
1971.83	0.28
1972.16	0.72
1972.5	0.68
1972.83	0.56
1973.16	0.96
1973.5	0.92
1973.83	0.48
1974.16	0.16
1974.5	-0.04
1974.83	0.08
1975.16	6.66107e-18
1975.5	6.66107e-18
1975.83	6.66107e-18
1976.16	0.16
1976.49	0.32
1976.83	0.32
1977.16	0.36
1977.49	0.36
1977.83	0.32
1978.16	0.04
1978.49	0.24
1978.83	0.32
1979.16	0.56
1979.49	0.68
1979.83	0.8
1980.16	0.76
1980.49	0.64
1980.82	1.04
1981.16	1.08
1981.49	1.16
1981.82	1.16
1982.15	1.28
1982.49	0.64
1982.82	0.48
1983.15	0.64
1983.49	0.48
1983.82	0.64
1984.15	0.64
1984.48	0.84
1984.82	0.48
1985.15	0.6
1985.48	0.48
1985.81	0.48
1986.15	0.32
1986.48	0.52
1986.81	0.72
1987.14	0.64
1987.48	1.2
1987.81	1.84
1988.14	1.64
1988.47	1.32
1988.81	1.56
1989.14	1.24
1989.47	0.92
1989.8	1.48
1990.13	2.16
1990.47	2.24
1990.8	2
1991.13	1.64
1991.46	1.08
1991.79	0.24
1992.13	-0.96
1992.46	-0.2
1992.79	0.2
1993.12	0.68
1993.45	0.76
1993.79	1.56
1994.12	0.88
1994.45	1.36
1994.78	1.4
1995.11	1.6
1995.45	1.6
1995.78	1.88
1996.11	1.08
1996.44	0.56
1996.77	0.44
1997.1	0.52
1997.44	0.2
1997.77	0.8
1998.1	0.96
1998.43	1.52
1998.76	1.52
1999.09	1.48
1999.43	-0.2
1999.76	-0.36
2000.09	-0.36
2000.42	0.08
2000.75	-0.72
2001.08	0.28
2001.41	0.4
2001.75	-0.04
2002.08	-0.48
2002.41	1
2002.74	1
2003.07	1
2003.4	1.2
2003.73	1.68
2004.06	1.12
2004.4	1.2
2004.73	1.08
2005.06	0.8
2005.39	0.52
2005.72	0.64
2006.05	0.84
2006.38	0.88
2006.71	0.96
2007.04	0.76
2007.37	0.56
2007.71	0.6
2008.04	0.56
2008.37	0.52
2008.7	0.8
2009.03	1.12
2009.36	0.96
2009.69	1.2
2010.02	1.12
2010.35	0.84
2010.68	0.56
2011.01	0.52
2011.34	0.32
2011.67	1.08
2012.01	1.16
2012.34	1.08
2012.67	1.36
2013	1.68
2013.33	0.92
2013.66	0.92
2013.99	1
2014.32	0.76
2014.65	0.4
2014.98	0.84
2015.31	1.16
2015.64	1.08
2015.97	1.2
2016.3	1.2
2016.63	0.8
2016.96	0.32
2017.29	0.16
2017.62	-0.12
2017.95	-0.12
2018.28	-0.04
2018.61	0.08
2018.94	0.32
2019.27	0.56
2019.6	0.56
2019.93	0.6
2020.26	0.52
2020.59	0.44
2020.92	0.24
2021.25	0.68
2021.58	0.84
2021.91	1.24
2022.24	1.64
2022.57	1.6
2022.9	1.24
2023.23	0.96
2023.56	0.8
2023.89	0.64
2024.22	1
2024.55	1
2024.88	0.96
2025.21	0.68
2025.54	0.24
2025.87	6.66107e-18
2026.2	0.04
2026.53	0.04
2026.86	0.12
2027.19	0.84
2027.52	0.84
2027.85	0.72
2028.18	0.76
2028.51	0.88
2028.84	0.36
2029.16	0.28
2029.49	0.64
2029.82	0.6
2030.15	0.4
2030.48	0.08
2030.81	0.04
2031.14	-0.32
2031.47	-2.66443e-17
2031.8	0.16
2032.13	0.48
2032.46	0.8
2032.79	0.8
2033.12	0.52
2033.44	0.36
2033.77	0.36
2034.1	0.04
2034.43	0.04
2034.76	0.08
2035.09	0.08
2035.42	0.12
2035.75	0.16
2036.08	0.56
2036.41	0.64
2036.73	0.68
2037.06	0.64
2037.39	0.6
2037.72	0.28
2038.05	0.12
2038.38	0.08
2038.71	0.2
2039.04	-0.8
2039.36	-0.88
2039.69	-0.88
2040.02	-1.24
2040.35	-1.16
2040.68	-0.16
2041.01	0.32
2041.34	0.24
2041.66	0.6
2041.99	0.4
2042.32	0.48
2042.65	-6.66107e-18
2042.98	0.08
2043.31	0.08
2043.63	0.24
2043.96	0.24
2044.29	0.32
2044.62	0.4
2044.95	0.4
2045.28	0.44
2045.6	0.52
2045.93	0.48
2046.26	0.52
2046.59	0.52
2046.92	0.32
2047.24	0.4
2047.57	0.36
2047.9	0.4
2048.23	0.52
2048.56	0.6
2048.88	0.36
2049.21	0.4
2049.54	0.44
2049.87	0.32
2050.2	0.52
2050.52	0.52
2050.85	0.48
2051.18	0.28
2051.51	0.44
2051.83	0.48
2052.16	0.64
2052.49	0.68
2052.82	0.8
2053.15	0.44
2053.47	0.2
2053.8	0.12
2054.13	0.08
2054.46	0.24
2054.78	0.52
2055.11	0.44
2055.44	0.36
2055.77	0.36
2056.09	0.08
2056.42	0.08
2056.75	0.16
2057.08	0.16
2057.4	0.4
2057.73	0.4
2058.06	0.72
2058.38	0.64
2058.71	0.72
2059.04	0.48
2059.37	0.52
2059.69	0.28
2060.02	0.28
2060.35	0.48
2060.67	0.48
2061	0.6
2061.33	0.24
2061.66	0.24
2061.98	-0.04
2062.31	-0.04
2062.64	-0.2
2062.96	0
2063.29	0
2063.62	0.08
2063.94	0.2
2064.27	0.2
2064.6	-0.6
2064.92	-0.44
2065.25	-0.32
2065.58	-0.32
2065.91	-0.16
2066.23	0.96
2066.56	0.96
2066.89	0.84
2067.21	0.72
2067.54	0.56
2067.87	0.36
2068.19	0.24
2068.52	0.32
2068.84	0.32
2069.17	0.32
2069.5	0.2
2069.82	1.33221e-17
2070.15	-0.04
2070.48	-2.41472e-17
2070.8	0.12
2071.13	0.12
2071.46	0.56
2071.78	0.56
2072.11	0.56
2072.43	0.56
2072.76	0.56
2073.09	0.28
2073.41	0.36
2073.74	0.44
2074.07	0.32
2074.39	0.44
2074.72	0.44
2075.04	0.36
2075.37	0.4
2075.7	0.4
2076.02	0.28
2076.35	0.28
2076.67	0.16
2077	0.16
2077.33	0.28
2077.65	0.48
2077.98	0.48
2078.3	0.48
2078.63	0.32
2078.95	0.24
2079.28	0.04
2079.61	-0.32
2079.93	0.12
2080.26	0.12
2080.58	0.08
2080.91	0.08
2081.23	0.44
2081.56	0.28
2081.89	0.8
2082.21	1.08
2082.54	1.08
2082.86	1.08
2083.19	1.08
2083.51	0.76
2083.84	0.48
2084.16	0.48
2084.49	0.68
2084.81	0.4
2085.14	0.6
2085.46	0.68
2085.79	0.68
2086.12	0.52
2086.44	0.52
2086.77	0.24
2087.09	0.2
2087.42	0.2
2087.74	0.16
2088.07	0.24
2088.39	0.24
2088.72	0.2
2089.04	0.48
2089.37	0.48
2089.69	0.44
2090.02	0.44
2090.34	0.12
2090.67	-1.33221e-17
2090.99	-2.12
2091.32	-2.04
2091.64	-1.92
2091.97	-1.6
2092.29	-1.76
2092.62	0.36
2092.94	0.24
2093.26	0
2093.59	0.08
2093.91	-1.04
2094.24	-1.04
2094.56	-0.92
2094.89	-0.92
2095.21	-0.64
2095.54	0.6
2095.86	0.6
2096.19	0.52
2096.51	0.52
2096.84	0.36
2097.16	0.24
2097.48	0.32
2097.81	0.28
2098.13	0.32
2098.46	-0.2
2098.78	-0.2
2099.11	-0.28
2099.43	-0.28
2099.75	-0.32
2100.08	0.24
2100.4	0.24
2100.73	0.32
2101.05	0.32
2101.38	0.32
2101.7	0.08
2102.02	0.28
2102.35	0.2
2102.67	0.76
2103	0.96
2103.32	1.04
2103.64	0.88
2103.97	0.88
2104.29	0.32
2104.62	0.16
2104.94	0.08
2105.26	-0.56
2105.59	-0.56
2105.91	-0.48
2106.23	-0.24
2106.56	-0.04
2106.88	0.56
2107.21	0.56
2107.53	0.48
2107.85	0.2
2108.18	0
2108.5	0.12
2108.82	0.12
2109.15	0.28
2109.47	0.32
2109.79	0.32
2110.12	0.2
2110.44	0.36
2110.76	0.24
2111.09	0.28
2111.41	0.28
2111.73	0.44
2112.06	0.28
2112.38	0.24
2112.7	-0.44
2113.03	-0.36
2113.35	-0.36
2113.67	-0.36
2114	-0.36
2114.32	0.24
2114.64	0.36
2114.97	0.32
2115.29	0.32
2115.61	0.32
2115.94	0.44
2116.26	0.56
2116.58	0.48
2116.91	-0.52
2117.23	-0.52
2117.55	-0.56
2117.87	-0.88
2118.2	-0.68
2118.52	0.52
2118.84	0.52
2119.17	0.44
2119.49	0.6
2119.81	0.52
2120.13	0.56
2120.46	1
2120.78	0.2
2121.1	0.12
2121.42	-0.04
2121.75	-0.24
2122.07	-0.64
2122.39	0.32
2122.72	0.28
2123.04	0.36
2123.36	0.44
2123.68	0.4
2124.01	0.24
2124.33	0.24
2124.65	0.24
2124.97	0.12
2125.29	0.2
2125.62	0.48
2125.94	0.44
2126.26	0.64
2126.58	0.8
2126.91	-0.08
2127.23	-0.12
2127.55	0.04
2127.87	-0.2
2128.2	-0.32
2128.52	0.6
2128.84	0.36
2129.16	0.24
2129.48	0.32
2129.81	0.32
2130.13	0.2
2130.45	0.44
2130.77	0.48
2131.09	0.4
2131.42	0.52
2131.74	0.96
2132.06	0.72
2132.38	0.64
2132.7	0.76
2133.02	0.6
2133.35	0.16
2133.67	0.16
2133.99	0.24
2134.31	-0.52
2134.63	-0.52
2134.96	-0.52
2135.28	-0.32
2135.6	-0.4
2135.92	0.44
2136.24	0.56
2136.56	0.68
2136.88	0.92
2137.21	1.28
2137.53	1.12
2137.85	1.04
2138.17	0.4
2138.49	-3.33053e-18
2138.81	-0.24
2139.13	-0.2
2139.46	-0.16
2139.78	0.44
2140.1	0.48
2140.42	0.56
2140.74	0.44
2141.06	0.64
2141.38	0.56
2141.7	0.48
2142.03	0.28
2142.35	0.32
2142.67	0.04
2142.99	0.16
2143.31	0.44
2143.63	0.6
2143.95	0.64
2144.27	0.92
2144.59	0.8
2144.91	0.32
2145.24	0.16
2145.56	0.2
2145.88	-0.08
2146.2	-6.66107e-18
2146.52	0.24
2146.84	0.24
2147.16	0.12
2147.48	0.12
2147.8	0.04
2148.12	0
2148.44	0
2148.76	0
2149.08	0
2149.41	0.16
2149.73	0.2
2150.05	0.24
2150.37	0.24
2150.69	0.24
2151.01	0.08
2151.33	0.04
2151.65	0
2151.97	0
2152.29	0
2152.61	-0.12
2152.93	0.04
2153.25	0.04
2153.57	0.04
2153.89	0.04
2154.21	-0.24
2154.53	-0.32
2154.85	-0.2
2155.17	-0.2
2155.49	-0.32
2155.81	0.08
2156.13	0.08
2156.45	0.32
2156.77	0.32
2157.09	0.68
2157.41	0.68
2157.73	0.76
2158.05	0.52
2158.37	0.56
2158.69	0.32
2159.01	0.32
2159.33	0.16
2159.65	0.04
2159.97	0.04
2160.29	0.04
2160.61	0.08
2160.93	0.12
2161.25	0.12
2161.57	0.28
2161.89	0.28
2162.21	0.4
2162.53	0.36
2162.85	-0.24
2163.17	-0.44
2163.49	-0.44
2163.81	-0.6
2164.13	-0.4
2164.45	0.24
2164.77	0.24
2165.08	0.52
2165.4	0.64
2165.72	0.64
2166.04	0.84
2166.36	0.84
2166.68	0.68
2167	0.92
2167.32	1.16
2167.64	0.92
2167.96	0.92
2168.28	0.8
2168.6	0.6
2168.92	0.16
2169.24	0.32
2169.55	0.4
2169.87	0.48
2170.19	0.52
2170.51	0.52
2170.83	0.6
2171.15	0.52
2171.47	0.48
2171.79	0.28
2172.11	0.28
2172.43	0.28
2172.74	0.28
2173.06	0.48
2173.38	0.48
2173.7	0.6
2174.02	0.56
2174.34	0.56
2174.66	0.44
2174.98	0.44
2175.29	0.32
2175.61	0.2
2175.93	0.32
2176.25	0.24
2176.57	0.24
2176.89	0.24
2177.21	0.24
2177.52	0.28
2177.84	0.6
2178.16	0.92
2178.48	1
2178.8	1.32
2179.12	1.16
2179.43	0.8
2179.75	-0.52
2180.07	-0.6
2180.39	-1
2180.71	-0.76
2181.03	-0.52
2181.34	0.48
2181.66	0.56
2181.98	0.64
2182.3	0.44
2182.62	0.2
2182.93	-0.2
2183.25	-0.16
2183.57	-0.24
2183.89	-0.28
2184.21	-0.2
2184.52	0.64
2184.84	0.52
2185.16	0.52
2185.48	0.64
2185.8	0.56
2186.11	0.12
2186.43	0.2
2186.75	0.2
2187.07	-0.32
2187.39	-1.08
2187.7	-1
2188.02	-1.64
2188.34	-1.36
2188.66	-0.92
2188.97	-0.16
2189.29	-0.24
2189.61	0.32
2189.93	0.12
2190.24	0.36
2190.56	0.36
2190.88	0.36
2191.2	0.44
2191.51	0.68
2191.83	0.56
2192.15	0.72
2192.47	0.72
2192.78	0.72
2193.1	0.52
2193.42	0.8
2193.74	0.72
2194.05	0.92
2194.37	0.88
2194.69	0.76
2195	-0.08
2195.32	-0.16
2195.64	-0.36
2195.96	-0.12
2196.27	-2.10945e-17
2196.59	-0.04
2196.91	0.08
2197.22	0.12
2197.54	-0.04
2197.86	-0.16
2198.18	0.28
2198.49	0.24
2198.81	0.2
2199.13	0.28
2199.44	0.48
2199.76	0.48
2200.08	0.68
2200.39	0.88
2200.71	0.68
2201.03	0.48
2201.34	0.48
2201.66	0.4
2201.98	0.2
2202.29	0.28
2202.61	0.28
2202.93	0.28
2203.24	0.36
2203.56	0.44
2203.88	0.36
2204.19	0.6
2204.51	1.24
2204.83	0.96
2205.14	0.88
2205.46	1.08
2205.78	0.84
2206.09	0.24
2206.41	0.04
2206.72	0.64
2207.04	0.44
2207.36	0.04
2207.67	0.48
2207.99	0.68
2208.31	0.08
2208.62	0.08
2208.94	0.48
2209.25	0.08
2209.57	0.08
2209.89	0.16
2210.2	0.16
2210.52	0.16
2210.83	0.12
2211.15	0.12
2211.47	0.08
2211.78	0.2
2212.1	-0.08
2212.41	0.04
2212.73	0.04
2213.05	1.44334e-17
2213.36	0.24
2213.68	0.56
2213.99	0.48
2214.31	0.52
2214.62	0.52
2214.94	0.36
2215.26	0.6
2215.57	0.56
2215.89	0.52
2216.2	0.52
2216.52	0.36
2216.83	0.52
2217.15	0.6
2217.46	0.6
2217.78	0.6
2218.1	0.52
2218.41	0.24
2218.73	0.32
2219.04	0.32
2219.36	0.32
2219.67	0.44
2219.99	0.32
2220.3	0.12
2220.62	0.28
2220.93	0.28
2221.25	0.52
2221.56	0.76
2221.88	0.76
2222.19	0.64
2222.51	0.72
2222.82	-0.84
2223.14	-1.12
2223.45	-1.08
2223.77	-1.12
2224.08	-1.2
2224.4	0.04
2224.71	0.12
2225.03	0.12
2225.34	0.6
2225.66	-0.8
2225.97	-0.8
2226.29	-0.64
2226.6	-0.6
2226.92	-0.88
2227.23	0.6
2227.55	0.6
2227.86	0.36
2228.18	0.44
2228.49	0.24
2228.81	0.16
2229.12	0.16
2229.44	0.2
2229.75	0.12
2230.07	0.12
2230.38	0.32
2230.69	0.32
2231.01	0.28
2231.32	0.32
2231.64	0.32
2231.95	0.12
2232.27	0.12
2232.58	0.32
2232.9	0.2
2233.21	0.2
2233.52	0.4
2233.84	0.52
2234.15	0.36
2234.47	1.12
2234.78	1.32
2235.1	1.12
2235.41	1
2235.72	1.08
2236.04	0.32
2236.35	0.12
2236.67	-0.48
2236.98	-0.36
2237.29	-0.32
2237.61	-0.24
2237.92	-0.24
2238.24	0.36
2238.55	0.64
2238.86	0.56
2239.18	0.48
2239.49	-0.32
2239.8	-0.12
2240.12	-0.52
2240.43	-0.56
2240.75	-0.48
2241.06	0.32
2241.37	0.12
2241.69	0.12
2242	0.08
2242.31	0
2242.63	0.12
2242.94	0.2
2243.26	-0.2
2243.57	0.04
2243.88	0.04
2244.2	-0.08
2244.51	-0.16
2244.82	0.24
2245.14	0
2245.45	0
2245.76	0
2246.08	0
2246.39	0
2246.7	0
2247.02	0
2247.33	0
2247.64	0.12
2247.96	0.32
2248.27	0.32
2248.58	-0.68
2248.9	-0.68
2249.21	-0.8
2249.52	-1
2249.83	-0.96
2250.15	0.04
2250.46	0.04
2250.77	0.16
2251.09	0.16
2251.4	0.44
2251.71	0.44
2252.03	0.44
2252.34	0.4
2252.65	0.4
2252.96	0.12
2253.28	0.12
2253.59	0.12
2253.9	0.24
2254.21	0.24
2254.53	0.2
2254.84	-0.16
2255.15	-1.33221e-17
2255.47	-0.2
2255.78	0.04
2256.09	0.04
2256.4	0.56
2256.72	0.56
2257.03	0.56
2257.34	0.32
2257.65	0.68
2257.97	0.52
2258.28	0.36
2258.59	0.36
2258.9	0.36
2259.22	0.28
2259.53	0.28
2259.84	0.28
2260.15	0.32
2260.46	0.32
2260.78	0.16
2261.09	0.56
2261.4	0.56
2261.71	0.68
2262.03	0.76
2262.34	0.64
2262.65	0.24
2262.96	0.24
2263.27	0.08
2263.59	0
2263.9	0
2264.21	0.24
2264.52	0.24
2264.83	0.24
2265.15	0.24
2265.46	0.64
2265.77	0.4
2266.08	0.4
2266.39	0.4
2266.7	0.44
2267.02	0.28
2267.33	-0.12
2267.64	0.28
2267.95	0.28
2268.26	0.28
2268.57	0.04
2268.89	0.6
2269.2	0.32
2269.51	0.36
2269.82	0.64
2270.13	0.64
2270.44	0.48
2270.76	-0.04
2271.07	-0.08
2271.38	-1
2271.69	-1
2272	-0.92
2272.31	-0.68
2272.62	-1.4
2272.93	-0.56
2273.25	-0.4
2273.56	-0.32
2273.87	-0.16
2274.18	0.56
2274.49	0.32
2274.8	0.56
2275.11	0.48
2275.42	0.6
2275.74	0.6
2276.05	0.6
2276.36	0.36
2276.67	0.44
2276.98	0.48
2277.29	0.48
2277.6	0.56
2277.91	0.4
2278.22	-0.16
2278.53	-0.32
2278.85	-0.2
2279.16	-1.28
2279.47	-1.2
2279.78	-0.8
2280.09	-0.8
2280.4	-0.92
2280.71	0.08
2281.02	0
2281.33	0.04
2281.64	0.28
2281.95	0.32
2282.26	0.36
2282.57	0.36
2282.88	0.4
2283.19	0.24
2283.5	0.4
2283.82	0.36
2284.13	0.36
2284.44	0.28
2284.75	-0.28
2285.06	-0.48
2285.37	-0.44
2285.68	-0.44
2285.99	-0.36
2286.3	0.2
2286.61	0.2
2286.92	0.16
2287.23	0.16
2287.54	0.08
2287.85	0
2288.16	0.08
2288.47	0.08
2288.78	0.08
2289.09	0.08
2289.4	0.16
2289.71	0.12
2290.02	0.12
2290.33	0.12
2290.64	0.36
2290.95	0.24
2291.26	0.36
2291.57	0.36
2291.88	-0.04
2292.19	0.12
2292.5	0.16
2292.81	0
2293.12	0
2293.43	0.4
2293.74	0
2294.05	0
2294.36	0
2294.67	0
2294.98	0
2295.29	0
2295.6	0
2295.91	0
2296.21	0
2296.52	0
2296.83	0
2297.14	0
2297.45	0
2297.76	0
2298.07	0
2298.38	0
2298.69	0
2299	0
2299.31	0
2299.62	0
2299.93	0
2300.24	0
2300.55	0
2300.85	0
2301.16	0
2301.47	0
2301.78	0
2302.09	0
2302.4	0
2302.71	0
2303.02	0
2303.33	0
2303.64	0
2303.94	0
2304.25	0
2304.56	0
2304.87	0
2305.18	0
2305.49	0
2305.8	0
2306.11	0
2306.42	0
2306.72	0
2307.03	0
2307.34	0
2307.65	0
2307.96	0
2308.27	0
2308.58	0
2308.88	0
2309.19	0
2309.5	0
2309.81	0
2310.12	0
2310.43	0
2310.74	0
2311.04	0
2311.35	0
2311.66	0
2311.97	0
2312.28	0
2312.59	0
2312.89	0
2313.2	0
2313.51	0
2313.82	0
2314.13	0
2314.43	0
2314.74	0
2315.05	0
2315.36	0
2315.67	0
2315.97	0
2316.28	0
2316.59	0
2316.9	0
2317.21	0
2317.51	0
2317.82	0
2318.13	0
2318.44	0
2318.75	0
2319.05	0
2319.36	0
2319.67	0
2319.98	0
2320.28	0
2320.59	0
2320.9	0
2321.21	0
2321.51	0
2321.82	0
2322.13	0
2322.44	0
2322.74	0
2323.05	0
2323.36	0
2323.67	0
2323.97	0
2324.28	0
2324.59	0
2324.9	0
2325.2	0
2325.51	0
2325.82	0
2326.13	0
2326.43	0
2326.74	0
2327.05	0
2327.35	0
2327.66	0
2327.97	0
2328.27	0
2328.58	0
2328.89	0
2329.2	0
2329.5	0
2329.81	0
2330.12	0
2330.42	0
2330.73	0
2331.04	0
2331.34	0
2331.65	0
2331.96	0
2332.26	0
2332.57	0
2332.88	0
2333.18	0
2333.49	0
2333.8	0
2334.1	0
2334.41	0
2334.72	0
2335.02	0
2335.33	0
2335.64	0
2335.94	0
2336.25	0
2336.56	0
2336.86	0
2337.17	0
2337.48	0
2337.78	0
2338.09	0
2338.39	0
2338.7	0
2339.01	0
2339.31	0
2339.62	0
2339.93	0
2340.23	0
2340.54	0
2340.84	0
2341.15	0
2341.46	0
2341.76	0
2342.07	0
2342.37	0
2342.68	0
2342.99	0
2343.29	0
2343.6	0
2343.9	0
2344.21	0
2344.51	0
2344.82	0
2345.13	0
2345.43	0
2345.74	0
2346.04	0
2346.35	0
2346.65	0
2346.96	0
2347.27	0
2347.57	0
2347.88	0
2348.18	0
2348.49	0
2348.79	0
2349.1	0
2349.4	0
2349.71	0
2350.01	0
2350.32	0
2350.63	0
2350.93	0
2351.24	0
2351.54	0
2351.85	0
2352.15	0
2352.46	0
2352.76	0
2353.07	0
2353.37	0
2353.68	0
2353.98	0
2354.29	0
2354.59	0
2354.9	0
2355.2	0
2355.51	0
2355.81	0
2356.12	0
2356.42	0
2356.73	0
2357.03	0
2357.34	0
2357.64	0
2357.95	0
2358.25	0
2358.55	0
2358.86	0
2359.16	0
2359.47	0
2359.77	0
2360.08	0
2360.38	0
2360.69	0
2360.99	0
2361.3	0
2361.6	0
2361.9	0
2362.21	0
2362.51	0
2362.82	0
2363.12	0
2363.43	0
2363.73	0
2364.04	0
2364.34	0
2364.64	0
2364.95	0
2365.25	0
2365.56	0
2365.86	0
2366.16	0
2366.47	0
2366.77	0
2367.08	0
2367.38	0
2367.68	0
2367.99	0
2368.29	0
2368.6	0
2368.9	0
2369.2	0
2369.51	0
2369.81	0
2370.12	0
2370.42	0
2370.72	0
2371.03	0
2371.33	0
2371.63	0
2371.94	0
2372.24	0
2372.55	0
2372.85	0
2373.15	0
2373.46	0
2373.76	0
2374.06	0
2374.37	0
2374.67	0
2374.97	0
2375.28	0
2375.58	0
2375.88	0
2376.19	0
2376.49	0
2376.79	0
2377.1	0
2377.4	0
2377.7	0
2378.01	0
2378.31	0
2378.61	0
2378.92	0
2379.22	0
2379.52	0
2379.82	0
2380.13	0
2380.43	0
2380.73	0
2381.04	0
2381.34	0
2381.64	0
2381.95	0
2382.25	0
2382.55	0
2382.85	0
2383.16	0
2383.46	0
2383.76	0
2384.06	0
2384.37	0
2384.67	0
2384.97	0
2385.28	0
2385.58	0
2385.88	0
2386.18	0
2386.49	0
2386.79	0
2387.09	0
2387.39	0
2387.69	0
2388	0
2388.3	0
2388.6	0
2388.9	0
2389.21	0
2389.51	0
2389.81	0
2390.11	0
2390.42	0
2390.72	0
2391.02	0
2391.32	0
2391.62	0
2391.93	0
2392.23	0
2392.53	0
2392.83	0
2393.13	0
2393.44	0
2393.74	0
2394.04	0
2394.34	0
2394.64	0
2394.95	0
2395.25	0
2395.55	0
2395.85	0
2396.15	0
2396.45	0
2396.76	0
2397.06	0
2397.36	0
2397.66	0
2397.96	0
2398.26	0
2398.57	0
2398.87	0
2399.17	0
2399.47	0
2399.77	0
2400.07	0
2400.37	0
2400.68	0
2400.98	0
2401.28	0
2401.58	0
2401.88	0
2402.18	0
2402.48	0
2402.79	0
2403.09	0
2403.39	0
2403.69	0
2403.99	0
2404.29	0
2404.59	0
2404.89	0
2405.19	0
2405.5	0
2405.8	0
2406.1	0
2406.4	0
2406.7	0
2407	0
2407.3	0
2407.6	0
2407.9	0
2408.2	0
2408.5	0
2408.8	0
2409.11	0
2409.41	0
2409.71	0
2410.01	0
2410.31	0
2410.61	0
2410.91	0
2411.21	0
2411.51	0
2411.81	0
2412.11	0
2412.41	0
2412.71	0
2413.01	0
2413.31	0
2413.61	0
2413.91	0
2414.21	0
2414.51	0
2414.81	0
2415.12	0
2415.42	0
2415.72	0
2416.02	0
2416.32	0
2416.62	0
2416.92	0
2417.22	0
2417.52	0
2417.82	0
2418.12	0
2418.42	0
2418.72	0
2419.02	0
2419.32	0
2419.62	0
2419.92	0
2420.22	0
2420.52	0
2420.82	0
2421.12	0
2421.42	0
2421.71	0
2422.01	0
2422.31	0
2422.61	0
2422.91	0
2423.21	0
2423.51	0
2423.81	0
2424.11	0
2424.41	0
2424.71	0
2425.01	0
2425.31	0
2425.61	0
2425.91	0
2426.21	0
2426.51	0
2426.81	0
2427.11	0
2427.41	0
2427.7	0
2428	0
2428.3	0
2428.6	0
2428.9	0
2429.2	0
2429.5	0
2429.8	0
2430.1	0
2430.4	0
2430.7	0
2430.99	0
2431.29	0
2431.59	0
2431.89	0
2432.19	0
2432.49	0
2432.79	0
2433.09	0
2433.39	0
2433.68	0
2433.98	0
2434.28	0
2434.58	0
2434.88	0
2435.18	0
2435.48	0
2435.78	0
2436.07	0
2436.37	0
2436.67	0
2436.97	0
2437.27	0
2437.57	0
2437.86	0
2438.16	0
2438.46	0
2438.76	0
2439.06	0
2439.36	0
2439.66	0
2439.95	0
2440.25	0
2440.55	0
2440.85	0
2441.15	0
2441.44	0
2441.74	0
2442.04	0
2442.34	0
2442.64	0
2442.93	0
2443.23	0
2443.53	0
2443.83	0
2444.13	0
2444.42	0
2444.72	0
2445.02	0
2445.32	0
2445.62	0
2445.91	0
2446.21	0
2446.51	0
2446.81	0
2447.1	0
2447.4	0
2447.7	0
2448	0
2448.3	0
2448.59	0
2448.89	0
2449.19	0
2449.49	0
2449.78	0
2450.08	0
2450.38	0
2450.68	0
2450.97	0
2451.27	0
2451.57	0
2451.87	0
2452.16	0
2452.46	0
2452.76	0
2453.05	0
2453.35	0
2453.65	0
2453.95	0
2454.24	0
2454.54	0
2454.84	0
2455.13	0
2455.43	0
2455.73	0
2456.03	0
2456.32	0
2456.62	0
2456.92	0
2457.21	0
2457.51	0
2457.81	0
2458.1	0
2458.4	0
2458.7	0
2458.99	0
2459.29	0
2459.59	0
2459.88	0
2460.18	0
2460.48	0
2460.77	0
2461.07	0
2461.37	0
2461.66	0
2461.96	0
2462.26	0
2462.55	0
2462.85	0
2463.15	0
2463.44	0
2463.74	0
2464.04	0
2464.33	0
2464.63	0
2464.92	0
2465.22	0
2465.52	0
2465.81	0
2466.11	0
2466.41	0
2466.7	0
2467	0
2467.29	0
2467.59	0
2467.89	0
2468.18	0
2468.48	0
2468.77	0
2469.07	0
2469.37	0
2469.66	0
2469.96	0
2470.25	0
2470.55	0
2470.84	0
2471.14	0
2471.44	0
2471.73	0
2472.03	0
2472.32	0
2472.62	0
2472.91	0
2473.21	0
2473.51	0
2473.8	0
2474.1	0
2474.39	0
2474.69	0
2474.98	0
2475.28	0
2475.57	0
2475.87	0
2476.17	0
2476.46	0
2476.76	0
2477.05	0
2477.35	0
2477.64	0
2477.94	0
2478.23	0
2478.53	0
2478.82	0
2479.12	0
2479.41	0
2479.71	0
2480	0
2480.3	0
2480.59	0
2480.89	0
2481.18	0
2481.48	0
2481.77	0
2482.07	0
2482.36	0
2482.66	0
2482.95	0
2483.25	0
2483.54	0
2483.84	0
2484.13	0
2484.43	0
2484.72	0
2485.02	0
2485.31	0
2485.6	0
2485.9	0
2486.19	0
2486.49	0
2486.78	0
2487.08	0
2487.37	0
2487.67	0
2487.96	0
2488.26	0
2488.55	0
2488.84	0
2489.14	0
2489.43	0
2489.73	0
2490.02	0
2490.32	0
2490.61	0
2490.9	0
2491.2	0
2491.49	0
2491.79	0
2492.08	0
2492.37	0
2492.67	0
2492.96	0
2493.26	0
2493.55	0
2493.84	0
2494.14	0
2494.43	0
2494.73	0
2495.02	0
2495.31	0
2495.61	0
2495.9	0
2496.2	0
2496.49	0
2496.78	0
2497.08	0
2497.37	0
2497.66	0
2497.96	0
2498.25	0
2498.54	0
2498.84	0
2499.13	0
2499.43	0
2499.72	0
2500.01	0
2500.31	0
2500.6	0
2500.89	0
2501.19	0
2501.48	0
2501.77	0
2502.07	0
2502.36	0
2502.65	0
2502.95	0
2503.24	0
2503.53	0
2503.82	0
2504.12	0
2504.41	0
2504.7	0
2505	0
2505.29	0
2505.58	0
2505.88	0
2506.17	0
2506.46	0
2506.76	0
2507.05	0
2507.34	0
2507.63	0
2507.93	0
2508.22	0
2508.51	0
2508.8	0
2509.1	0
2509.39	0
2509.68	0
2509.98	0
2510.27	0
2510.56	0
2510.85	0
2511.15	0
2511.44	0
2511.73	0
2512.02	0
2512.32	0
2512.61	0
2512.9	0
2513.19	0
2513.49	0
2513.78	0
2514.07	0
2514.36	0
2514.65	0
2514.95	0
2515.24	0
2515.53	0
2515.82	0
2516.12	0
2516.41	0
2516.7	0
2516.99	0
2517.28	0
2517.58	0
2517.87	0
2518.16	0
2518.45	0
2518.74	0
2519.04	0
2519.33	0
2519.62	0
2519.91	0
2520.2	0
2520.5	0
2520.79	0
2521.08	0
2521.37	0
2521.66	0
2521.95	0
2522.25	0
2522.54	0
2522.83	0
2523.12	0
2523.41	0
2523.7	0
2523.99	0
2524.29	0
2524.58	0
2524.87	0
2525.16	0
2525.45	0
2525.74	0
2526.03	0
2526.33	0
2526.62	0
2526.91	0
2527.2	0
2527.49	0
2527.78	0
2528.07	0
2528.36	0
2528.66	0
2528.95	0
2529.24	0
2529.53	0
2529.82	0
2530.11	0
2530.4	0
2530.69	0
2530.98	0
2531.27	0
2531.57	0
2531.86	0
2532.15	0
2532.44	0
2532.73	0
2533.02	0
2533.31	0
2533.6	0
2533.89	0
2534.18	0
2534.47	0
2534.76	0
2535.05	0
2535.35	0
2535.64	0
2535.93	0
2536.22	0
2536.51	0
2536.8	0
2537.09	0
2537.38	0
2537.67	0
2537.96	0
2538.25	0
2538.54	0
2538.83	0
2539.12	0
2539.41	0
2539.7	0
2539.99	0
2540.28	0
2540.57	0
2540.86	0
2541.15	0
2541.44	0
2541.73	0
2542.02	0
2542.31	0
2542.6	0
2542.89	0
2543.18	0
2543.47	0
2543.76	0
2544.05	0
2544.34	0
2544.63	0
2544.92	0
2545.21	0
2545.5	0
2545.79	0
2546.08	0
2546.37	0
2546.66	0
2546.95	0
2547.24	0
2547.53	0
2547.82	0
2548.11	0
2548.4	0
2548.69	0
2548.98	0
2549.27	0
2549.55	0
2549.84	0
2550.13	0
2550.42	0
2550.71	0
2551	0
2551.29	0
2551.58	0
2551.87	0
2552.16	0
2552.45	0
2552.74	0
2553.03	0
2553.31	0
2553.6	0
2553.89	0
2554.18	0
2554.47	0
2554.76	0
2555.05	0
2555.34	0
2555.63	0
2555.92	0
2556.2	0
2556.49	0
2556.78	0
2557.07	0
2557.36	0
2557.65	0
2557.94	0
2558.23	0
2558.51	0
2558.8	0
2559.09	0
2559.38	0
2559.67	0
2559.96	0
2560.25	0
2560.53	0
2560.82	0
2561.11	0
2561.4	0
2561.69	0
2561.98	0
2562.27	0
2562.55	0
2562.84	0
2563.13	0
2563.42	0
2563.71	0
2564	0
2564.28	0
2564.57	0
2564.86	0
2565.15	0
2565.44	0
2565.72	0
2566.01	0
2566.3	0
2566.59	0
2566.88	0
2567.16	0
2567.45	0
2567.74	0
2568.03	0
2568.32	0
2568.6	0
2568.89	0
2569.18	0
2569.47	0
2569.75	0

