Source: Spectrum Viewer

Chart: Pulse Spectrum

Series: 
Wavelength (nm)	S (a.u.)
1179.9	0
1180.29	0
1180.68	0
1181.06	0
1181.45	0
1181.83	0
1182.22	0
1182.6	0
1182.99	0
1183.38	0
1183.76	0
1184.15	0
1184.53	0
1184.92	0
1185.3	0
1185.69	0
1186.07	0
1186.46	0
1186.85	0
1187.23	0
1187.62	0
1188	0
1188.39	0
1188.77	0
1189.16	0
1189.54	0
1189.93	0
1190.31	0
1190.7	0
1191.08	0
1191.47	0
1191.85	0
1192.24	0
1192.62	0
1193.01	0
1193.39	0
1193.78	0
1194.16	0
1194.55	0
1194.93	0
1195.32	0
1195.7	0
1196.09	0
1196.47	0
1196.86	0
1197.24	0
1197.63	0
1198.01	0
1198.4	0
1198.78	0
1199.16	0
1199.55	0
1199.93	0
1200.32	0
1200.7	0
1201.09	0
1201.47	0
1201.86	0
1202.24	0
1202.63	0
1203.01	0
1203.39	0
1203.78	0
1204.16	0
1204.55	0
1204.93	0
1205.32	0
1205.7	0
1206.08	0
1206.47	0
1206.85	0
1207.24	0
1207.62	0
1208	0
1208.39	0
1208.77	0
1209.16	0
1209.54	0
1209.92	0
1210.31	0
1210.69	0
1211.08	0
1211.46	0
1211.84	0
1212.23	0
1212.61	0
1213	0
1213.38	0
1213.76	0
1214.15	0
1214.53	0
1214.91	0
1215.3	0
1215.68	0
1216.06	0
1216.45	0
1216.83	0
1217.22	0
1217.6	0
1217.98	0
1218.37	0
1218.75	0
1219.13	0
1219.52	0
1219.9	0
1220.28	0
1220.67	0
1221.05	0
1221.43	0
1221.82	0
1222.2	0
1222.58	0
1222.97	0
1223.35	0
1223.73	0
1224.11	0
1224.5	0
1224.88	0
1225.26	0
1225.65	0
1226.03	0
1226.41	0
1226.8	0
1227.18	0
1227.56	0
1227.94	0
1228.33	0
1228.71	0
1229.09	0
1229.47	0
1229.86	0
1230.24	0
1230.62	0
1231.01	0
1231.39	0
1231.77	0
1232.15	0
1232.54	0
1232.92	0
1233.3	0
1233.68	0
1234.07	0
1234.45	0
1234.83	0
1235.21	0
1235.6	0
1235.98	0
1236.36	0
1236.74	0
1237.12	0
1237.51	0
1237.89	0
1238.27	0
1238.65	0
1239.04	0
1239.42	0
1239.8	0
1240.18	0
1240.56	0
1240.95	0
1241.33	0
1241.71	0
1242.09	0
1242.47	0
1242.86	0
1243.24	0
1243.62	0
1244	0
1244.38	0
1244.77	0
1245.15	0
1245.53	0
1245.91	0
1246.29	0
1246.67	0
1247.06	0
1247.44	0
1247.82	0
1248.2	0
1248.58	0
1248.96	0
1249.34	0
1249.73	0
1250.11	0
1250.49	0
1250.87	0
1251.25	0
1251.63	0
1252.01	0
1252.4	0
1252.78	0
1253.16	0
1253.54	0
1253.92	0
1254.3	0
1254.68	0
1255.06	0
1255.45	0
1255.83	0
1256.21	0
1256.59	0
1256.97	0
1257.35	0
1257.73	0
1258.11	0
1258.49	0
1258.87	0
1259.26	0
1259.64	0
1260.02	0
1260.4	0
1260.78	0
1261.16	0
1261.54	0
1261.92	0
1262.3	0
1262.68	0
1263.06	0
1263.44	0
1263.82	0
1264.21	0
1264.59	0
1264.97	0
1265.35	0
1265.73	0
1266.11	0
1266.49	0
1266.87	0
1267.25	0
1267.63	0
1268.01	0
1268.39	0
1268.77	0
1269.15	0
1269.53	0
1269.91	0
1270.29	0
1270.67	0
1271.05	0
1271.43	0
1271.81	0
1272.19	0
1272.57	0
1272.95	0
1273.33	0
1273.71	0
1274.09	0
1274.47	0
1274.85	0
1275.23	0
1275.61	0
1275.99	0
1276.37	0
1276.75	0
1277.13	0
1277.51	0
1277.89	0
1278.27	0
1278.65	0
1279.03	0
1279.41	0
1279.79	0
1280.17	0
1280.55	0
1280.93	0
1281.31	0
1281.69	0
1282.07	0
1282.45	0
1282.82	0
1283.2	0
1283.58	0
1283.96	0
1284.34	0
1284.72	0
1285.1	0
1285.48	0
1285.86	0
1286.24	0
1286.62	0
1287	0
1287.38	0
1287.75	0
1288.13	0
1288.51	0
1288.89	0
1289.27	0
1289.65	0
1290.03	0
1290.41	0
1290.79	0
1291.17	0
1291.54	0
1291.92	0
1292.3	0
1292.68	0
1293.06	0
1293.44	0
1293.82	0
1294.2	0
1294.57	0
1294.95	0
1295.33	0
1295.71	0
1296.09	0
1296.47	0
1296.85	0
1297.22	0
1297.6	0
1297.98	0
1298.36	0
1298.74	0
1299.12	0
1299.5	0
1299.87	0
1300.25	0
1300.63	0
1301.01	0
1301.39	0
1301.77	0
1302.14	0
1302.52	0
1302.9	0
1303.28	0
1303.66	0
1304.03	0
1304.41	0
1304.79	0
1305.17	0
1305.55	0
1305.92	0
1306.3	0
1306.68	0
1307.06	0
1307.44	0
1307.81	0
1308.19	0
1308.57	0
1308.95	0
1309.32	0
1309.7	0
1310.08	0
1310.46	0
1310.84	0
1311.21	0
1311.59	0
1311.97	0
1312.35	0
1312.72	0
1313.1	0
1313.48	0
1313.86	0
1314.23	0
1314.61	0
1314.99	0
1315.37	0
1315.74	0
1316.12	0
1316.5	0
1316.87	0
1317.25	0
1317.63	0
1318.01	0
1318.38	0
1318.76	0
1319.14	0
1319.52	0
1319.89	0
1320.27	0
1320.65	0
1321.02	0
1321.4	0
1321.78	0
1322.15	0
1322.53	0
1322.91	0
1323.29	0
1323.66	0
1324.04	0
1324.42	0
1324.79	0
1325.17	0
1325.55	0
1325.92	0
1326.3	0
1326.68	0
1327.05	0
1327.43	0
1327.81	0
1328.18	0
1328.56	0
1328.94	0
1329.31	0
1329.69	0
1330.06	0
1330.44	0
1330.82	0
1331.19	0
1331.57	0
1331.95	0
1332.32	0
1332.7	0
1333.08	0
1333.45	0
1333.83	0
1334.2	0
1334.58	0
1334.96	0
1335.33	0
1335.71	0
1336.08	0
1336.46	0
1336.84	0
1337.21	0
1337.59	0
1337.96	0
1338.34	0
1338.72	0
1339.09	0
1339.47	0
1339.84	0
1340.22	0
1340.6	0
1340.97	0
1341.35	0
1341.72	0
1342.1	0
1342.47	0
1342.85	0
1343.23	0
1343.6	0
1343.98	0
1344.35	0
1344.73	0
1345.1	0
1345.48	0
1345.85	0
1346.23	0
1346.61	0
1346.98	0
1347.36	0
1347.73	0
1348.11	0
1348.48	0
1348.86	0
1349.23	0
1349.61	0
1349.98	0
1350.36	0
1350.73	0
1351.11	0
1351.48	0
1351.86	0
1352.23	0
1352.61	0
1352.98	0
1353.36	0
1353.73	0
1354.11	0
1354.48	0
1354.86	0
1355.23	0
1355.61	0
1355.98	0
1356.36	0
1356.73	0
1357.11	0
1357.48	0
1357.86	0
1358.23	0
1358.61	0
1358.98	0
1359.35	0
1359.73	0
1360.1	0
1360.48	0
1360.85	0
1361.23	0
1361.6	0
1361.98	0
1362.35	0
1362.72	0
1363.1	0
1363.47	0
1363.85	0
1364.22	0
1364.6	0
1364.97	0
1365.34	0
1365.72	0
1366.09	0
1366.47	0
1366.84	0
1367.22	0
1367.59	0
1367.96	0
1368.34	0
1368.71	0
1369.09	0
1369.46	-0.76
1369.83	-0.76
1370.21	-0.6
1370.58	-0.6
1370.96	-0.6
1371.33	0.16
1371.7	0.16
1372.08	0.04
1372.45	0.24
1372.82	0.24
1373.2	0.24
1373.57	0.24
1373.95	0.24
1374.32	0.04
1374.69	0.04
1375.07	0.08
1375.44	0.08
1375.81	0.04
1376.19	0.08
1376.56	0.12
1376.93	0.08
1377.31	0.08
1377.68	0.2
1378.05	0.16
1378.43	0.12
1378.8	0.12
1379.17	0.24
1379.55	0.12
1379.92	0.32
1380.29	0.44
1380.67	0.44
1381.04	0.32
1381.41	0.32
1381.79	0.12
1382.16	0.04
1382.53	0.24
1382.91	-0.76
1383.28	-0.68
1383.65	-0.68
1384.03	-0.72
1384.4	-0.92
1384.77	0.16
1385.14	0.08
1385.52	0.08
1385.89	0.08
1386.26	0.08
1386.64	0
1387.01	0
1387.38	0
1387.75	0.04
1388.13	0.08
1388.5	0.12
1388.87	0.12
1389.25	0.12
1389.62	-0.12
1389.99	-0.04
1390.36	-0.08
1390.74	-0.08
1391.11	2.10945e-17
1391.48	0.32
1391.85	0.2
1392.23	0.2
1392.6	0.2
1392.97	0.12
1393.34	0.04
1393.72	0.36
1394.09	0.36
1394.46	0.36
1394.83	0.36
1395.21	0.36
1395.58	0.04
1395.95	0.04
1396.32	0.04
1396.69	0.12
1397.07	0.28
1397.44	0.32
1397.81	0.44
1398.18	0.48
1398.55	0.4
1398.93	0.2
1399.3	0.32
1399.67	0.36
1400.04	0.36
1400.41	0.44
1400.79	0.6
1401.16	0.6
1401.53	0.44
1401.9	0.52
1402.27	0.48
1402.65	0.4
1403.02	0.28
1403.39	0.28
1403.76	-0.08
1404.13	-0.04
1404.51	0.08
1404.88	0.04
1405.25	0.24
1405.62	0.52
1405.99	0.44
1406.36	0.24
1406.74	0.24
1407.11	0.04
1407.48	0.12
1407.85	-1.08
1408.22	-1.08
1408.59	-1.08
1408.96	-1.04
1409.34	-0.88
1409.71	0.36
1410.08	0.6
1410.45	0.6
1410.82	0.56
1411.19	0.28
1411.56	0.24
1411.93	0
1412.31	0.08
1412.68	0.48
1413.05	0.48
1413.42	0.48
1413.79	0.84
1414.16	0.56
1414.53	0.24
1414.9	0.04
1415.27	0.04
1415.65	-0.32
1416.02	-0.12
1416.39	-0.2
1416.76	0
1417.13	0
1417.5	0
1417.87	0
1418.24	0.12
1418.61	0.32
1418.98	0.32
1419.35	0.48
1419.73	0.52
1420.1	0.4
1420.47	0.32
1420.84	0.36
1421.21	0.2
1421.58	0.36
1421.95	0.4
1422.32	0.28
1422.69	0.44
1423.06	0.52
1423.43	0.32
1423.8	0.28
1424.17	0.28
1424.54	0.28
1424.91	0.2
1425.28	0.44
1425.65	0.44
1426.02	0.44
1426.39	0.24
1426.76	-0.28
1427.14	-0.4
1427.51	-0.28
1427.88	-0.08
1428.25	0.12
1428.62	0.76
1428.99	0.64
1429.36	0.52
1429.73	0.32
1430.1	0.48
1430.47	0.36
1430.84	0.52
1431.21	0.52
1431.58	0.68
1431.95	0.36
1432.32	0.36
1432.69	0.4
1433.06	0.4
1433.43	0.24
1433.8	0.2
1434.17	0.32
1434.54	0.28
1434.91	0.28
1435.28	0.28
1435.64	0.28
1436.01	-0.44
1436.38	-0.6
1436.75	-0.6
1437.12	-0.6
1437.49	-0.6
1437.86	0
1438.23	0.04
1438.6	0.04
1438.97	0.04
1439.34	0.2
1439.71	0.2
1440.08	0.16
1440.45	0.4
1440.82	-0.08
1441.19	-0.24
1441.56	-0.24
1441.93	-0.24
1442.3	-0.44
1442.67	-1.32
1443.03	-1.32
1443.4	-1.2
1443.77	-1.04
1444.14	-0.92
1444.51	0.48
1444.88	0.48
1445.25	0.36
1445.62	0.36
1445.99	0.2
1446.36	0.32
1446.73	1.16
1447.09	1.32
1447.46	1.2
1447.83	1.2
1448.2	1.04
1448.57	2.77556e-17
1448.94	-0.12
1449.31	1.44334e-17
1449.68	0.04
1450.05	0.04
1450.41	0.24
1450.78	-0.2
1451.15	-0.24
1451.52	-0.28
1451.89	-0.28
1452.26	-0.16
1452.63	0.24
1453	0.12
1453.36	0.12
1453.73	0.12
1454.1	0
1454.47	0
1454.84	0.04
1455.21	0.04
1455.57	-0.32
1455.94	-0.32
1456.31	-0.32
1456.68	-0.32
1457.05	-0.32
1457.42	0.04
1457.78	0.04
1458.15	0.04
1458.52	0.44
1458.89	0.44
1459.26	0.44
1459.63	0.44
1459.99	0.44
1460.36	0
1460.73	0.08
1461.1	0.08
1461.47	0.12
1461.83	0.12
1462.2	0.12
1462.57	0.04
1462.94	0.04
1463.31	0
1463.67	0
1464.04	-0.2
1464.41	-0.12
1464.78	-0.56
1465.15	-0.56
1465.51	-0.56
1465.88	-0.36
1466.25	0.04
1466.62	0.48
1466.98	0.48
1467.35	0.48
1467.72	0.48
1468.09	0
1468.46	0
1468.82	0
1469.19	0.04
1469.56	0.04
1469.93	0.32
1470.29	0.32
1470.66	0.32
1471.03	0.28
1471.4	0.28
1471.76	0
1472.13	0.2
1472.5	0.24
1472.86	0.28
1473.23	0.52
1473.6	0.76
1473.97	0.68
1474.33	0.64
1474.7	0.6
1475.07	0.36
1475.44	0.44
1475.8	0.36
1476.17	0.36
1476.54	0.36
1476.9	0.56
1477.27	0.32
1477.64	0.32
1478	0.32
1478.37	0.36
1478.74	0.16
1479.11	0.16
1479.47	0.28
1479.84	0.52
1480.21	0.6
1480.57	0.68
1480.94	0.76
1481.31	0.76
1481.67	0.56
1482.04	0.44
1482.41	0.52
1482.77	0.36
1483.14	0.32
1483.51	0.52
1483.87	0.52
1484.24	0.36
1484.61	0.48
1484.97	0.36
1485.34	0.24
1485.71	-0.76
1486.07	-0.76
1486.44	-0.76
1486.81	-0.56
1487.17	-0.68
1487.54	0.36
1487.9	0.36
1488.27	0.28
1488.64	-0.12
1489	-0.12
1489.37	-0.08
1489.74	-0.08
1490.1	-0.12
1490.47	0.08
1490.83	0.24
1491.2	0.16
1491.57	0.16
1491.93	0.16
1492.3	0.48
1492.66	0.4
1493.03	0.56
1493.4	0.56
1493.76	0.56
1494.13	0.24
1494.49	0.32
1494.86	0.16
1495.23	0.24
1495.59	0.56
1495.96	-0.84
1496.32	-0.88
1496.69	-0.56
1497.06	-0.64
1497.42	-1.76
1497.79	-0.36
1498.15	-0.36
1498.52	-0.6
1498.88	-0.6
1499.25	0.2
1499.62	-0.12
1499.98	-0.04
1500.35	-0.12
1500.71	-0.04
1501.08	0.32
1501.44	0.64
1501.81	0.48
1502.17	0.48
1502.54	0.4
1502.9	0.12
1503.27	0.12
1503.64	0.08
1504	0.08
1504.37	0.08
1504.73	0
1505.1	0.04
1505.46	0.12
1505.83	0.16
1506.19	0.16
1506.56	0.16
1506.92	0.24
1507.29	0.16
1507.65	0.12
1508.02	0.16
1508.38	0.24
1508.75	0.12
1509.11	0.32
1509.48	0.64
1509.84	0.76
1510.21	0.8
1510.57	0.8
1510.94	0.6
1511.3	0.28
1511.67	0.2
1512.03	0.08
1512.4	0.08
1512.76	0.28
1513.13	-0.72
1513.49	-0.96
1513.85	-0.76
1514.22	-0.76
1514.58	-0.96
1514.95	0.04
1515.31	0.2
1515.68	0.08
1516.04	0.12
1516.41	0.12
1516.77	0.12
1517.14	0.12
1517.5	0.04
1517.86	0.12
1518.23	0.16
1518.59	0.24
1518.96	0.24
1519.32	0.4
1519.69	0.28
1520.05	0.24
1520.41	0.16
1520.78	0.56
1521.14	0.4
1521.51	0.4
1521.87	0.44
1522.24	0.44
1522.6	0.04
1522.96	0.04
1523.33	0.04
1523.69	0.08
1524.06	0.08
1524.42	0.08
1524.78	0.08
1525.15	0.08
1525.51	0
1525.88	0
1526.24	0
1526.6	0
1526.97	0
1527.33	0
1527.69	0.2
1528.06	0.2
1528.42	0.2
1528.79	0.36
1529.15	-0.44
1529.51	-0.64
1529.88	-0.52
1530.24	-0.4
1530.6	-0.44
1530.97	0.48
1531.33	0.48
1531.69	0.36
1532.06	0.24
1532.42	0.12
1532.78	0
1533.15	0.04
1533.51	0.16
1533.87	0.16
1534.24	0.2
1534.6	0.72
1534.96	0.68
1535.33	0.56
1535.69	0.6
1536.05	0.6
1536.42	0.64
1536.78	0.64
1537.14	0.64
1537.51	0.6
1537.87	0.56
1538.23	0.16
1538.6	0.2
1538.96	0.2
1539.32	0.2
1539.68	0.2
1540.05	0.08
1540.41	0.04
1540.77	0.08
1541.14	0.08
1541.5	0.12
1541.86	0.08
1542.23	0.16
1542.59	0.12
1542.95	0.12
1543.31	0.08
1543.68	0.12
1544.04	0.24
1544.4	0.24
1544.76	0.44
1545.13	0.44
1545.49	0.48
1545.85	0.36
1546.21	0.52
1546.58	0.52
1546.94	0.52
1547.3	0.44
1547.66	0.6
1548.03	0.44
1548.39	0.24
1548.75	0.24
1549.11	0.36
1549.48	0.12
1549.84	0.12
1550.2	0.12
1550.56	0.12
1550.93	0
1551.29	0
1551.65	0
1552.01	0
1552.37	0.08
1552.74	0.48
1553.1	0.48
1553.46	0.48
1553.82	0.52
1554.18	0.44
1554.55	0.12
1554.91	0.12
1555.27	0.16
1555.63	0.12
1555.99	0.2
1556.36	0.24
1556.72	-1.36
1557.08	-1.36
1557.44	-1.36
1557.8	-1.44
1558.17	-1.56
1558.53	0.04
1558.89	0
1559.25	0
1559.61	0.24
1559.97	0.32
1560.34	0.36
1560.7	0.36
1561.06	0.48
1561.42	0.32
1561.78	0.24
1562.14	-0.04
1562.5	0.44
1562.87	0.32
1563.23	0.52
1563.59	0.12
1563.95	0.36
1564.31	-0.04
1564.67	-0.04
1565.03	-0.32
1565.4	0.08
1565.76	0.16
1566.12	0.08
1566.48	0.08
1566.84	0.12
1567.2	0.36
1567.56	0.12
1567.92	0.12
1568.29	0.12
1568.65	0.08
1569.01	-0.16
1569.37	-0.32
1569.73	-0.32
1570.09	-0.28
1570.45	-0.28
1570.81	0.16
1571.17	0.48
1571.53	0.48
1571.89	0.52
1572.26	0.84
1572.62	0.4
1572.98	0.4
1573.34	0.4
1573.7	0.32
1574.06	0.12
1574.42	0.16
1574.78	0.16
1575.14	0.16
1575.5	0.16
1575.86	-0.76
1576.22	-0.72
1576.58	-0.68
1576.94	-0.52
1577.3	-0.4
1577.67	0.56
1578.03	0.48
1578.39	0.48
1578.75	0.32
1579.11	0.28
1579.47	0.12
1579.83	0.32
1580.19	0.28
1580.55	0.28
1580.91	0.36
1581.27	0.36
1581.63	0.16
1581.99	0.16
1582.35	0.16
1582.71	0
1583.07	0.12
1583.43	0.12
1583.79	0.32
1584.15	0.4
1584.51	0.4
1584.87	0.28
1585.23	0.28
1585.59	0.08
1585.95	0.04
1586.31	0.08
1586.67	0.12
1587.03	0.12
1587.39	0.12
1587.75	0.08
1588.11	0.32
1588.47	0.28
1588.83	0.28
1589.19	0.28
1589.55	0.28
1589.91	0.08
1590.27	0.08
1590.63	0.08
1590.99	0.08
1591.35	0.2
1591.71	0.12
1592.07	0.12
1592.42	0.12
1592.78	0.12
1593.14	0
1593.5	0
1593.86	0.16
1594.22	0.2
1594.58	0.2
1594.94	0.28
1595.3	0.28
1595.66	0.12
1596.02	0.08
1596.38	0.08
1596.74	0
1597.1	0
1597.46	0.32
1597.81	0.32
1598.17	0.32
1598.53	0.32
1598.89	0.32
1599.25	0.32
1599.61	0.32
1599.97	0.32
1600.33	0.32
1600.69	0.32
1601.05	0
1601.4	0.24
1601.76	-0.04
1602.12	0.2
1602.48	0.36
1602.84	0.4
1603.2	0.28
1603.56	0.72
1603.92	0.48
1604.28	0.32
1604.63	0.28
1604.99	0.16
1605.35	0.12
1605.71	0.12
1606.07	0.12
1606.43	0.12
1606.79	0.16
1607.14	0.24
1607.5	0.36
1607.86	0.44
1608.22	0.44
1608.58	0.4
1608.94	0.4
1609.29	0.8
1609.65	0.52
1610.01	0.52
1610.37	0.52
1610.73	0.32
1611.09	-0.12
1611.44	0.28
1611.8	0.28
1612.16	0.28
1612.52	0.28
1612.88	0.4
1613.24	0.2
1613.59	0.4
1613.95	0.52
1614.31	0.52
1614.67	0.32
1615.03	0.36
1615.38	0.16
1615.74	0.24
1616.1	0.24
1616.46	0.32
1616.82	0.28
1617.17	0.32
1617.53	0.2
1617.89	0.2
1618.25	0.44
1618.6	0.48
1618.96	0.44
1619.32	0.36
1619.68	0.36
1620.04	0.04
1620.39	0
1620.75	0
1621.11	0
1621.47	0.32
1621.82	0.32
1622.18	0.36
1622.54	0.36
1622.9	0.44
1623.25	-0.72
1623.61	-0.72
1623.97	-0.76
1624.33	-0.76
1624.68	-1
1625.04	-1.33221e-17
1625.4	-1.33221e-17
1625.75	-0.6
1626.11	-0.44
1626.47	-0.28
1626.83	-0.4
1627.18	-0.4
1627.54	0.2
1627.9	0.04
1628.26	0.08
1628.61	0.12
1628.97	0.12
1629.33	0.12
1629.68	0.4
1630.04	0.36
1630.4	-0.32
1630.75	-0.32
1631.11	-0.08
1631.47	-0.56
1631.83	-0.48
1632.18	0.12
1632.54	0.12
1632.9	-0.12
1633.25	0.08
1633.61	0.12
1633.97	0.12
1634.32	0.2
1634.68	0.24
1635.04	0.28
1635.39	0.32
1635.75	0.48
1636.11	0.4
1636.46	0.4
1636.82	0.36
1637.18	0.56
1637.53	0.52
1637.89	0.56
1638.25	0.68
1638.6	0.68
1638.96	0.32
1639.31	0.36
1639.67	0.32
1640.03	0.16
1640.38	0.16
1640.74	0.28
1641.1	0.32
1641.45	0.56
1641.81	0.56
1642.16	0.56
1642.52	0.44
1642.88	0.44
1643.23	-0.24
1643.59	-0.24
1643.95	-0.24
1644.3	-0.16
1644.66	-0.36
1645.01	0.2
1645.37	0.2
1645.73	0.52
1646.08	0.48
1646.44	0.48
1646.79	1.33357e-17
1647.15	0.16
1647.51	0.36
1647.86	0.48
1648.22	0.52
1648.57	0.12
1648.93	0.2
1649.28	-0.32
1649.64	-0.4
1650	-0.08
1650.35	0.88
1650.71	0.68
1651.06	0.68
1651.42	0.76
1651.77	0.2
1652.13	2.77556e-17
1652.48	-0.04
1652.84	0.04
1653.2	-0.04
1653.55	0.2
1653.91	0.36
1654.26	0.36
1654.62	0.28
1654.97	0.2
1655.33	0.16
1655.68	0.2
1656.04	0.2
1656.39	0.2
1656.75	0.2
1657.1	0.2
1657.46	0.04
1657.81	0.04
1658.17	0.04
1658.52	0.08
1658.88	0.16
1659.23	0.2
1659.59	0.2
1659.94	0.2
1660.3	0.16
1660.65	0.08
1661.01	0.04
1661.36	0.04
1661.72	0.2
1662.07	0.44
1662.43	0.44
1662.78	0.44
1663.14	0.44
1663.49	0.28
1663.85	0.24
1664.2	0.28
1664.56	0.24
1664.91	-1.56
1665.27	-1.56
1665.62	-1.56
1665.98	-1.6
1666.33	-1.6
1666.69	0.2
1667.04	0.2
1667.39	0
1667.75	0
1668.1	0.36
1668.46	0.36
1668.81	0.36
1669.17	0.36
1669.52	0.36
1669.88	0.28
1670.23	0.56
1670.58	0.56
1670.94	0.64
1671.29	0.64
1671.65	0.36
1672	0.36
1672.36	0.88
1672.71	0.8
1673.06	0.8
1673.42	0.6
1673.77	0.32
1674.13	-0.2
1674.48	-0.2
1674.83	-0.08
1675.19	0.64
1675.54	0.64
1675.9	0.72
1676.25	0.72
1676.6	0.72
1676.96	0.2
1677.31	0.4
1677.67	0.4
1678.02	0.52
1678.37	0.4
1678.73	0.64
1679.08	0.56
1679.43	0.76
1679.79	0.64
1680.14	0.64
1680.5	0.16
1680.85	0.04
1681.2	-0.24
1681.56	-0.12
1681.91	-0.12
1682.26	0.2
1682.62	0.28
1682.97	0.28
1683.32	0.16
1683.68	0.16
1684.03	0.16
1684.38	0.16
1684.74	0.32
1685.09	0.36
1685.44	0.16
1685.8	0.2
1686.15	0.2
1686.5	0.28
1686.86	0.4
1687.21	0.4
1687.56	0.44
1687.92	0.56
1688.27	0.32
1688.62	0.2
1688.98	0.84
1689.33	0.68
1689.68	1.12
1690.03	1.12
1690.39	1.08
1690.74	0.84
1691.09	0.88
1691.45	-0.12
1691.8	-0.12
1692.15	-0.12
1692.5	0.12
1692.86	0.16
1693.21	0.52
1693.56	0.52
1693.92	0.72
1694.27	-0.32
1694.62	-0.36
1694.97	-0.28
1695.33	-0.28
1695.68	-0.48
1696.03	0.2
1696.38	0.24
1696.74	0.16
1697.09	-0.04
1697.44	-0.04
1697.79	-0.12
1698.15	-0.12
1698.5	-0.12
1698.85	0.08
1699.2	-0.64
1699.56	-0.56
1699.91	-0.6
1700.26	-0.52
1700.61	-0.12
1700.97	0.6
1701.32	0.64
1701.67	0.6
1702.02	0.72
1702.37	0.36
1702.73	0.64
1703.08	0.52
1703.43	0.52
1703.78	0.32
1704.13	0.72
1704.49	0.44
1704.84	0.48
1705.19	0.56
1705.54	0.56
1705.89	0.12
1706.25	0.32
1706.6	0.28
1706.95	0.6
1707.3	0.96
1707.65	1.32
1708.01	1.32
1708.36	1.32
1708.71	1.12
1709.06	1.2
1709.41	0.84
1709.76	0.88
1710.12	0.92
1710.47	0.72
1710.82	0.28
1711.17	0.36
1711.52	0.12
1711.87	0.08
1712.23	0.24
1712.58	0.44
1712.93	0.36
1713.28	0.44
1713.63	0.48
1713.98	0.32
1714.33	0.2
1714.69	0.2
1715.04	0.12
1715.39	0.28
1715.74	0.28
1716.09	0.44
1716.44	0.44
1716.79	0.52
1717.14	0.32
1717.5	0.44
1717.85	0.28
1718.2	0.48
1718.55	0.52
1718.9	0.52
1719.25	0.44
1719.6	0.36
1719.95	0.16
1720.3	0.04
1720.65	0.04
1721.01	0.08
1721.36	0.4
1721.71	0.92
1722.06	0.44
1722.41	0.56
1722.76	0.56
1723.11	0.28
1723.46	-0.24
1723.81	0.28
1724.16	0.28
1724.51	0.4
1724.86	0.44
1725.21	0.56
1725.56	0.52
1725.92	0.72
1726.27	0.68
1726.62	0.64
1726.97	0.64
1727.32	0.24
1727.67	0.12
1728.02	0.08
1728.37	0.32
1728.72	0.36
1729.07	0.88
1729.42	0.72
1729.77	0.6
1730.12	0.32
1730.47	0.16
1730.82	0.2
1731.17	0.28
1731.52	0.28
1731.87	0.28
1732.22	0.6
1732.57	0.48
1732.92	0.72
1733.27	0.8
1733.62	0.84
1733.97	1
1734.32	1
1734.67	0.84
1735.02	0.56
1735.37	0.84
1735.72	0.6
1736.07	1.16
1736.42	0.96
1736.77	1.16
1737.12	1.04
1737.47	1.2
1737.82	0.6
1738.17	0.84
1738.52	1.36
1738.87	1.16
1739.22	0.8
1739.57	1
1739.92	0.96
1740.27	0.64
1740.62	0.96
1740.97	0.96
1741.32	1.08
1741.67	1.12
1742.02	1
1742.37	0.84
1742.72	0.96
1743.06	0.92
1743.41	0.68
1743.76	1.08
1744.11	-0.16
1744.46	-0.16
1744.81	-0.4
1745.16	-0.32
1745.51	-0.48
1745.86	0.6
1746.21	0.56
1746.56	0.8
1746.91	0.76
1747.26	0.52
1747.6	0.6
1747.95	0.48
1748.3	0.28
1748.65	0.24
1749	0.36
1749.35	0.6
1749.7	1.6
1750.05	1.72
1750.4	1.76
1750.75	1.76
1751.09	2
1751.44	1.36
1751.79	0.56
1752.14	0.52
1752.49	0.52
1752.84	-0.04
1753.19	-0.36
1753.54	0.36
1753.88	0.6
1754.23	0.4
1754.58	0.44
1754.93	0.4
1755.28	0.72
1755.63	0.56
1755.98	0.56
1756.32	0.52
1756.67	0.52
1757.02	0.08
1757.37	0.2
1757.72	0.2
1758.07	0.2
1758.42	0.2
1758.76	0.2
1759.11	-0.24
1759.46	-0.24
1759.81	-0.2
1760.16	0.12
1760.5	0.32
1760.85	0.44
1761.2	0.44
1761.55	0.48
1761.9	0.44
1762.25	0.24
1762.59	0.4
1762.94	0.4
1763.29	0.32
1763.64	0.36
1763.99	0.4
1764.33	0.52
1764.68	0.52
1765.03	0.68
1765.38	0.36
1765.73	0.72
1766.07	0.56
1766.42	0.56
1766.77	0.4
1767.12	0.44
1767.46	0.08
1767.81	0.08
1768.16	0.12
1768.51	0.12
1768.85	0.08
1769.2	0.44
1769.55	0.64
1769.9	0.6
1770.25	0.64
1770.59	0.88
1770.94	0.56
1771.29	0.44
1771.64	0.44
1771.98	0.48
1772.33	0.32
1772.68	0.28
1773.02	0.4
1773.37	0.4
1773.72	0.32
1774.07	0.28
1774.41	0.24
1774.76	0.04
1775.11	0.04
1775.46	0.16
1775.8	0.28
1776.15	0.6
1776.5	0.68
1776.84	0.68
1777.19	0.56
1777.54	0.56
1777.89	0.48
1778.23	0.4
1778.58	0.4
1778.93	0.84
1779.27	0.8
1779.62	0.8
1779.97	0.88
1780.31	1.24
1780.66	1.04
1781.01	0.92
1781.35	0.8
1781.7	0.88
1782.05	0.52
1782.39	0.28
1782.74	0.28
1783.09	0.16
1783.43	0.12
1783.78	0.12
1784.13	0.12
1784.47	-0.2
1784.82	-0.08
1785.17	-0.08
1785.51	0.08
1785.86	0.08
1786.21	0.56
1786.55	0.8
1786.9	0.68
1787.25	0.6
1787.59	0.88
1787.94	0.8
1788.29	0.44
1788.63	0.56
1788.98	0.68
1789.32	0.44
1789.67	0.56
1790.02	0.56
1790.36	0.6
1790.71	0.4
1791.06	0.36
1791.4	0.36
1791.75	0.52
1792.09	0.8
1792.44	0.64
1792.79	-0.8
1793.13	-0.76
1793.48	-0.84
1793.82	-1.28
1794.17	-3.16
1794.52	-1.52
1794.86	-1.72
1795.21	-1.44
1795.55	-1.32
1795.9	0.36
1796.24	0.72
1796.59	0.92
1796.94	0.68
1797.28	0.56
1797.63	1.04
1797.97	0.64
1798.32	0.96
1798.66	1.16
1799.01	1.48
1799.36	1.4
1799.7	1.92
1800.05	1.64
1800.39	1.4
1800.74	1.36
1801.08	1.8
1801.43	1.4
1801.77	1.36
1802.12	1.8
1802.46	1.92
1802.81	1.92
1803.15	1.76
1803.5	2.28
1803.85	2.6
1804.19	2.4
1804.54	2.4
1804.88	2.4
1805.23	2.12
1805.57	1.6
1805.92	2.68
1806.26	2.76
1806.61	3.16
1806.95	2.8
1807.3	3.4
1807.64	2.72
1807.99	2.52
1808.33	2.24
1808.68	2.12
1809.02	1.6
1809.37	1.48
1809.71	2.12
1810.06	2.44
1810.4	2.56
1810.75	2.24
1811.09	1.8
1811.43	1.88
1811.78	2.32
1812.12	3.24
1812.47	3.6
1812.81	4.48
1813.16	4.04
1813.5	3.88
1813.85	4
1814.19	4.8
1814.54	4.44
1814.88	4.04
1815.23	3.52
1815.57	2.52
1815.91	1.72
1816.26	1.84
1816.6	2.8
1816.95	4.16
1817.29	4.12
1817.64	4.28
1817.98	3.24
1818.32	3.32
1818.67	3.2
1819.01	4.64
1819.36	4.72
1819.7	5.92
1820.05	5.32
1820.39	4.48
1820.73	3.92
1821.08	4.68
1821.42	4.32
1821.77	4.28
1822.11	4
1822.45	3.36
1822.8	2.8
1823.14	2.8
1823.49	2.88
1823.83	4.72
1824.17	5
1824.52	5.48
1824.86	6
1825.2	6.28
1825.55	4.4
1825.89	4.36
1826.24	3.24
1826.58	2.56
1826.92	2.8
1827.27	3.8
1827.61	4.44
1827.95	5.36
1828.3	6.28
1828.64	5.24
1828.98	4.64
1829.33	3.68
1829.67	3.24
1830.02	2.92
1830.36	3.68
1830.7	3.4
1831.05	3.88
1831.39	3.92
1831.73	4
1832.08	3.48
1832.42	4.28
1832.76	3.56
1833.1	2.64
1833.45	1.84
1833.79	1.68
1834.13	2.2
1834.48	4.36
1834.82	4.6
1835.16	4.48
1835.51	5.04
1835.85	3.72
1836.19	1.96
1836.54	2
1836.88	2.72
1837.22	2.08
1837.56	2.48
1837.91	1.72
1838.25	1.64
1838.59	1.72
1838.94	1.88
1839.28	1.44
1839.62	1.88
1839.96	2.36
1840.31	1.92
1840.65	1.8
1840.99	1.32
1841.34	1.48
1841.68	1.4
1842.02	2.32
1842.36	2.56
1842.71	2.84
1843.05	2.6
1843.39	2.52
1843.73	1.36
1844.08	1.28
1844.42	1.24
1844.76	1.52
1845.1	1.48
1845.45	2.08
1845.79	1.92
1846.13	1.88
1846.47	1.8
1846.81	2.04
1847.16	1.52
1847.5	1.32
1847.84	1.24
1848.18	1.72
1848.53	1.64
1848.87	1.48
1849.21	2
1849.55	2.08
1849.89	1.56
1850.24	1.24
1850.58	1.36
1850.92	0.8
1851.26	0.6
1851.6	0.4
1851.95	0.56
1852.29	0.56
1852.63	0.56
1852.97	0.8
1853.31	0.84
1853.66	0.68
1854	0.48
1854.34	0.68
1854.68	0.72
1855.02	0.68
1855.36	0.64
1855.71	0.68
1856.05	0.76
1856.39	0.84
1856.73	0.92
1857.07	0.92
1857.41	1.08
1857.76	0.8
1858.1	0.48
1858.44	0.4
1858.78	0.28
1859.12	0.2
1859.46	0.2
1859.8	0.56
1860.15	0.56
1860.49	0.68
1860.83	0.52
1861.17	0.92
1861.51	0.52
1861.85	0.52
1862.19	0.56
1862.53	0.64
1862.88	0.28
1863.22	0.28
1863.56	0.32
1863.9	0.2
1864.24	0.12
1864.58	-0.12
1864.92	-0.12
1865.26	-0.16
1865.6	-0.08
1865.94	-0.08
1866.29	0.12
1866.63	0.16
1866.97	0.16
1867.31	0.04
1867.65	0.04
1867.99	0.04
1868.33	0.2
1868.67	0.28
1869.01	0.36
1869.35	-0.44
1869.69	-0.44
1870.03	-0.64
1870.37	-0.72
1870.72	-0.8
1871.06	0.04
1871.4	0.04
1871.74	0.2
1872.08	0.2
1872.42	0.2
1872.76	0.24
1873.1	0.24
1873.44	0.24
1873.78	-0.36
1874.12	-0.36
1874.46	-0.6
1874.8	-0.52
1875.14	-0.56
1875.48	0.04
1875.82	0.16
1876.16	0.56
1876.5	0.48
1876.84	0.68
1877.18	0.76
1877.52	0.32
1877.86	0.08
1878.2	0.08
1878.54	-0.84
1878.88	-0.92
1879.22	-0.6
1879.56	-0.6
1879.9	-1.2
1880.24	-0.48
1880.58	-0.52
1880.92	-0.52
1881.26	-0.44
1881.6	0.28
1881.94	0.16
1882.28	0.2
1882.62	0.24
1882.96	0.24
1883.3	0.12
1883.64	0.24
1883.98	0.48
1884.32	0.52
1884.66	0.48
1885	0.56
1885.34	0.48
1885.68	0.24
1886.02	0.24
1886.36	0.2
1886.7	0.12
1887.04	0.16
1887.38	0.24
1887.72	0.32
1888.06	-0.28
1888.39	-0.04
1888.73	-0.12
1889.07	-0.2
1889.41	-0.12
1889.75	-0.12
1890.09	-0.36
1890.43	-0.36
1890.77	-0.36
1891.11	-0.56
1891.45	0.04
1891.79	0.04
1892.13	0.04
1892.47	0.04
1892.8	0
1893.14	0
1893.48	-0.36
1893.82	-0.24
1894.16	-4.2189e-17
1894.5	-4.2189e-17
1894.84	-4.2189e-17
1895.18	0.6
1895.52	0.84
1895.86	1
1896.19	1.04
1896.53	1.04
1896.87	0.8
1897.21	0.44
1897.55	0.04
1897.89	0.48
1898.23	0.56
1898.57	0.6
1898.9	0.8
1899.24	0.88
1899.58	0.48
1899.92	0.4
1900.26	0.36
1900.6	0.16
1900.94	-0.08
1901.27	-0.16
1901.61	-0.16
1901.95	0.04
1902.29	0.04
1902.63	0.44
1902.97	0.56
1903.3	0.72
1903.64	0.76
1903.98	0.76
1904.32	0.52
1904.66	0.48
1905	0.56
1905.33	0.36
1905.67	0.48
1906.01	0.48
1906.35	0.44
1906.69	0.2
1907.02	0.32
1907.36	0.4
1907.7	0.68
1908.04	0.92
1908.38	1.68
1908.71	1.88
1909.05	1.68
1909.39	1.4
1909.73	1.12
1910.07	0.76
1910.4	0.84
1910.74	1.2
1911.08	1.32
1911.42	1.32
1911.76	1.12
1912.09	0.76
1912.43	0.44
1912.77	0.84
1913.11	1.04
1913.44	1.48
1913.78	1.16
1914.12	1.52
1914.46	1.12
1914.79	1.04
1915.13	0.4
1915.47	0.6
1915.81	0.52
1916.14	0.52
1916.48	0.84
1916.82	1.28
1917.16	0.8
1917.49	1.04
1917.83	1.16
1918.17	1.48
1918.5	1.2
1918.84	1.92
1919.18	1.76
1919.52	1.52
1919.85	0.8
1920.19	0.64
1920.53	0.6
1920.87	0.64
1921.2	0.64
1921.54	0.6
1921.88	0.68
1922.21	0.52
1922.55	0.48
1922.89	0.48
1923.22	1.24
1923.56	1.16
1923.9	1.16
1924.23	1.2
1924.57	1.08
1924.91	0.44
1925.25	0.44
1925.58	0.56
1925.92	0.36
1926.26	1
1926.59	1
1926.93	1.28
1927.27	1.48
1927.6	1.24
1927.94	0.92
1928.28	0.96
1928.61	1.2
1928.95	0.88
1929.29	1
1929.62	0.8
1929.96	0.8
1930.29	0.28
1930.63	0.44
1930.97	0.44
1931.3	0.56
1931.64	0.44
1931.98	0.72
1932.31	-0.08
1932.65	-0.2
1932.99	-0.32
1933.32	-0.36
1933.66	-0.64
1933.99	0.16
1934.33	0.4
1934.67	0.6
1935	1.08
1935.34	1.44
1935.67	1.44
1936.01	1.4
1936.35	1.2
1936.68	0.72
1937.02	0.6
1937.35	0.56
1937.69	0.36
1938.03	0.64
1938.36	-1.16
1938.7	-1.4
1939.03	-1.52
1939.37	-1.32
1939.7	-1.44
1940.04	0.36
1940.38	0.56
1940.71	0.56
1941.05	0.36
1941.38	0.2
1941.72	0.2
1942.05	0.16
1942.39	0.16
1942.73	0.24
1943.06	0.24
1943.4	0.32
1943.73	0.16
1944.07	0.32
1944.4	0.24
1944.74	0.36
1945.07	0.28
1945.41	0.28
1945.74	0.12
1946.08	0.24
1946.42	0.12
1946.75	0.16
1947.09	0.44
1947.42	0.68
1947.76	0.56
1948.09	0.64
1948.43	0.6
1948.76	0.32
1949.1	0.24
1949.43	0.4
1949.77	0.32
1950.1	0.32
1950.44	0.32
1950.77	0.16
1951.11	0
1951.44	0.08
1951.78	0.08
1952.11	0.16
1952.45	0.16
1952.78	0.16
1953.12	0.16
1953.45	0.16
1953.79	0.16
1954.12	0.16
1954.46	-0.04
1954.79	0.04
1955.12	0.08
1955.46	0.04
1955.79	0.16
1956.13	0.48
1956.46	0.52
1956.8	-0.08
1957.13	0.08
1957.47	-0.04
1957.8	-0.16
1958.14	-0.12
1958.47	0.44
1958.8	0.24
1959.14	0.24
1959.47	0.52
1959.81	0.28
1960.14	0.4
1960.48	0.52
1960.81	0.52
1961.14	0.24
1961.48	0.28
1961.81	0.16
1962.15	0.16
1962.48	0.4
1962.82	0.4
1963.15	0.36
1963.48	0.44
1963.82	0.44
1964.15	0.24
1964.49	0.24
1964.82	0.24
1965.15	0.16
1965.49	0.2
1965.82	0.28
1966.16	0.64
1966.49	0.64
1966.82	0.76
1967.16	0.68
1967.49	0.6
1967.83	0.52
1968.16	0.52
1968.49	1.08
1968.83	1.04
1969.16	1.32
1969.49	1.12
1969.83	1.44
1970.16	1.12
1970.49	1.16
1970.83	1.12
1971.16	1.24
1971.5	0.52
1971.83	0.2
1972.16	0.8
1972.5	1.16
1972.83	1.24
1973.16	1.64
1973.5	2.16
1973.83	1.56
1974.16	1.2
1974.5	1.2
1974.83	1.56
1975.16	1.16
1975.5	1.28
1975.83	1.24
1976.16	1.16
1976.49	1.24
1976.83	1.8
1977.16	1.72
1977.49	1.48
1977.83	1.76
1978.16	1.72
1978.49	1.16
1978.83	1.12
1979.16	1.2
1979.49	0.84
1979.83	0.8
1980.16	1.04
1980.49	1.4
1980.82	1.36
1981.16	1.4
1981.49	1.4
1981.82	0.92
1982.15	0.6
1982.49	0.56
1982.82	0.6
1983.15	1.04
1983.49	1.44
1983.82	1.48
1984.15	1.84
1984.48	1.96
1984.82	1.32
1985.15	1.68
1985.48	2
1985.81	1.68
1986.15	1.88
1986.48	1.8
1986.81	1.32
1987.14	1.04
1987.48	1.12
1987.81	0.64
1988.14	0.64
1988.47	0.64
1988.81	0.6
1989.14	0.96
1989.47	1.44
1989.8	2.04
1990.13	2
1990.47	2
1990.8	1.6
1991.13	1.2
1991.46	0.68
1991.79	0.12
1992.13	-0.48
1992.46	0.24
1992.79	0.92
1993.12	1.12
1993.45	0.96
1993.79	1.92
1994.12	1.48
1994.45	0.76
1994.78	0.56
1995.11	1.6
1995.45	1.44
1995.78	1.64
1996.11	1.88
1996.44	2.12
1996.77	2.24
1997.1	2.52
1997.44	2.64
1997.77	2.8
1998.1	3.12
1998.43	2.68
1998.76	2.52
1999.09	1.96
1999.43	0.72
1999.76	0.36
2000.09	0.28
2000.42	5.55112e-17
2000.75	-0.64
2001.08	0.48
2001.41	0.48
2001.75	0.56
2002.08	0.92
2002.41	1.68
2002.74	2.36
2003.07	2.48
2003.4	2.52
2003.73	2.44
2004.06	2.64
2004.4	1.6
2004.73	1.6
2005.06	1.72
2005.39	1.52
2005.72	1.36
2006.05	1.92
2006.38	1.52
2006.71	1.72
2007.04	1.72
2007.37	1.64
2007.71	1.12
2008.04	1.36
2008.37	0.96
2008.7	0.8
2009.03	0.6
2009.36	0.64
2009.69	0.36
2010.02	0.24
2010.35	0.32
2010.68	0.36
2011.01	0.48
2011.34	0.56
2011.67	0.56
2012.01	0.56
2012.34	0.52
2012.67	0.6
2013	0.56
2013.33	0.96
2013.66	1.08
2013.99	1.08
2014.32	1.16
2014.65	1.08
2014.98	0.8
2015.31	0.6
2015.64	1.08
2015.97	0.72
2016.3	1.12
2016.63	1.16
2016.96	1.08
2017.29	5.55112e-17
2017.62	0.2
2017.95	-0.2
2018.28	-0.36
2018.61	-0.2
2018.94	0.52
2019.27	0.56
2019.6	0.92
2019.93	1
2020.26	1.28
2020.59	1.4
2020.92	1.36
2021.25	1
2021.58	0.92
2021.91	0.48
2022.24	0.24
2022.57	0.04
2022.9	0.04
2023.23	0.04
2023.56	0.4
2023.89	0.4
2024.22	0.44
2024.55	0.44
2024.88	0.44
2025.21	0.08
2025.54	-0.12
2025.87	-0.16
2026.2	-0.12
2026.53	-0.12
2026.86	-0.04
2027.19	0.16
2027.52	0.36
2027.85	0.32
2028.18	0.32
2028.51	0.2
2028.84	0.2
2029.16	0
2029.49	0
2029.82	0
2030.15	0.04
2030.48	-0.32
2030.81	-0.32
2031.14	-0.28
2031.47	-0.2
2031.8	-0.24
2032.13	0.24
2032.46	0.28
2032.79	0.24
2033.12	0.52
2033.44	0.64
2033.77	0.92
2034.1	0.88
2034.43	0.96
2034.76	0.6
2035.09	0.56
2035.42	0.16
2035.75	0.16
2036.08	0.08
2036.41	0.08
2036.73	0
2037.06	0
2037.39	0
2037.72	0.04
2038.05	0.04
2038.38	0.12
2038.71	0.12
2039.04	-0.8
2039.36	-0.68
2039.69	-0.52
2040.02	-0.96
2040.35	-0.96
2040.68	0.08
2041.01	-0.08
2041.34	-0.44
2041.66	-0.08
2041.99	-0.08
2042.32	-0.2
2042.65	-0.2
2042.98	0
2043.31	0
2043.63	0.04
2043.96	0.04
2044.29	0.08
2044.62	0.08
2044.95	0.08
2045.28	0.04
2045.6	0.08
2045.93	0.04
2046.26	0.04
2046.59	0.16
2046.92	0.16
2047.24	0.12
2047.57	0.12
2047.9	0.12
2048.23	0.04
2048.56	0.04
2048.88	0.2
2049.21	0.28
2049.54	0.28
2049.87	0.24
2050.2	0.32
2050.52	0.16
2050.85	0.36
2051.18	0.36
2051.51	0.8
2051.83	0.72
2052.16	0.72
2052.49	0.8
2052.82	0.8
2053.15	0.16
2053.47	0.16
2053.8	0.24
2054.13	0.04
2054.46	0.2
2054.78	0.56
2055.11	0.56
2055.44	0.32
2055.77	0.24
2056.09	0.08
2056.42	0.12
2056.75	0.12
2057.08	0.28
2057.4	0.24
2057.73	0.36
2058.06	0.32
2058.38	0.4
2058.71	0.4
2059.04	0.56
2059.37	0.48
2059.69	0.44
2060.02	0.48
2060.35	0.48
2060.67	0.28
2061	0.24
2061.33	-6.66107e-18
2061.66	-0.12
2061.98	-0.04
2062.31	0.08
2062.64	0.24
2062.96	0.52
2063.29	0.72
2063.62	0.68
2063.94	0.88
2064.27	0.72
2064.6	-0.16
2064.92	-0.36
2065.25	-0.4
2065.58	-0.72
2065.91	-0.68
2066.23	0.12
2066.56	0.6
2066.89	0.6
2067.21	0.68
2067.54	0.8
2067.87	0.76
2068.19	0.28
2068.52	0.44
2068.84	0.4
2069.17	0.24
2069.5	0.4
2069.82	0.2
2070.15	0.04
2070.48	0.12
2070.8	0.52
2071.13	0.4
2071.46	0.84
2071.78	0.88
2072.11	0.8
2072.43	0.68
2072.76	0.6
2073.09	0.76
2073.41	0.72
2073.74	0.8
2074.07	0.6
2074.39	0.6
2074.72	0.52
2075.04	0.52
2075.37	0.56
2075.7	0.6
2076.02	0.8
2076.35	0.48
2076.67	0.48
2077	0.32
2077.33	0.2
2077.65	0
2077.98	0
2078.3	0.4
2078.63	0.48
2078.95	0.48
2079.28	0.48
2079.61	-0.04
2079.93	-0.32
2080.26	-0.24
2080.58	-0.24
2080.91	1.33221e-17
2081.23	0.6
2081.56	0.48
2081.89	0.32
2082.21	0.36
2082.54	0.24
2082.86	0.2
2083.19	0.44
2083.51	0.56
2083.84	0.52
2084.16	0.4
2084.49	0.36
2084.81	0.12
2085.14	0
2085.46	0.28
2085.79	0.48
2086.12	0.6
2086.44	0.6
2086.77	0.6
2087.09	0.32
2087.42	0.24
2087.74	0.36
2088.07	0.56
2088.39	0.56
2088.72	0.56
2089.04	0.44
2089.37	0.2
2089.69	0
2090.02	0
2090.34	-0.4
2090.67	-0.36
2090.99	-2.52
2091.32	-2.32
2091.64	-2.24
2091.97	-1.84
2092.29	-1.8
2092.62	0.36
2092.94	0.48
2093.26	0.6
2093.59	0.6
2093.91	-0.68
2094.24	-0.68
2094.56	-1
2094.89	-1.2
2095.21	-1.2
2095.54	0.08
2095.86	0.08
2096.19	0.36
2096.51	0.44
2096.84	0.72
2097.16	0.68
2097.48	0.96
2097.81	0.68
2098.13	0.76
2098.46	0.2
2098.78	0.16
2099.11	-0.04
2099.43	0.08
2099.75	0.16
2100.08	0.44
2100.4	0.44
2100.73	0.56
2101.05	0.44
2101.38	0.24
2101.7	0.36
2102.02	0.36
2102.35	0.4
2102.67	0.4
2103	0.36
2103.32	0.24
2103.64	0.4
2103.97	0.16
2104.29	0.2
2104.62	0.32
2104.94	0.32
2105.26	-0.36
2105.59	-0.36
2105.91	-0.4
2106.23	-0.24
2106.56	-0.24
2106.88	0.32
2107.21	0.32
2107.53	0.6
2107.85	0.32
2108.18	0.52
2108.5	0.48
2108.82	0.48
2109.15	0.2
2109.47	0.24
2109.79	0.08
2110.12	0.08
2110.44	0.24
2110.76	0.24
2111.09	0.28
2111.41	0.24
2111.73	0.24
2112.06	0.12
2112.38	0.28
2112.7	-0.4
2113.03	-0.4
2113.35	-0.16
2113.67	-0.12
2114	-0.28
2114.32	0.48
2114.64	0.48
2114.97	0.32
2115.29	0.24
2115.61	0.24
2115.94	0.08
2116.26	0.08
2116.58	0.36
2116.91	-0.64
2117.23	-0.44
2117.55	-0.44
2117.87	-0.4
2118.2	-0.72
2118.52	0.28
2118.84	0.08
2119.17	0.12
2119.49	0.28
2119.81	0.32
2120.13	0.32
2120.46	0.32
2120.78	-0.28
2121.1	-0.44
2121.42	-0.36
2121.75	-0.28
2122.07	0.12
2122.39	0.76
2122.72	0.72
2123.04	0.64
2123.36	0.56
2123.68	0.16
2124.01	0.08
2124.33	0.08
2124.65	0
2124.97	0.2
2125.29	0.2
2125.62	0.2
2125.94	0.2
2126.26	0.32
2126.58	0.12
2126.91	-0.88
2127.23	-0.6
2127.55	-0.44
2127.87	-0.28
2128.2	-0.28
2128.52	0.96
2128.84	0.88
2129.16	0.72
2129.48	0.76
2129.81	0.84
2130.13	0.76
2130.45	0.56
2130.77	0.56
2131.09	0.24
2131.42	0.32
2131.74	0.16
2132.06	0.28
2132.38	0.48
2132.7	0.68
2133.02	0.52
2133.35	0.56
2133.67	0.56
2133.99	0.64
2134.31	-0.16
2134.63	-0.16
2134.96	-0.2
2135.28	-0.32
2135.6	-0.52
2135.92	0.08
2136.24	0.08
2136.56	0.16
2136.88	0.24
2137.21	0.28
2137.53	0.28
2137.85	0.36
2138.17	-0.32
2138.49	-0.4
2138.81	-0.52
2139.13	-0.52
2139.46	-0.6
2139.78	0.24
2140.1	0.48
2140.42	0.68
2140.74	0.76
2141.06	0.76
2141.38	0.64
2141.7	0.4
2142.03	0.32
2142.35	0.24
2142.67	0.24
2142.99	0.12
2143.31	0.12
2143.63	0
2143.95	0.12
2144.27	0.12
2144.59	0.24
2144.91	0.04
2145.24	0.08
2145.56	-0.04
2145.88	0.04
2146.2	-0.04
2146.52	0.24
2146.84	0.2
2147.16	0.52
2147.48	0.44
2147.8	0.4
2148.12	0.32
2148.44	0.32
2148.76	0.32
2149.08	0.32
2149.41	0.32
2149.73	0.44
2150.05	0.44
2150.37	0.12
2150.69	0.12
2151.01	0.24
2151.33	0.12
2151.65	0.16
2151.97	0.16
2152.29	0.16
2152.61	-0.36
2152.93	-0.36
2153.25	-0.2
2153.57	-0.12
2153.89	-0.04
2154.21	-0.04
2154.53	0.08
2154.85	6.66107e-18
2155.17	0.08
2155.49	-0.04
2155.81	0.44
2156.13	0.32
2156.45	0.2
2156.77	0.04
2157.09	0.08
2157.41	0.16
2157.73	0.4
2158.05	0.64
2158.37	0.84
2158.69	0.84
2159.01	0.88
2159.33	0.84
2159.65	0.92
2159.97	0.72
2160.29	0.88
2160.61	0.68
2160.93	0.48
2161.25	0.24
2161.57	0.24
2161.89	0.16
2162.21	0.16
2162.53	0.16
2162.85	-0.36
2163.17	-0.2
2163.49	-0.28
2163.81	-0.28
2164.13	-0.28
2164.45	-0.44
2164.77	-0.52
2165.08	-0.44
2165.4	-0.32
2165.72	-0.32
2166.04	0.32
2166.36	0.68
2166.68	0.6
2167	0.48
2167.32	0.48
2167.64	0.44
2167.96	0
2168.28	0
2168.6	0
2168.92	0
2169.24	0
2169.55	0
2169.87	0.2
2170.19	1.08
2170.51	1.08
2170.83	1.08
2171.15	1.12
2171.47	0.92
2171.79	0.04
2172.11	0.16
2172.43	0.16
2172.74	0.12
2173.06	0.44
2173.38	0.52
2173.7	0.6
2174.02	0.6
2174.34	0.72
2174.66	0.4
2174.98	0.56
2175.29	0.36
2175.61	0.36
2175.93	0.76
2176.25	0.76
2176.57	0.52
2176.89	0.52
2177.21	0.56
2177.52	0.04
2177.84	0.08
2178.16	0.08
2178.48	0.08
2178.8	0.48
2179.12	0.68
2179.43	0.8
2179.75	-0.08
2180.07	-0.08
2180.39	-0.48
2180.71	-0.68
2181.03	-0.72
2181.34	0.2
2181.66	0.2
2181.98	0.2
2182.3	0.2
2182.62	0.16
2182.93	-0.28
2183.25	-0.24
2183.57	-0.24
2183.89	-0.2
2184.21	-0.28
2184.52	0.12
2184.84	0.08
2185.16	0.16
2185.48	0.16
2185.8	0.16
2186.11	0.16
2186.43	0.4
2186.75	0.28
2187.07	-0.16
2187.39	-0.88
2187.7	-0.88
2188.02	-1.56
2188.34	-1.2
2188.66	-0.8
2188.97	-0.04
2189.29	-0.04
2189.61	0.6
2189.93	0.4
2190.24	0.4
2190.56	0.56
2190.88	0.56
2191.2	0.36
2191.51	0.2
2191.83	0.2
2192.15	0
2192.47	0.12
2192.78	0.12
2193.1	0.16
2193.42	0.4
2193.74	0.4
2194.05	0.28
2194.37	0.44
2194.69	0.52
2195	-0.08
2195.32	-0.04
2195.64	0.12
2195.96	-0.04
2196.27	-0.16
2196.59	-0.2
2196.91	-0.2
2197.22	-0.32
2197.54	-0.32
2197.86	-0.32
2198.18	0.12
2198.49	0.08
2198.81	0.04
2199.13	0.04
2199.44	0.08
2199.76	0.4
2200.08	0.4
2200.39	0.4
2200.71	0.48
2201.03	0.44
2201.34	0.12
2201.66	0.48
2201.98	0.6
2202.29	0.52
2202.61	0.52
2202.93	0.48
2203.24	0.12
2203.56	0.08
2203.88	0.08
2204.19	0.08
2204.51	0.08
2204.83	0.08
2205.14	0
2205.46	0
2205.78	0.04
2206.09	0.04
2206.41	-0.04
2206.72	-0.2
2207.04	-0.2
2207.36	-0.36
2207.67	-0.36
2207.99	-0.28
2208.31	-0.12
2208.62	-2.10945e-17
2208.94	0.12
2209.25	0.16
2209.57	0.16
2209.89	0.16
2210.2	0.04
2210.52	0.04
2210.83	0
2211.15	0
2211.47	0
2211.78	0
2212.1	-0.16
2212.41	0.08
2212.73	0.08
2213.05	0.12
2213.36	0.16
2213.68	0.32
2213.99	0.08
2214.31	0.08
2214.62	0.04
2214.94	0.24
2215.26	0.24
2215.57	0.48
2215.89	0.48
2216.2	0.56
2216.52	0.32
2216.83	0.36
2217.15	0.2
2217.46	0.2
2217.78	0.12
2218.1	-0.08
2218.41	-0.04
2218.73	0.04
2219.04	0.2
2219.36	0.2
2219.67	0.52
2219.99	0.44
2220.3	0.32
2220.62	0.16
2220.93	0.16
2221.25	0.04
2221.56	0.04
2221.88	0
2222.19	0.04
2222.51	0.04
2222.82	-1.12
2223.14	-1
2223.45	-0.88
2223.77	-0.92
2224.08	-0.68
2224.4	0.48
2224.71	0.56
2225.03	0.68
2225.34	0.68
2225.66	-0.96
2225.97	-0.92
2226.29	-1.12
2226.6	-1.16
2226.92	-1.16
2227.23	0.24
2227.55	0.2
2227.86	0.2
2228.18	0.16
2228.49	0.16
2228.81	0.24
2229.12	0.24
2229.44	0.24
2229.75	0.08
2230.07	0.08
2230.38	0.24
2230.69	0.28
2231.01	0.6
2231.32	0.6
2231.64	0.8
2231.95	0.56
2232.27	0.52
2232.58	0.2
2232.9	0.2
2233.21	0.12
2233.52	0.12
2233.84	0.12
2234.15	0.28
2234.47	0.28
2234.78	0.16
2235.1	0.68
2235.41	0.68
2235.72	0.6
2236.04	0.68
2236.35	0.68
2236.67	-0.44
2236.98	-0.2
2237.29	-0.28
2237.61	-0.36
2237.92	-0.36
2238.24	0.24
2238.55	0
2238.86	0
2239.18	0
2239.49	-0.8
2239.8	-0.64
2240.12	-0.56
2240.43	-0.56
2240.75	-0.56
2241.06	0.24
2241.37	0.08
2241.69	0
2242	0
2242.31	0
2242.63	0.08
2242.94	0.08
2243.26	-0.52
2243.57	-0.52
2243.88	-0.4
2244.2	-0.48
2244.51	-0.48
2244.82	0.12
2245.14	0.12
2245.45	0.04
2245.76	0.04
2246.08	0.32
2246.39	0.4
2246.7	0.4
2247.02	0.36
2247.33	0.36
2247.64	0.08
2247.96	0.04
2248.27	0.24
2248.58	-0.56
2248.9	-0.52
2249.21	-0.52
2249.52	-0.56
2249.83	-0.76
2250.15	0.04
2250.46	0.12
2250.77	0.36
2251.09	0.4
2251.4	0.4
2251.71	0.4
2252.03	0.32
2252.34	0.08
2252.65	0.04
2252.96	0.2
2253.28	0.2
2253.59	0.16
2253.9	0.16
2254.21	0.16
2254.53	0.08
2254.84	-0.32
2255.15	-0.28
2255.47	-0.08
2255.78	-0.08
2256.09	-0.16
2256.4	0.28
2256.72	0.24
2257.03	0.04
2257.34	0.04
2257.65	0.08
2257.97	0.24
2258.28	0.24
2258.59	0.28
2258.9	0.4
2259.22	0.6
2259.53	0.52
2259.84	0.68
2260.15	0.64
2260.46	0.72
2260.78	0.72
2261.09	0.6
2261.4	0.44
2261.71	0.44
2262.03	0.24
2262.34	0
2262.65	0
2262.96	0
2263.27	0
2263.59	0
2263.9	0
2264.21	0
2264.52	0.08
2264.83	0.16
2265.15	0.32
2265.46	0.32
2265.77	0.32
2266.08	0.44
2266.39	0.36
2266.7	0.2
2267.02	0.2
2267.33	-0.2
2267.64	-0.4
2267.95	-0.4
2268.26	-0.4
2268.57	-0.4
2268.89	0.04
2269.2	0.2
2269.51	0.2
2269.82	0.28
2270.13	0.4
2270.44	0.36
2270.76	-0.2
2271.07	-0.12
2271.38	-0.8
2271.69	-0.84
2272	-0.84
2272.31	-0.6
2272.62	-1.44
2272.93	-0.84
2273.25	-0.92
2273.56	-0.84
2273.87	-0.6
2274.18	0.16
2274.49	0.16
2274.8	0.24
2275.11	0.16
2275.42	0.32
2275.74	0.36
2276.05	0.36
2276.36	0.28
2276.67	0.28
2276.98	0.04
2277.29	0
2277.6	0
2277.91	0
2278.22	-0.4
2278.53	-0.4
2278.85	-0.4
2279.16	-1.36
2279.47	-1.16
2279.78	-0.76
2280.09	-0.64
2280.4	-0.64
2280.71	0.32
2281.02	0.12
2281.33	0.12
2281.64	0
2281.95	0.12
2282.26	0.56
2282.57	0.6
2282.88	0.6
2283.19	0.6
2283.5	0.56
2283.82	0.12
2284.13	0.08
2284.44	0.2
2284.75	-0.36
2285.06	-0.44
2285.37	-0.44
2285.68	-0.44
2285.99	-0.4
2286.3	0.16
2286.61	0.56
2286.92	0.84
2287.23	0.84
2287.54	0.8
2287.85	0.84
2288.16	0.44
2288.47	0.24
2288.78	0.24
2289.09	0.16
2289.4	0.12
2289.71	0.2
2290.02	0.16
2290.33	0.16
2290.64	0.12
2290.95	-0.08
2291.26	-0.16
2291.57	-0.2
2291.88	-0.6
2292.19	-0.6
2292.5	-0.4
2292.81	-0.4
2293.12	-0.4
2293.43	0
2293.74	0
2294.05	0
2294.36	0
2294.67	0
2294.98	0
2295.29	0
2295.6	0
2295.91	0
2296.21	0
2296.52	0
2296.83	0
2297.14	0
2297.45	0
2297.76	0
2298.07	0
2298.38	0
2298.69	0
2299	0
2299.31	0
2299.62	0
2299.93	0
2300.24	0
2300.55	0
2300.85	0
2301.16	0
2301.47	0
2301.78	0
2302.09	0
2302.4	0
2302.71	0
2303.02	0
2303.33	0
2303.64	0
2303.94	0
2304.25	0
2304.56	0
2304.87	0
2305.18	0
2305.49	0
2305.8	0
2306.11	0
2306.42	0
2306.72	0
2307.03	0
2307.34	0
2307.65	0
2307.96	0
2308.27	0
2308.58	0
2308.88	0
2309.19	0
2309.5	0
2309.81	0
2310.12	0
2310.43	0
2310.74	0
2311.04	0
2311.35	0
2311.66	0
2311.97	0
2312.28	0
2312.59	0
2312.89	0
2313.2	0
2313.51	0
2313.82	0
2314.13	0
2314.43	0
2314.74	0
2315.05	0
2315.36	0
2315.67	0
2315.97	0
2316.28	0
2316.59	0
2316.9	0
2317.21	0
2317.51	0
2317.82	0
2318.13	0
2318.44	0
2318.75	0
2319.05	0
2319.36	0
2319.67	0
2319.98	0
2320.28	0
2320.59	0
2320.9	0
2321.21	0
2321.51	0
2321.82	0
2322.13	0
2322.44	0
2322.74	0
2323.05	0
2323.36	0
2323.67	0
2323.97	0
2324.28	0
2324.59	0
2324.9	0
2325.2	0
2325.51	0
2325.82	0
2326.13	0
2326.43	0
2326.74	0
2327.05	0
2327.35	0
2327.66	0
2327.97	0
2328.27	0
2328.58	0
2328.89	0
2329.2	0
2329.5	0
2329.81	0
2330.12	0
2330.42	0
2330.73	0
2331.04	0
2331.34	0
2331.65	0
2331.96	0
2332.26	0
2332.57	0
2332.88	0
2333.18	0
2333.49	0
2333.8	0
2334.1	0
2334.41	0
2334.72	0
2335.02	0
2335.33	0
2335.64	0
2335.94	0
2336.25	0
2336.56	0
2336.86	0
2337.17	0
2337.48	0
2337.78	0
2338.09	0
2338.39	0
2338.7	0
2339.01	0
2339.31	0
2339.62	0
2339.93	0
2340.23	0
2340.54	0
2340.84	0
2341.15	0
2341.46	0
2341.76	0
2342.07	0
2342.37	0
2342.68	0
2342.99	0
2343.29	0
2343.6	0
2343.9	0
2344.21	0
2344.51	0
2344.82	0
2345.13	0
2345.43	0
2345.74	0
2346.04	0
2346.35	0
2346.65	0
2346.96	0
2347.27	0
2347.57	0
2347.88	0
2348.18	0
2348.49	0
2348.79	0
2349.1	0
2349.4	0
2349.71	0
2350.01	0
2350.32	0
2350.63	0
2350.93	0
2351.24	0
2351.54	0
2351.85	0
2352.15	0
2352.46	0
2352.76	0
2353.07	0
2353.37	0
2353.68	0
2353.98	0
2354.29	0
2354.59	0
2354.9	0
2355.2	0
2355.51	0
2355.81	0
2356.12	0
2356.42	0
2356.73	0
2357.03	0
2357.34	0
2357.64	0
2357.95	0
2358.25	0
2358.55	0
2358.86	0
2359.16	0
2359.47	0
2359.77	0
2360.08	0
2360.38	0
2360.69	0
2360.99	0
2361.3	0
2361.6	0
2361.9	0
2362.21	0
2362.51	0
2362.82	0
2363.12	0
2363.43	0
2363.73	0
2364.04	0
2364.34	0
2364.64	0
2364.95	0
2365.25	0
2365.56	0
2365.86	0
2366.16	0
2366.47	0
2366.77	0
2367.08	0
2367.38	0
2367.68	0
2367.99	0
2368.29	0
2368.6	0
2368.9	0
2369.2	0
2369.51	0
2369.81	0
2370.12	0
2370.42	0
2370.72	0
2371.03	0
2371.33	0
2371.63	0
2371.94	0
2372.24	0
2372.55	0
2372.85	0
2373.15	0
2373.46	0
2373.76	0
2374.06	0
2374.37	0
2374.67	0
2374.97	0
2375.28	0
2375.58	0
2375.88	0
2376.19	0
2376.49	0
2376.79	0
2377.1	0
2377.4	0
2377.7	0
2378.01	0
2378.31	0
2378.61	0
2378.92	0
2379.22	0
2379.52	0
2379.82	0
2380.13	0
2380.43	0
2380.73	0
2381.04	0
2381.34	0
2381.64	0
2381.95	0
2382.25	0
2382.55	0
2382.85	0
2383.16	0
2383.46	0
2383.76	0
2384.06	0
2384.37	0
2384.67	0
2384.97	0
2385.28	0
2385.58	0
2385.88	0
2386.18	0
2386.49	0
2386.79	0
2387.09	0
2387.39	0
2387.69	0
2388	0
2388.3	0
2388.6	0
2388.9	0
2389.21	0
2389.51	0
2389.81	0
2390.11	0
2390.42	0
2390.72	0
2391.02	0
2391.32	0
2391.62	0
2391.93	0
2392.23	0
2392.53	0
2392.83	0
2393.13	0
2393.44	0
2393.74	0
2394.04	0
2394.34	0
2394.64	0
2394.95	0
2395.25	0
2395.55	0
2395.85	0
2396.15	0
2396.45	0
2396.76	0
2397.06	0
2397.36	0
2397.66	0
2397.96	0
2398.26	0
2398.57	0
2398.87	0
2399.17	0
2399.47	0
2399.77	0
2400.07	0
2400.37	0
2400.68	0
2400.98	0
2401.28	0
2401.58	0
2401.88	0
2402.18	0
2402.48	0
2402.79	0
2403.09	0
2403.39	0
2403.69	0
2403.99	0
2404.29	0
2404.59	0
2404.89	0
2405.19	0
2405.5	0
2405.8	0
2406.1	0
2406.4	0
2406.7	0
2407	0
2407.3	0
2407.6	0
2407.9	0
2408.2	0
2408.5	0
2408.8	0
2409.11	0
2409.41	0
2409.71	0
2410.01	0
2410.31	0
2410.61	0
2410.91	0
2411.21	0
2411.51	0
2411.81	0
2412.11	0
2412.41	0
2412.71	0
2413.01	0
2413.31	0
2413.61	0
2413.91	0
2414.21	0
2414.51	0
2414.81	0
2415.12	0
2415.42	0
2415.72	0
2416.02	0
2416.32	0
2416.62	0
2416.92	0
2417.22	0
2417.52	0
2417.82	0
2418.12	0
2418.42	0
2418.72	0
2419.02	0
2419.32	0
2419.62	0
2419.92	0
2420.22	0
2420.52	0
2420.82	0
2421.12	0
2421.42	0
2421.71	0
2422.01	0
2422.31	0
2422.61	0
2422.91	0
2423.21	0
2423.51	0
2423.81	0
2424.11	0
2424.41	0
2424.71	0
2425.01	0
2425.31	0
2425.61	0
2425.91	0
2426.21	0
2426.51	0
2426.81	0
2427.11	0
2427.41	0
2427.7	0
2428	0
2428.3	0
2428.6	0
2428.9	0
2429.2	0
2429.5	0
2429.8	0
2430.1	0
2430.4	0
2430.7	0
2430.99	0
2431.29	0
2431.59	0
2431.89	0
2432.19	0
2432.49	0
2432.79	0
2433.09	0
2433.39	0
2433.68	0
2433.98	0
2434.28	0
2434.58	0
2434.88	0
2435.18	0
2435.48	0
2435.78	0
2436.07	0
2436.37	0
2436.67	0
2436.97	0
2437.27	0
2437.57	0
2437.86	0
2438.16	0
2438.46	0
2438.76	0
2439.06	0
2439.36	0
2439.66	0
2439.95	0
2440.25	0
2440.55	0
2440.85	0
2441.15	0
2441.44	0
2441.74	0
2442.04	0
2442.34	0
2442.64	0
2442.93	0
2443.23	0
2443.53	0
2443.83	0
2444.13	0
2444.42	0
2444.72	0
2445.02	0
2445.32	0
2445.62	0
2445.91	0
2446.21	0
2446.51	0
2446.81	0
2447.1	0
2447.4	0
2447.7	0
2448	0
2448.3	0
2448.59	0
2448.89	0
2449.19	0
2449.49	0
2449.78	0
2450.08	0
2450.38	0
2450.68	0
2450.97	0
2451.27	0
2451.57	0
2451.87	0
2452.16	0
2452.46	0
2452.76	0
2453.05	0
2453.35	0
2453.65	0
2453.95	0
2454.24	0
2454.54	0
2454.84	0
2455.13	0
2455.43	0
2455.73	0
2456.03	0
2456.32	0
2456.62	0
2456.92	0
2457.21	0
2457.51	0
2457.81	0
2458.1	0
2458.4	0
2458.7	0
2458.99	0
2459.29	0
2459.59	0
2459.88	0
2460.18	0
2460.48	0
2460.77	0
2461.07	0
2461.37	0
2461.66	0
2461.96	0
2462.26	0
2462.55	0
2462.85	0
2463.15	0
2463.44	0
2463.74	0
2464.04	0
2464.33	0
2464.63	0
2464.92	0
2465.22	0
2465.52	0
2465.81	0
2466.11	0
2466.41	0
2466.7	0
2467	0
2467.29	0
2467.59	0
2467.89	0
2468.18	0
2468.48	0
2468.77	0
2469.07	0
2469.37	0
2469.66	0
2469.96	0
2470.25	0
2470.55	0
2470.84	0
2471.14	0
2471.44	0
2471.73	0
2472.03	0
2472.32	0
2472.62	0
2472.91	0
2473.21	0
2473.51	0
2473.8	0
2474.1	0
2474.39	0
2474.69	0
2474.98	0
2475.28	0
2475.57	0
2475.87	0
2476.17	0
2476.46	0
2476.76	0
2477.05	0
2477.35	0
2477.64	0
2477.94	0
2478.23	0
2478.53	0
2478.82	0
2479.12	0
2479.41	0
2479.71	0
2480	0
2480.3	0
2480.59	0
2480.89	0
2481.18	0
2481.48	0
2481.77	0
2482.07	0
2482.36	0
2482.66	0
2482.95	0
2483.25	0
2483.54	0
2483.84	0
2484.13	0
2484.43	0
2484.72	0
2485.02	0
2485.31	0
2485.6	0
2485.9	0
2486.19	0
2486.49	0
2486.78	0
2487.08	0
2487.37	0
2487.67	0
2487.96	0
2488.26	0
2488.55	0
2488.84	0
2489.14	0
2489.43	0
2489.73	0
2490.02	0
2490.32	0
2490.61	0
2490.9	0
2491.2	0
2491.49	0
2491.79	0
2492.08	0
2492.37	0
2492.67	0
2492.96	0
2493.26	0
2493.55	0
2493.84	0
2494.14	0
2494.43	0
2494.73	0
2495.02	0
2495.31	0
2495.61	0
2495.9	0
2496.2	0
2496.49	0
2496.78	0
2497.08	0
2497.37	0
2497.66	0
2497.96	0
2498.25	0
2498.54	0
2498.84	0
2499.13	0
2499.43	0
2499.72	0
2500.01	0
2500.31	0
2500.6	0
2500.89	0
2501.19	0
2501.48	0
2501.77	0
2502.07	0
2502.36	0
2502.65	0
2502.95	0
2503.24	0
2503.53	0
2503.82	0
2504.12	0
2504.41	0
2504.7	0
2505	0
2505.29	0
2505.58	0
2505.88	0
2506.17	0
2506.46	0
2506.76	0
2507.05	0
2507.34	0
2507.63	0
2507.93	0
2508.22	0
2508.51	0
2508.8	0
2509.1	0
2509.39	0
2509.68	0
2509.98	0
2510.27	0
2510.56	0
2510.85	0
2511.15	0
2511.44	0
2511.73	0
2512.02	0
2512.32	0
2512.61	0
2512.9	0
2513.19	0
2513.49	0
2513.78	0
2514.07	0
2514.36	0
2514.65	0
2514.95	0
2515.24	0
2515.53	0
2515.82	0
2516.12	0
2516.41	0
2516.7	0
2516.99	0
2517.28	0
2517.58	0
2517.87	0
2518.16	0
2518.45	0
2518.74	0
2519.04	0
2519.33	0
2519.62	0
2519.91	0
2520.2	0
2520.5	0
2520.79	0
2521.08	0
2521.37	0
2521.66	0
2521.95	0
2522.25	0
2522.54	0
2522.83	0
2523.12	0
2523.41	0
2523.7	0
2523.99	0
2524.29	0
2524.58	0
2524.87	0
2525.16	0
2525.45	0
2525.74	0
2526.03	0
2526.33	0
2526.62	0
2526.91	0
2527.2	0
2527.49	0
2527.78	0
2528.07	0
2528.36	0
2528.66	0
2528.95	0
2529.24	0
2529.53	0
2529.82	0
2530.11	0
2530.4	0
2530.69	0
2530.98	0
2531.27	0
2531.57	0
2531.86	0
2532.15	0
2532.44	0
2532.73	0
2533.02	0
2533.31	0
2533.6	0
2533.89	0
2534.18	0
2534.47	0
2534.76	0
2535.05	0
2535.35	0
2535.64	0
2535.93	0
2536.22	0
2536.51	0
2536.8	0
2537.09	0
2537.38	0
2537.67	0
2537.96	0
2538.25	0
2538.54	0
2538.83	0
2539.12	0
2539.41	0
2539.7	0
2539.99	0
2540.28	0
2540.57	0
2540.86	0
2541.15	0
2541.44	0
2541.73	0
2542.02	0
2542.31	0
2542.6	0
2542.89	0
2543.18	0
2543.47	0
2543.76	0
2544.05	0
2544.34	0
2544.63	0
2544.92	0
2545.21	0
2545.5	0
2545.79	0
2546.08	0
2546.37	0
2546.66	0
2546.95	0
2547.24	0
2547.53	0
2547.82	0
2548.11	0
2548.4	0
2548.69	0
2548.98	0
2549.27	0
2549.55	0
2549.84	0
2550.13	0
2550.42	0
2550.71	0
2551	0
2551.29	0
2551.58	0
2551.87	0
2552.16	0
2552.45	0
2552.74	0
2553.03	0
2553.31	0
2553.6	0
2553.89	0
2554.18	0
2554.47	0
2554.76	0
2555.05	0
2555.34	0
2555.63	0
2555.92	0
2556.2	0
2556.49	0
2556.78	0
2557.07	0
2557.36	0
2557.65	0
2557.94	0
2558.23	0
2558.51	0
2558.8	0
2559.09	0
2559.38	0
2559.67	0
2559.96	0
2560.25	0
2560.53	0
2560.82	0
2561.11	0
2561.4	0
2561.69	0
2561.98	0
2562.27	0
2562.55	0
2562.84	0
2563.13	0
2563.42	0
2563.71	0
2564	0
2564.28	0
2564.57	0
2564.86	0
2565.15	0
2565.44	0
2565.72	0
2566.01	0
2566.3	0
2566.59	0
2566.88	0
2567.16	0
2567.45	0
2567.74	0
2568.03	0
2568.32	0
2568.6	0
2568.89	0
2569.18	0
2569.47	0
2569.75	0

