189,262	38,45
189,721	38,45
190,18	38,45
190,639	-35,08
191,098	-54,69
191,557	99,73
192,016	-17,92
192,474	11,49
192,933	-79,2
193,392	13,94
193,851	9,04
194,309	-42,43
194,768	23,74
195,227	70,31
195,685	-0,77
196,144	-27,73
196,602	65,41
197,061	-10,57
197,519	-81,65
197,977	-8,12
198,436	-25,28
198,894	-47,34
199,352	60,51
199,81	-101,26
200,268	-108,61
200,726	38,45
201,184	-59,59
201,642	87,47
202,1	-81,65
202,558	-37,53
203,016	16,39
203,474	-3,22
203,932	-22,82
204,39	31,1
204,847	43,35
205,305	85,02
205,763	26,2
206,22	60,51
206,678	33,55
207,135	-123,32
207,593	-49,79
208,05	-39,98
208,507	48,25
208,965	-20,37
209,422	-15,47
209,879	-32,63
210,336	26,2
210,794	-145,38
211,251	-27,73
211,708	-5,67
212,165	-81,65
212,622	16,39
213,079	-37,53
213,536	33,55
213,993	-49,79
214,449	38,45
214,906	1,69
215,363	-79,2
215,82	-25,28
216,276	-3,22
216,733	-8,12
217,189	-91,45
217,646	26,2
218,102	-0,77
218,559	-30,18
219,015	111,98
219,472	28,65
219,928	-81,65
220,384	-57,14
220,84	-27,73
221,297	9,04
221,753	6,59
222,209	77,67
222,665	-39,98
223,121	70,31
223,577	-22,82
224,033	60,51
224,489	6,59
224,944	-66,94
225,4	-133,12
225,856	-20,37
226,312	-30,18
226,767	40,9
227,223	80,12
227,679	-108,61
228,134	21,29
228,59	-42,43
229,045	-81,65
229,5	-84,1
229,956	85,02
230,411	-37,53
230,866	-91,45
231,322	40,9
231,777	-10,57
232,232	36
232,687	-35,08
233,142	-30,18
233,597	21,29
234,052	-42,43
234,507	-59,59
234,962	9,04
235,417	16,39
235,872	16,39
236,326	16,39
236,781	75,22
237,236	40,9
237,691	4,14
238,145	23,74
238,6	-10,57
239,054	85,02
239,509	-13,02
239,963	-44,88
240,417	-39,98
240,872	-47,34
241,326	-74,3
241,78	26,2
242,234	62,96
242,689	-8,12
243,143	13,94
243,597	-10,57
244,051	153,65
244,505	-44,88
244,959	-101,26
245,413	-20,37
245,867	89,92
246,32	-17,92
246,774	58,06
247,228	-39,98
247,682	21,29
248,135	36
248,589	55,61
249,042	-17,92
249,496	26,2
249,949	126,69
250,403	-47,34
250,856	-79,2
251,309	43,35
251,763	-17,92
252,216	-47,34
252,669	-52,24
253,122	26,2
253,575	58,06
254,029	33,55
254,482	-113,51
254,935	1,69
255,388	6,59
255,84	11,49
256,293	77,67
256,746	4,14
257,199	-32,63
257,652	9,04
258,104	-71,85
258,557	-8,12
259,009	-35,08
259,462	-5,67
259,915	-106,16
260,367	-39,98
260,819	31,1
261,272	48,25
261,724	-69,39
262,176	6,59
262,629	-17,92
263,081	-30,18
263,533	16,39
263,985	-27,73
264,437	-22,82
264,889	-3,22
265,341	89,92
265,793	-174,79
266,245	-62,04
266,697	-22,82
267,149	38,45
267,6	72,76
268,052	6,59
268,504	-79,2
268,955	-49,79
269,407	45,8
269,859	111,98
270,31	77,67
270,762	-47,34
271,213	-66,94
271,664	-15,47
272,116	18,84
272,567	-8,12
273,018	13,94
273,469	13,94
273,92	-44,88
274,372	-86,55
274,823	97,27
275,274	-20,37
275,725	-25,28
276,175	4,14
276,626	33,55
277,077	45,8
277,528	40,9
277,979	33,55
278,429	111,98
278,88	58,06
279,331	-103,71
279,781	-59,59
280,232	33,55
280,682	13,94
281,133	-47,34
281,583	87,47
282,033	36
282,484	72,76
282,934	-25,28
283,384	28,65
283,834	31,1
284,284	-52,24
284,735	18,84
285,185	-0,77
285,635	16,39
286,084	18,84
286,534	-30,18
286,984	21,29
287,434	21,29
287,884	-54,69
288,334	6,59
288,783	6,59
289,233	23,74
289,682	-0,77
290,132	-20,37
290,581	131,59
291,031	-42,43
291,48	77,67
291,93	31,1
292,379	40,9
292,828	-10,57
293,278	1,69
293,727	70,31
294,176	11,49
294,625	13,94
295,074	-8,12
295,523	53,16
295,972	-84,1
296,421	92,37
296,87	72,76
297,319	89,92
297,767	38,45
298,216	-74,3
298,665	-0,77
299,113	-35,08
299,562	50,71
300,011	-106,16
300,459	-44,88
300,908	1,69
301,356	13,94
301,804	-150,28
302,253	38,45
302,701	-44,88
303,149	28,65
303,597	-15,47
304,046	-42,43
304,494	55,61
304,942	18,84
305,39	-47,34
305,838	-142,92
306,286	-3,22
306,733	-44,88
307,181	-27,73
307,629	-10,57
308,077	-54,69
308,525	-32,63
308,972	77,67
309,42	36
309,867	-3,22
310,315	13,94
310,762	-20,37
311,21	45,8
311,657	-86,55
312,104	-32,63
312,552	43,35
312,999	-3,22
313,446	28,65
313,893	-8,12
314,34	36
314,788	-20,37
315,235	-10,57
315,682	21,29
316,128	-22,82
316,575	-3,22
317,022	-22,82
317,469	-27,73
317,916	23,74
318,362	-30,18
318,809	-64,49
319,256	75,22
319,702	-30,18
320,149	-0,77
320,595	-3,22
321,042	-79,2
321,488	-66,94
321,934	-71,85
322,381	-32,63
322,827	77,67
323,273	-8,12
323,719	-66,94
324,165	-0,77
324,611	4,14
325,057	6,59
325,503	87,47
325,949	65,41
326,395	-47,34
326,841	38,45
327,287	43,35
327,733	129,14
328,178	-8,12
328,624	70,31
329,07	21,29
329,515	121,78
329,961	18,84
330,406	-10,57
330,851	92,37
331,297	36
331,742	-15,47
332,187	-42,43
332,633	65,41
333,078	23,74
333,523	67,86
333,968	131,59
334,413	-52,24
334,858	-89
335,303	23,74
335,748	109,53
336,193	107,08
336,638	-54,69
337,083	21,29
337,527	-0,77
337,972	6,59
338,417	85,02
338,861	67,86
339,306	-52,24
339,75	-52,24
340,195	31,1
340,639	-25,28
341,083	-57,14
341,528	-49,79
341,972	-13,02
342,416	-74,3
342,86	-44,88
343,305	-8,12
343,749	-27,73
344,193	-17,92
344,637	-15,47
345,081	-44,88
345,524	48,25
345,968	-44,88
346,412	13,94
346,856	53,16
347,3	-44,88
347,743	-22,82
348,187	116,88
348,63	13,94
349,074	-39,98
349,517	-59,59
349,961	-76,75
350,404	-8,12
350,848	4,14
351,291	-76,75
351,734	-47,34
352,177	50,71
352,62	97,27
353,064	-59,59
353,507	-27,73
353,95	16,39
354,393	40,9
354,836	11,49
355,278	-91,45
355,721	-74,3
356,164	-64,49
356,607	-128,22
357,049	4,14
357,492	31,1
357,935	18,84
358,377	23,74
358,82	16,39
359,262	82,57
359,705	21,29
360,147	-37,53
360,589	-30,18
361,032	-44,88
361,474	87,47
361,916	55,61
362,358	-13,02
362,8	45,8
363,242	-10,57
363,684	50,71
364,126	36
364,568	-113,51
365,01	-108,61
365,452	50,71
365,893	-32,63
366,335	-8,12
366,777	33,55
367,218	-62,04
367,66	-15,47
368,101	-64,49
368,543	-79,2
368,984	48,25
369,426	6,59
369,867	-59,59
370,308	126,69
370,75	-37,53
371,191	-76,75
371,632	40,9
372,073	26,2
372,514	-22,82
372,955	-71,85
373,396	-49,79
373,837	48,25
374,278	-167,43
374,719	-8,12
375,159	-79,2
375,6	16,39
376,041	-17,92
376,481	75,22
376,922	-20,37
377,362	1,69
377,803	-44,88
378,243	-57,14
378,684	58,06
379,124	45,8
379,564	43,35
380,005	-74,3
380,445	13,94
380,885	16,39
381,325	-8,12
381,765	-20,37
382,205	-49,79
382,645	72,76
383,085	1,69
383,525	-13,02
383,965	-3,22
384,404	-13,02
384,844	-64,49
385,284	16,39
385,723	9,04
386,163	11,49
386,602	-52,24
387,042	-20,37
387,481	40,9
387,921	1,69
388,36	-57,14
388,799	-27,73
389,239	-86,55
389,678	-30,18
390,117	1,69
390,556	26,2
390,995	-27,73
391,434	48,25
391,873	70,31
392,312	6,59
392,751	36
393,19	-47,34
393,628	-47,34
394,067	13,94
394,506	50,71
394,944	-84,1
395,383	-13,02
395,822	55,61
396,26	23,74
396,698	-5,67
397,137	9,04
397,575	13,94
398,013	-37,53
398,452	-89
398,89	-89
399,328	1,69
399,766	72,76
400,204	-20,37
400,642	109,53
401,08	70,31
401,518	-79,2
401,956	33,55
402,394	36
402,831	-0,77
403,269	62,96
403,707	11,49
404,144	-39,98
404,582	-47,34
405,02	-66,94
405,457	-79,2
405,894	-44,88
406,332	75,22
406,769	26,2
407,206	-64,49
407,644	-17,92
408,081	-123,32
408,518	-0,77
408,955	82,57
409,392	67,86
409,829	33,55
410,266	82,57
410,703	-8,12
411,14	82,57
411,576	16,39
412,013	28,65
412,45	43,35
412,887	-15,47
413,323	-30,18
413,76	-64,49
414,196	-3,22
414,633	82,57
415,069	-74,3
415,505	-86,55
415,942	-44,88
416,378	40,9
416,814	-44,88
417,25	121,78
417,687	-71,85
418,123	-39,98
418,559	11,49
418,995	-20,37
419,43	-0,77
419,866	-35,08
420,302	-8,12
420,738	-5,67
421,174	36
421,609	-32,63
422,045	13,94
422,481	6,59
422,916	-5,67
423,352	23,74
423,787	45,8
424,222	-20,37
424,658	62,96
425,093	-93,9
425,528	102,18
425,963	143,84
426,399	-22,82
426,834	53,16
427,269	-128,22
427,704	48,25
428,139	16,39
428,574	6,59
429,008	-84,1
429,443	1,69
429,878	-17,92
430,313	-10,57
430,747	-3,22
431,182	23,74
431,617	13,94
432,051	-5,67
432,485	85,02
432,92	-64,49
433,354	-118,41
433,789	9,04
434,223	-15,47
434,657	-66,94
435,091	38,45
435,525	-8,12
435,959	40,9
436,393	43,35
436,827	-27,73
437,261	-47,34
437,695	-52,24
438,129	-37,53
438,563	-10,57
438,996	53,16
439,43	-20,37
439,864	18,84
440,297	4,14
440,731	-62,04
441,164	97,27
441,598	-22,82
442,031	-66,94
442,464	82,57
442,898	-30,18
443,331	-8,12
443,764	102,18
444,197	31,1
444,63	-44,88
445,063	50,71
445,496	-64,49
445,929	-30,18
446,362	116,88
446,795	9,04
447,228	89,92
447,661	-123,32
448,093	26,2
448,526	21,29
448,958	16,39
449,391	62,96
449,823	62,96
450,256	187,96
450,688	121,78
451,121	119,33
451,553	9,04
451,985	-98,81
452,417	-3,22
452,849	9,04
453,282	62,96
453,714	21,29
454,146	-52,24
454,578	-76,75
455,009	80,12
455,441	38,45
455,873	40,9
456,305	-10,57
456,736	75,22
457,168	77,67
457,6	36
458,031	-15,47
458,463	-3,22
458,894	36
459,326	-17,92
459,757	53,16
460,188	62,96
460,619	50,71
461,051	55,61
461,482	97,27
461,913	87,47
462,344	82,57
462,775	136,49
463,206	33,55
463,637	134,04
464,068	60,51
464,498	87,47
464,929	16,39
465,36	-49,79
465,79	21,29
466,221	36
466,652	119,33
467,082	36
467,513	85,02
467,943	104,63
468,373	195,31
468,804	31,1
469,234	70,31
469,664	65,41
470,094	23,74
470,524	119,33
470,954	48,25
471,384	75,22
471,814	89,92
472,244	82,57
472,674	87,47
473,104	60,51
473,534	183,06
473,963	-20,37
474,393	190,41
474,822	70,31
475,252	129,14
475,681	107,08
476,111	70,31
476,54	53,16
476,97	156,1
477,399	116,88
477,828	45,8
478,257	107,08
478,687	28,65
479,116	104,63
479,545	246,79
479,974	214,92
480,403	236,98
480,831	271,3
481,26	190,41
481,689	214,92
482,118	163,45
482,546	146,29
482,975	124,24
483,404	180,61
483,832	158,55
484,261	170,8
484,689	330,12
485,118	205,12
485,546	161
485,974	173,26
486,402	180,61
486,831	251,69
487,259	217,37
487,687	161
488,115	131,59
488,543	288,45
488,971	281,1
489,399	170,8
489,826	180,61
490,254	224,73
490,682	322,77
491,11	251,69
491,537	244,33
491,965	322,77
492,392	158,55
492,82	236,98
493,247	374,24
493,674	354,63
494,102	295,81
494,529	374,24
494,956	259,04
495,383	322,77
495,811	391,4
496,238	281,1
496,665	288,45
497,092	357,08
497,518	320,32
497,945	315,41
498,372	286
498,799	337,47
499,226	406,1
499,652	335,02
500,079	303,16
500,505	295,81
500,932	327,67
501,358	464,93
501,785	376,69
502,211	403,65
502,637	344,83
503,064	411
503,49	381,59
503,916	396,3
504,342	369,34
504,768	364,43
505,194	433,06
505,62	374,24
506,046	469,83
506,472	479,63
506,897	435,51
507,323	447,77
507,749	418,36
508,174	442,87
508,6	467,38
509,026	401,2
509,451	469,83
509,876	526,2
510,302	408,55
510,727	420,81
511,152	398,75
511,578	486,98
512,003	550,71
512,428	401,2
512,853	482,08
513,278	658,55
513,703	437,96
514,128	560,51
514,553	648,75
514,978	567,87
515,402	536
515,827	614,44
516,252	697,77
516,676	491,89
517,101	648,75
517,525	638,95
517,95	670,81
518,374	741,89
518,798	648,75
519,223	724,73
519,647	810,52
520,071	661,01
520,495	621,79
520,919	734,54
521,343	624,24
521,767	638,95
522,191	656,1
522,615	690,42
523,039	717,38
523,463	675,71
523,886	768,85
524,31	795,81
524,734	837,48
525,157	861,99
525,581	751,69
526,004	749,24
526,428	680,61
526,851	759,05
527,274	864,44
527,698	788,46
528,121	783,56
528,544	656,1
528,967	675,71
529,39	790,91
529,813	812,97
530,236	761,5
530,659	913,46
531,082	776,2
531,504	798,26
531,927	790,91
532,35	749,24
532,772	739,44
533,195	837,48
533,618	768,85
534,04	754,14
534,462	783,56
534,885	837,48
535,307	788,46
535,729	822,77
536,152	918,36
536,574	810,52
536,996	798,26
537,418	812,97
537,84	884,05
538,262	852,18
538,684	898,75
539,106	778,65
539,527	879,15
539,949	837,48
540,371	786,01
540,792	746,79
541,214	778,65
541,636	746,79
542,057	759,05
542,478	702,67
542,9	798,26
543,321	724,73
543,742	754,14
544,164	749,24
544,585	734,54
545,006	729,63
545,427	697,77
545,848	888,95
546,269	616,89
546,69	751,69
547,111	685,52
547,531	705,12
547,952	614,44
548,373	678,16
548,793	697,77
549,214	687,97
549,635	766,4
550,055	646,3
550,476	729,63
550,896	587,48
551,316	658,55
551,736	668,36
552,157	678,16
552,577	607,08
552,997	540,91
553,417	602,18
553,837	670,81
554,257	695,32
554,677	741,89
555,097	570,32
555,516	675,71
555,936	665,91
556,356	511,49
556,776	572,77
557,195	607,08
557,615	624,24
558,034	536
558,454	597,28
558,873	665,91
559,292	692,87
559,711	736,99
560,131	687,97
560,55	643,85
560,969	580,12
561,388	531,1
561,807	511,49
562,226	567,87
562,645	643,85
563,064	597,28
563,482	501,69
563,901	589,93
564,32	516,4
564,738	562,97
565,157	540,91
565,576	582,57
565,994	577,67
566,412	543,36
566,831	626,69
567,249	599,73
567,667	631,59
568,086	585,02
568,504	572,77
568,922	545,81
569,34	580,12
569,758	533,55
570,176	538,46
570,594	587,48
571,011	533,55
571,429	560,51
571,847	665,91
572,265	663,46
572,682	609,53
573,1	670,81
573,517	687,97
573,935	751,69
574,352	744,34
574,769	751,69
575,187	675,71
575,604	634,04
576,021	714,93
576,438	805,62
576,855	670,81
577,272	756,59
577,689	727,18
578,106	795,81
578,523	803,16
578,94	631,59
579,357	741,89
579,773	736,99
580,19	798,26
580,607	746,79
581,023	749,24
581,44	717,38
581,856	670,81
582,273	656,1
582,689	812,97
583,105	744,34
583,521	783,56
583,938	705,12
584,354	736,99
584,77	771,3
585,186	736,99
585,602	761,5
586,018	751,69
586,433	790,91
586,849	695,32
587,265	815,42
587,681	614,44
588,096	756,59
588,512	646,3
588,927	732,08
589,343	739,44
589,758	714,93
590,174	790,91
590,589	810,52
591,004	825,22
591,419	734,54
591,834	781,1
592,25	832,58
592,665	680,61
593,08	602,18
593,494	663,46
593,909	687,97
594,324	732,08
594,739	710,03
595,154	734,54
595,568	724,73
595,983	536
596,397	705,12
596,812	582,57
597,226	668,36
597,641	614,44
598,055	724,73
598,469	585,02
598,884	611,99
599,298	597,28
599,712	580,12
600,126	565,42
600,54	629,14
600,954	607,08
601,368	428,16
601,782	509,04
602,195	516,4
602,609	540,91
603,023	594,83
603,436	565,42
603,85	511,49
604,264	501,69
604,677	560,51
605,09	482,08
605,504	366,88
605,917	518,85
606,33	406,1
606,743	531,1
607,157	450,22
607,57	469,83
607,983	418,36
608,396	406,1
608,809	499,24
609,221	369,34
609,634	452,67
610,047	315,41
610,46	504,14
610,872	403,65
611,285	310,51
611,697	474,73
612,11	526,2
612,522	361,98
612,935	450,22
613,347	342,37
613,759	411
614,172	464,93
614,584	339,92
614,996	339,92
615,408	369,34
615,82	388,94
616,232	455,12
616,644	450,22
617,055	391,4
617,467	312,96
617,879	474,73
618,291	298,26
618,702	384,04
619,114	349,73
619,525	447,77
619,937	494,34
620,348	430,61
620,759	484,53
621,171	376,69
621,582	398,75
621,993	391,4
622,404	374,24
622,815	308,06
623,226	430,61
623,637	315,41
624,048	315,41
624,459	379,14
624,87	425,71
625,28	423,26
625,691	271,3
626,102	256,59
626,512	332,57
626,923	293,35
627,333	381,59
627,744	442,87
628,154	418,36
628,564	428,16
628,974	354,63
629,385	384,04
629,795	384,04
630,205	278,65
630,615	295,81
631,025	312,96
631,435	418,36
631,844	403,65
632,254	357,08
632,664	337,47
633,074	261,49
633,483	300,71
633,893	335,02
634,302	312,96
634,712	312,96
635,121	403,65
635,53	408,55
635,94	271,3
636,349	369,34
636,758	369,34
637,167	310,51
637,576	315,41
637,985	411
638,394	263,94
638,803	327,67
639,212	241,88
639,621	381,59
640,03	344,83
640,438	305,61
640,847	195,31
641,255	303,16
641,664	261,49
642,072	308,06
642,481	295,81
642,889	374,24
643,297	222,28
643,706	192,86
644,114	308,06
644,522	300,71
644,93	379,14
645,338	244,33
645,746	352,18
646,154	332,57
646,562	239,43
646,969	232,08
647,377	178,16
647,785	339,92
648,192	202,67
648,6	259,04
649,008	310,51
649,415	224,73
649,822	278,65
650,23	163,45
650,637	366,88
651,044	185,51
651,451	183,06
651,858	200,22
652,266	168,35
652,673	303,16
653,079	236,98
653,486	219,82
653,893	371,79
654,3	205,12
654,707	290,9
655,113	143,84
655,52	244,33
655,927	290,9
656,333	344,83
656,739	227,18
657,146	357,08
657,552	222,28
657,958	229,63
658,365	286
658,771	219,82
659,177	185,51
659,583	156,1
659,989	185,51
660,395	293,35
660,801	161
661,207	192,86
661,612	168,35
662,018	232,08
662,424	256,59
662,829	190,41
663,235	241,88
663,64	251,69
664,046	251,69
664,451	219,82
664,856	185,51
665,262	175,71
665,667	197,77
666,072	241,88
666,477	312,96
666,882	227,18
667,287	246,79
667,692	236,98
668,097	263,94
668,502	217,37
668,906	116,88
669,311	180,61
669,716	205,12
670,12	197,77
670,525	236,98
670,929	65,41
671,334	9,04
671,738	183,06
672,142	214,92
672,547	195,31
672,951	197,77
673,355	99,73
673,759	271,3
674,163	207,57
674,567	163,45
674,971	192,86
675,375	239,43
675,779	146,29
676,182	180,61
676,586	55,61
676,99	89,92
677,393	224,73
677,797	236,98
678,2	234,53
678,603	168,35
679,007	119,33
679,41	168,35
679,813	114,43
680,216	85,02
680,62	107,08
681,023	114,43
681,426	288,45
681,829	43,35
682,231	236,98
682,634	148,75
683,037	77,67
683,44	165,9
683,842	107,08
684,245	158,55
684,648	212,47
685,05	129,14
685,452	192,86
685,855	99,73
686,257	116,88
686,659	170,8
687,062	60,51
687,464	158,55
687,866	72,76
688,268	158,55
688,67	190,41
689,072	170,8
689,473	104,63
689,875	-5,67
690,277	85,02
690,679	116,88
691,08	107,08
691,482	89,92
691,883	126,69
692,285	85,02
692,686	50,71
693,088	119,33
693,489	89,92
693,89	119,33
694,291	165,9
694,692	131,59
695,093	85,02
695,494	31,1
695,895	92,37
696,296	183,06
696,697	92,37
697,098	18,84
697,498	114,43
697,899	170,8
698,3	131,59
698,7	111,98
699,101	99,73
699,501	153,65
699,901	38,45
700,302	102,18
700,702	170,8
701,102	119,33
701,502	136,49
701,902	26,2
702,302	87,47
702,702	200,22
703,102	104,63
703,502	6,59
703,902	4,14
704,302	55,61
704,701	13,94
705,101	4,14
705,5	6,59
705,9	146,29
706,299	48,25
706,699	33,55
707,098	97,27
707,497	60,51
707,896	45,8
708,296	138,94
708,695	97,27
709,094	143,84
709,493	80,12
709,892	134,04
710,29	77,67
710,689	109,53
711,088	45,8
711,487	67,86
711,885	92,37
712,284	119,33
712,682	23,74
713,081	131,59
713,479	70,31
713,878	170,8
714,276	48,25
714,674	97,27
715,072	48,25
715,47	94,82
715,868	111,98
716,266	31,1
716,664	134,04
717,062	65,41
717,46	31,1
717,858	111,98
718,255	131,59
718,653	173,26
719,051	168,35
719,448	210,02
719,846	53,16
720,243	53,16
720,64	119,33
721,038	180,61
721,435	126,69
721,832	161
722,229	87,47
722,626	82,57
723,023	9,04
723,42	65,41
723,817	-10,57
724,214	26,2
724,611	-30,18
725,007	40,9
725,404	53,16
725,801	-8,12
726,197	200,22
726,594	114,43
726,99	75,22
727,386	28,65
727,783	1,69
728,179	121,78
728,575	-22,82
728,971	-3,22
729,367	-17,92
729,763	82,57
730,159	18,84
730,555	89,92
730,951	97,27
731,347	77,67
731,742	28,65
732,138	55,61
732,534	18,84
732,929	36
733,325	104,63
733,72	6,59
734,115	143,84
734,511	109,53
734,906	40,9
735,301	124,24
735,696	82,57
736,091	-10,57
736,486	58,06
736,881	85,02
737,276	31,1
737,671	-15,47
738,066	119,33
738,46	80,12
738,855	104,63
739,25	-5,67
739,644	38,45
740,039	111,98
740,433	40,9
740,827	31,1
741,222	43,35
741,616	6,59
742,01	121,78
742,404	99,73
742,798	9,04
743,192	77,67
743,586	18,84
743,98	38,45
744,374	75,22
744,768	36
745,162	40,9
745,555	-8,12
745,949	16,39
746,342	9,04
746,736	38,45
747,129	-59,59
747,523	1,69
747,916	31,1
748,309	21,29
748,702	21,29
749,095	60,51
749,488	80,12
749,881	92,37
750,274	18,84
750,667	-37,53
751,06	-27,73
751,453	65,41
751,845	18,84
752,238	36
752,631	82,57
753,023	1,69
753,416	31,1
753,808	-57,14
754,2	28,65
754,593	9,04
754,985	-86,55
755,377	-52,24
755,769	-22,82
756,161	70,31
756,553	-13,02
756,945	11,49
757,337	62,96
757,729	28,65
758,121	-10,57
758,512	-81,65
758,904	104,63
759,296	67,86
759,687	16,39
760,079	80,12
760,47	55,61
760,861	58,06
761,253	6,59
761,644	16,39
762,035	97,27
762,426	31,1
762,817	55,61
763,208	40,9
763,599	53,16
763,99	40,9
764,381	26,2
764,771	97,27
765,162	38,45
765,553	116,88
765,943	11,49
766,334	-3,22
766,724	31,1
767,114	36
767,505	-3,22
767,895	72,76
768,285	-5,67
768,675	23,74
769,065	26,2
769,455	-17,92
769,845	38,45
770,235	97,27
770,625	53,16
771,015	13,94
771,405	-44,88
771,794	16,39
772,184	31,1
772,573	9,04
772,963	38,45
773,352	38,45
773,742	60,51
774,131	50,71
774,52	-8,12
774,909	75,22
775,299	55,61
775,688	-89
776,077	-10,57
776,466	158,55
776,854	36
777,243	31,1
777,632	-3,22
778,021	89,92
778,409	87,47
778,798	26,2
779,186	31,1
779,575	-49,79
779,963	67,86
780,352	45,8
780,74	26,2
781,128	97,27
781,516	119,33
781,904	11,49
782,292	-71,85
782,68	143,84
783,068	80,12
783,456	9,04
783,844	67,86
784,232	-32,63
784,619	-3,22
785,007	87,47
785,395	60,51
785,782	-8,12
786,169	-15,47
786,557	107,08
786,944	70,31
787,331	-0,77
787,719	-5,67
788,106	92,37
788,493	85,02
788,88	-0,77
789,267	-150,28
789,654	-54,69
790,04	-49,79
790,427	48,25
790,814	21,29
791,201	-49,79
791,587	-5,67
791,974	99,73
792,36	21,29
792,746	4,14
793,133	-17,92
793,519	-25,28
793,905	-15,47
794,291	33,55
794,678	-59,59
795,064	-13,02
795,45	-5,67
795,835	58,06
796,221	18,84
796,607	40,9
796,993	-52,24
797,379	-49,79
797,764	-52,24
798,15	31,1
798,535	53,16
798,921	31,1
799,306	6,59
799,691	33,55
800,077	38,45
800,462	23,74
800,847	6,59
801,232	23,74
801,617	-39,98
802,002	89,92
802,387	-15,47
802,772	55,61
803,156	-30,18
803,541	50,71
803,926	-44,88
804,31	-44,88
804,695	-8,12
805,079	-17,92
805,464	60,51
805,848	-44,88
806,232	33,55
806,616	-89
807	58,06
807,385	-0,77
807,769	-64,49
808,153	-44,88
808,536	-22,82
808,92	-91,45
809,304	6,59
809,688	48,25
810,071	116,88
810,455	-39,98
810,839	-64,49
811,222	-42,43
811,605	-125,77
811,989	-17,92
812,372	40,9
812,755	-0,77
813,138	-0,77
813,522	45,8
813,905	55,61
814,288	40,9
814,67	-52,24
815,053	94,82
815,436	-0,77
815,819	38,45
816,202	-49,79
816,584	38,45
816,967	31,1
817,349	-17,92
817,732	65,41
818,114	85,02
818,496	-62,04
818,879	60,51
819,261	-49,79
819,643	-22,82
820,025	-62,04
820,407	-71,85
820,789	28,65
821,171	-91,45
821,552	21,29
821,934	-108,61
822,316	-37,53
822,698	-57,14
823,079	-5,67
823,461	-20,37
823,842	-22,82
824,223	65,41
824,605	-22,82
824,986	23,74
825,367	70,31
825,748	-27,73
826,129	-27,73
826,51	43,35
826,891	-69,39
827,272	-0,77
827,653	-37,53
828,034	-44,88
828,414	4,14
828,795	-57,14
829,176	-47,34
829,556	13,94
829,937	18,84
830,317	13,94
830,697	-20,37
831,078	-39,98
831,458	-108,61
831,838	21,29
832,218	-5,67
832,598	75,22
832,978	-3,22
833,358	6,59
833,738	-10,57
834,117	87,47
834,497	-27,73
834,877	36
835,256	-22,82
835,636	-81,65
836,015	16,39
836,395	-0,77
836,774	-30,18
837,153	-64,49
837,532	70,31
837,912	13,94
838,291	6,59
838,67	40,9
839,049	146,29
839,428	-84,1
839,806	-49,79
840,185	16,39
840,564	28,65
840,943	1,69
841,321	116,88
841,7	11,49
842,078	-8,12
842,456	-106,16
842,835	-30,18
843,213	-8,12
843,591	11,49
843,969	58,06
844,347	-5,67
844,726	1,69
845,103	-22,82
845,481	-52,24
845,859	85,02
846,237	48,25
846,615	16,39
846,992	-84,1
847,37	-79,2
847,747	-8,12
848,125	55,61
848,502	50,71
848,88	-20,37
849,257	55,61
849,634	-17,92
850,011	55,61
850,388	43,35
850,765	6,59
851,142	-13,02
851,519	-10,57
851,896	-30,18
852,273	23,74
852,649	-37,53
853,026	-35,08
853,403	60,51
853,779	6,59
854,156	-44,88
854,532	60,51
854,908	97,27
855,285	65,41
855,661	33,55
856,037	-25,28
856,413	36
856,789	-86,55
857,165	-37,53
857,541	4,14
857,917	33,55
858,292	-62,04
858,668	16,39
859,044	87,47
859,419	23,74
859,795	58,06
860,17	-71,85
860,546	-32,63
860,921	-125,77
861,296	-59,59
861,671	-37,53
862,047	48,25
862,422	-25,28
862,797	33,55
863,172	-71,85
863,546	1,69
863,921	55,61
864,296	28,65
864,671	13,94
865,045	-22,82
865,42	94,82
865,794	-32,63
866,169	40,9
866,543	-69,39
866,917	6,59
867,292	-39,98
867,666	-3,22
868,04	26,2
868,414	-37,53
868,788	36
869,162	-17,92
869,536	6,59
869,91	-49,79
870,283	26,2
870,657	-10,57
871,031	80,12
871,404	-8,12
871,778	26,2
872,151	55,61
872,524	70,31
872,898	21,29
873,271	13,94
873,644	-47,34
874,017	-3,22
874,39	-44,88
874,763	-106,16
875,136	53,16
875,509	45,8
875,882	21,29
876,254	-0,77
876,627	-52,24
877	-39,98
877,372	77,67
877,745	-15,47
878,117	40,9
878,489	23,74
878,862	40,9
879,234	45,8
879,606	9,04
879,978	-27,73
880,35	-15,47
880,722	-5,67
881,094	72,76
881,466	-42,43
881,838	-10,57
882,209	43,35
882,581	-93,9
882,952	-25,28
883,324	-52,24
883,695	1,69
884,067	9,04
884,438	97,27
884,809	82,57
885,181	89,92
885,552	-44,88
885,923	31,1
886,294	21,29
886,665	-30,18
887,035	-22,82
887,406	-39,98
887,777	58,06
888,148	-64,49
888,518	-27,73
888,889	-0,77
889,259	-71,85
889,63	109,53
890	-59,59
890,37	-15,47
890,741	-37,53
891,111	77,67
891,481	-106,16
891,851	-13,02
892,221	-49,79
892,591	-3,22
892,961	70,31
893,33	-37,53
893,7	87,47
894,07	11,49
894,439	116,88
894,809	-108,61
895,178	62,96
895,548	-71,85
895,917	82,57
896,286	-81,65
896,655	-150,28
897,025	-103,71
897,394	-3,22
897,763	-0,77
898,132	4,14
898,5	26,2
898,869	-15,47
899,238	-44,88
899,607	-17,92
899,975	-30,18
900,344	-15,47
900,712	-30,18
901,081	-64,49
901,449	-8,12
901,817	-57,14
902,186	-15,47
902,554	-17,92
902,922	33,55
903,29	-62,04
903,658	6,59
904,026	87,47
904,394	-37,53
904,761	-5,67
905,129	13,94
905,497	-103,71
905,864	-52,24
906,232	82,57
906,599	121,78
906,967	-30,18
907,334	23,74
907,701	77,67
908,069	-10,57
908,436	4,14
908,803	75,22
909,17	-20,37
909,537	-66,94
909,904	85,02
910,27	-93,9
910,637	33,55
911,004	60,51
911,37	-13,02
911,737	-39,98
912,103	-0,77
912,47	-5,67
912,836	85,02
913,202	28,65
913,569	60,51
913,935	-42,43
914,301	-74,3
914,667	-5,67
915,033	-3,22
915,399	23,74
915,765	18,84
916,13	-64,49
916,496	62,96
916,862	138,94
917,227	-93,9
917,593	-8,12
917,958	92,37
918,324	38,45
918,689	-66,94
919,054	48,25
919,419	31,1
919,784	-20,37
920,149	-71,85
920,514	40,9
920,879	-8,12
921,244	-5,67
921,609	-22,82
921,974	-35,08
922,338	-79,2
922,703	40,9
923,067	-39,98
923,432	-35,08
923,796	-49,79
924,161	11,49
924,525	-35,08
924,889	36
925,253	-5,67
925,617	104,63
925,981	-47,34
926,345	-10,57
926,709	43,35
927,073	-20,37
927,437	-91,45
927,8	-32,63
928,164	70,31
928,527	-64,49
928,891	-111,06
929,254	31,1
929,618	-15,47
929,981	70,31
930,344	18,84
930,707	-74,3
931,07	-49,79
931,433	-39,98
931,796	-13,02
932,159	-47,34
932,522	-93,9
932,885	-37,53
933,248	-76,75
933,61	-52,24
933,973	-59,59
934,335	-157,63
934,698	-32,63
935,06	-71,85
935,422	-130,67
935,785	-42,43
936,147	-71,85
936,509	-13,02
936,871	-44,88
937,233	-0,77
937,595	-74,3
937,957	67,86
938,318	80,12
938,68	-35,08
939,042	-17,92
939,403	53,16
939,765	21,29
940,126	-106,16
940,487	-30,18
940,849	-44,88
941,21	18,84
941,571	-32,63
941,932	-62,04
942,293	60,51
942,654	-15,47
943,015	31,1
943,376	-3,22
943,737	116,88
944,098	23,74
944,458	48,25
944,819	-81,65
945,179	45,8
945,54	-27,73
945,9	38,45
946,26	-37,53
946,621	-15,47
946,981	-22,82
947,341	-42,43
947,701	-66,94
948,061	-59,59
948,421	-69,39
948,781	-62,04
949,141	11,49
949,5	1,69
949,86	31,1
950,22	-86,55
950,579	36
950,938	-0,77
951,298	-0,77
951,657	-30,18
952,016	70,31
952,376	-52,24
952,735	-32,63
953,094	45,8
953,453	31,1
953,812	-57,14
954,171	-20,37
954,529	16,39
954,888	60,51
955,247	-10,57
955,605	-62,04
955,964	-3,22
956,322	-3,22
956,681	-25,28
957,039	11,49
957,397	50,71
957,755	-79,2
958,114	-39,98
958,472	18,84
958,83	6,59
959,188	6,59
959,545	65,41
959,903	26,2
960,261	-37,53
960,619	-101,26
960,976	-74,3
961,334	62,96
961,691	-93,9
962,048	-47,34
962,406	9,04
962,763	18,84
963,12	111,98
963,477	33,55
963,834	-25,28
964,191	1,69
964,548	-66,94
964,905	-59,59
965,262	9,04
965,619	-98,81
965,975	80,12
966,332	-13,02
966,688	-17,92
967,045	-140,47
967,401	21,29
967,758	-59,59
968,114	48,25
968,47	23,74
968,826	-8,12
969,182	-62,04
969,538	-17,92
969,894	-52,24
970,25	-98,81
970,606	58,06
970,961	-17,92
971,317	-20,37
971,673	87,47
972,028	31,1
972,384	60,51
972,739	67,86
973,094	-42,43
973,45	-37,53
973,805	-91,45
974,16	-115,96
974,515	11,49
974,87	28,65
975,225	38,45
975,58	70,31
975,934	-27,73
976,289	-17,92
976,644	109,53
976,998	1,69
977,353	31,1
977,707	13,94
978,062	75,22
978,416	114,43
978,77	23,74
979,124	-64,49
979,478	-15,47
979,832	48,25
980,186	-32,63
980,54	-15,47
980,894	-30,18
981,248	67,86
981,601	153,65
981,955	-118,41
982,309	77,67
982,662	80,12
983,016	85,02
983,369	-25,28
983,722	26,2
984,075	-62,04
984,429	4,14
984,782	53,16
985,135	-39,98
985,488	75,22
985,841	102,18
986,193	77,67
986,546	33,55
986,899	21,29
987,251	-52,24
987,604	9,04
987,956	-37,53
988,309	4,14
988,661	102,18
989,013	-13,02
989,366	-47,34
989,718	53,16
990,07	92,37
990,422	4,14
990,774	31,1
991,126	-30,18
991,477	-39,98
991,829	23,74
992,181	-44,88
992,532	65,41
992,884	36
993,235	-62,04
993,587	62,96
993,938	23,74
994,289	26,2
994,641	-62,04
994,992	31,1
995,343	18,84
995,694	-15,47
996,045	-17,92
996,395	-10,57
996,746	-20,37
997,097	26,2
997,448	-74,3
997,798	-52,24
998,149	-81,65
998,499	1,69
998,849	77,67
999,2	-49,79
999,55	-37,53
999,9	-69,39
1000,25	40,9
1000,6	-71,85
1000,95	55,61
1001,3	-155,18
1001,65	-155,18
1002	-25,28
1002,349	11,49
1002,699	-22,82
1003,048	-47,34
1003,398	-81,65
1003,747	-30,18
1004,097	23,74
1004,446	9,04
1004,795	-59,59
1005,144	48,25
1005,493	50,71
1005,842	-15,47
1006,191	-52,24
1006,54	6,59
1006,889	-62,04
1007,238	-74,3
1007,586	43,35
1007,935	1,69
1008,283	23,74
1008,632	16,39
1008,98	-0,77
1009,329	-15,47
1009,677	-3,22
1010,025	-20,37
1010,373	-20,37
1010,721	-86,55
1011,069	53,16
1011,417	65,41
1011,765	6,59
1012,113	11,49
1012,46	-35,08
1012,808	-49,79
1013,156	-91,45
1013,503	-0,77
1013,85	31,1
1014,198	-74,3
1014,545	-62,04
1014,892	-3,22
1015,239	-42,43
1015,587	-44,88
1015,934	-5,67
1016,28	36
1016,627	11,49
1016,974	-25,28
1017,321	48,25
1017,668	62,96
1018,014	18,84
1018,361	-128,22
1018,707	48,25
1019,054	-76,75
1019,4	-103,71
1019,746	36
1020,092	31,1
1020,438	55,61
1020,784	-25,28
1021,13	-59,59
1021,476	-17,92
1021,822	50,71
1022,168	50,71
1022,514	50,71
